n=6
V=[0, 1, 2, 3, 4, 5]
total successes of this branch: 2
Matrix on 6 elements:

0    0.00000000  2.00814503  1.94484767  1.59511221  1.29109613  0.72750086
1    2.00814503  0.00000000  1.95925942  1.93048614  1.95195115  1.99840880
2    1.94484767  1.95925942  0.00000000  1.94712854  1.94649810  1.64210050
3    1.59511221  1.93048614  1.94712854  0.00000000  0.79921991  1.66522100
4    1.29109613  1.95195115  1.94649810  0.79921991  0.00000000  1.42162825
5    0.72750086  1.99840880  1.64210050  1.66522100  1.42162825  0.00000000

--------------------------------------------------------------------------------
n=5
(result of R-step: (0,2:5)0.80083654)
V=[0, 1, 2, 3, 4]
total successes of this branch: 2
Matrix on 5 elements:

0    0.00000000  1.79576818  1.52009399  1.38273537  1.07871929
1    1.79576818  0.00000000  1.74688258  1.93048614  1.95195115
2    1.52009399  1.74688258  0.00000000  1.73475169  1.73412126
3    1.38273537  1.93048614  1.73475169  0.00000000  0.79921991
4    1.07871929  1.95195115  1.73412126  0.79921991  0.00000000

--------------------------------------------------------------------------------
n=4
(result of R-step: (0,1:2)0.06788551)
V=[0, 1, 3, 4]
total successes of this branch: 1
Matrix on 4 elements:

0    0.00000000  0.80383336  1.34751029  1.04349422
1    0.80383336  0.00000000  0.97377639  0.99524140
3    1.34751029  0.97377639  0.00000000  0.79921991
4    1.04349422  0.99524140  0.79921991  0.00000000

--------------------------------------------------------------------------------
n=4
(result of R-step: (0,3:4)0.27640127)
V=[0, 1, 2, 3]
total successes of this branch: 1
Matrix on 4 elements:

0    0.00000000  1.76054311  1.48486891  1.09990838
1    1.76054311  0.00000000  1.74688258  1.68288422
2    1.48486891  1.74688258  0.00000000  1.48714978
3    1.09990838  1.68288422  1.48714978  0.00000000
