n=6
V=[0, 1, 2, 3, 4, 5]
total successes of this branch: 2
Matrix on 6 elements:

0    0.00000000  1.44579474  1.23237282  1.27858934  1.09383919  1.26125561
1    1.44579474  0.00000000  1.34615827  0.93720126  1.06339281  1.20359474
2    1.23237282  1.34615827  0.00000000  1.31800560  1.29675851  0.43528542
3    1.27858934  0.93720126  1.31800560  0.00000000  0.71873555  1.26647064
4    1.09383919  1.06339281  1.29675851  0.71873555  0.00000000  1.26517669
5    1.26125561  1.20359474  0.43528542  1.26647064  1.26517669  0.00000000

--------------------------------------------------------------------------------
n=5
(result of R-step: (1,2:5)0.13533188)
V=[0, 1, 2, 3, 4]
total successes of this branch: 2
Matrix on 5 elements:

0    0.00000000  1.29943379  1.08601187  1.27858934  1.09383919
1    1.29943379  0.00000000  1.05343638  0.79084031  0.91703186
2    1.08601187  1.05343638  0.00000000  1.17164466  1.15039756
3    1.27858934  0.79084031  1.17164466  0.00000000  0.71873555
4    1.09383919  0.91703186  1.15039756  0.71873555  0.00000000

--------------------------------------------------------------------------------
n=4
(result of R-step: (0,1:2)0.47416811)
V=[0, 1, 3, 4]
total successes of this branch: 1
Matrix on 4 elements:

0    0.00000000  0.75882037  1.01159665  0.82684649
1    0.75882037  0.00000000  0.51721959  0.64341114
3    1.01159665  0.51721959  0.00000000  0.71873555
4    0.82684649  0.64341114  0.71873555  0.00000000

--------------------------------------------------------------------------------
n=4
(result of R-step: (2,4:0)0.56066126)
V=[1, 2, 3, 4]
total successes of this branch: 1
Matrix on 4 elements:

1    0.00000000  0.80848236  0.79084031  0.75436621
2    0.80848236  0.00000000  0.92669064  0.74277790
3    0.79084031  0.92669064  0.00000000  0.55606990
4    0.75436621  0.74277790  0.55606990  0.00000000
