n=6
V=[0, 1, 2, 3, 4, 5]
total successes of this branch: 2
Matrix on 6 elements:

0    0.00000000  1.10129961  0.54322768  0.78304695  0.44174331  0.69960117
1    1.10129961  0.00000000  0.96072850  0.63021883  1.00043588  0.68058766
2    0.54322768  0.96072850  0.00000000  0.79239565  0.28543953  0.76575415
3    0.78304695  0.63021883  0.79239565  0.00000000  0.78975491  0.08605564
4    0.44174331  1.00043588  0.28543953  0.78975491  0.00000000  0.75254486
5    0.69960117  0.68058766  0.76575415  0.08605564  0.75254486  0.00000000

--------------------------------------------------------------------------------
n=5
(result of R-step: (0,3:5)0.10692186)
V=[0, 1, 2, 3, 4]
total successes of this branch: 2
Matrix on 5 elements:

0    0.00000000  1.09999468  0.54192275  0.78043710  0.44043838
1    1.09999468  0.00000000  0.96072850  0.62891390  1.00043588
2    0.54192275  0.96072850  0.00000000  0.79109072  0.28543953
3    0.78043710  0.62891390  0.79109072  0.00000000  0.78844998
4    0.44043838  1.00043588  0.28543953  0.78844998  0.00000000

--------------------------------------------------------------------------------
n=4
(result of R-step: (0,1:3)0.29993341)
V=[0, 1, 2, 4]
total successes of this branch: 1
Matrix on 4 elements:

0    0.00000000  0.76433627  0.45125010  0.34976573
1    0.76433627  0.00000000  0.71574274  0.75545012
2    0.45125010  0.71574274  0.00000000  0.28543953
4    0.34976573  0.75545012  0.28543953  0.00000000

--------------------------------------------------------------------------------
n=4
(result of R-step: (0,2:4)0.28247185)
V=[0, 1, 2, 3]
total successes of this branch: 1
Matrix on 4 elements:

0    0.00000000  1.00932203  0.35927252  0.68976445
1    1.00932203  0.00000000  0.86875092  0.62891390
2    0.35927252  0.86875092  0.00000000  0.69911315
3    0.68976445  0.62891390  0.69911315  0.00000000
