n=6
V=[0, 1, 2, 3, 4, 5]
total successes of this branch: 2
Matrix on 6 elements:

0    0.00000000  2.54826974  2.39770947  2.30651055  2.43709569  1.76728068
1    2.54826974  0.00000000  2.34334174  2.09366106  2.13086148  2.41934173
2    2.39770947  2.34334174  0.00000000  2.36221668  1.74358124  1.32823647
3    2.30651055  2.09366106  2.36221668  0.00000000  2.29196316  2.34155740
4    2.43709569  2.13086148  1.74358124  2.29196316  0.00000000  2.00077932
5    1.76728068  2.41934173  1.32823647  2.34155740  2.00077932  0.00000000

--------------------------------------------------------------------------------
n=5
(result of R-step: (0,2:5)0.37086189)
V=[0, 1, 2, 3, 4]
total successes of this branch: 2
Matrix on 5 elements:

0    0.00000000  2.19936591  1.69990180  1.95760671  2.08819185
1    2.19936591  0.00000000  1.99443791  2.09366106  2.13086148
2    1.69990180  1.99443791  0.00000000  2.01331284  1.39467741
3    1.95760671  2.09366106  2.01331284  0.00000000  2.29196316
4    2.08819185  2.13086148  1.39467741  2.29196316  0.00000000

--------------------------------------------------------------------------------
n=4
(result of R-step: (0,4:2)0.35304184)
V=[0, 1, 3, 4]
total successes of this branch: 1
Matrix on 4 elements:

0    0.00000000  1.47772686  1.23596767  0.73431191
1    1.47772686  0.00000000  2.09366106  1.49862058
3    1.23596767  2.09366106  0.00000000  1.65972227
4    0.73431191  1.49862058  1.65972227  0.00000000

--------------------------------------------------------------------------------
n=4
(result of R-step: (1,2:4)0.26159764)
V=[0, 1, 2, 3]
total successes of this branch: 1
Matrix on 4 elements:

0    0.00000000  1.43381542  1.28325515  1.95760671
1    1.43381542  0.00000000  0.81224076  1.32811057
2    1.28325515  0.81224076  0.00000000  1.59666619
3    1.95760671  1.32811057  1.59666619  0.00000000
