n=6
V=[0, 1, 2, 3, 4, 5]
total successes of this branch: 2
Matrix on 6 elements:

0    0.00000000  1.81340557  1.75213284  1.56959782  1.01267239  1.39686608
1    1.81340557  0.00000000  1.81194636  1.81320260  1.81331656  1.81323795
2    1.75213284  1.81194636  0.00000000  1.72264054  1.73919898  1.72777618
3    1.56959782  1.81320260  1.72264054  0.00000000  1.13458131  0.40124568
4    1.01267239  1.81331656  1.73919898  1.13458131  0.00000000  0.80487693
5    1.39686608  1.81323795  1.72777618  0.40124568  0.80487693  0.00000000

--------------------------------------------------------------------------------
n=5
(result of R-step: (3,4:5)0.68984763)
V=[0, 1, 2, 3, 4]
total successes of this branch: 2
Matrix on 5 elements:

0    0.00000000  1.81340557  1.75213284  1.53382717  0.97690174
1    1.81340557  0.00000000  1.81194636  1.77743195  1.77754591
2    1.75213284  1.81194636  0.00000000  1.68686989  1.70342833
3    1.53382717  1.77743195  1.68686989  0.00000000  1.06304000
4    0.97690174  1.77754591  1.70342833  1.06304000  0.00000000

--------------------------------------------------------------------------------
n=4
(result of R-step: (0,3:4)0.56144962)
V=[0, 1, 2, 3]
total successes of this branch: 1
Matrix on 4 elements:

0    0.00000000  1.52457764  1.46330491  0.99194196
1    1.52457764  0.00000000  1.81194636  1.52437467
2    1.46330491  1.81194636  0.00000000  1.43381261
3    0.99194196  1.52437467  1.43381261  0.00000000

--------------------------------------------------------------------------------
n=4
(result of R-step: (1,3:2)0.97046670)
V=[0, 1, 3, 4]
total successes of this branch: 1
Matrix on 4 elements:

0    0.00000000  0.87959260  1.28076989  0.97690174
1    0.87959260  0.00000000  0.59056169  0.84373293
3    1.28076989  0.59056169  0.00000000  0.80998272
4    0.97690174  0.84373293  0.80998272  0.00000000
