n=6
V=[0, 1, 2, 3, 4, 5]
total successes of this branch: 1
Matrix on 6 elements:

0    0.00000000  1.12488209  1.11843952  1.07158923  1.11426259  0.68989423
1    1.12488209  0.00000000  0.98397047  1.01997416  0.98718037  0.86153521
2    1.11843952  0.98397047  0.00000000  1.02926885  0.64401318  1.06773030
3    1.07158923  1.01997416  1.02926885  0.00000000  0.99155952  1.05212483
4    1.11426259  0.98718037  0.64401318  0.99155952  0.00000000  1.06633900
5    0.68989423  0.86153521  1.06773030  1.05212483  1.06633900  0.00000000

--------------------------------------------------------------------------------
n=5
(result of R-step: (0,1:5)0.62289305)
V=[0, 1, 2, 3, 4]
total successes of this branch: 1
Matrix on 5 elements:

0    0.00000000  0.69833473  0.90516584  0.85831555  0.90098891
1    0.69833473  0.00000000  0.77069679  0.80670048  0.77390669
2    0.90516584  0.77069679  0.00000000  1.02926885  0.64401318
3    0.85831555  0.80670048  1.02926885  0.00000000  0.99155952
4    0.90098891  0.77390669  0.64401318  0.99155952  0.00000000

--------------------------------------------------------------------------------
n=4
(result of R-step: (0,2:4)0.41503920)
V=[0, 1, 2, 3]
total successes of this branch: 0
Matrix on 4 elements:

0    0.00000000  0.29083179  0.29671706  0.45081261
1    0.29083179  0.00000000  0.56975095  0.80670048
2    0.29671706  0.56975095  0.00000000  0.82832301
3    0.45081261  0.80670048  0.82832301  0.00000000
reason of abort: no pseudometric

--------------------------------------------------------------------------------
n=4
(result of R-step: (2,3:4)0.91084527)
V=[0, 1, 2, 3]
total successes of this branch: 1
Matrix on 4 elements:

0    0.00000000  0.69833473  0.60201391  0.55516363
1    0.69833473  0.00000000  0.46754487  0.50354856
2    0.60201391  0.46754487  0.00000000  0.42296501
3    0.55516363  0.50354856  0.42296501  0.00000000
