n=6
V=[0, 1, 2, 3, 4, 5]
total successes of this branch: 0
Matrix on 6 elements:

0    0.00000000  0.94683060  0.86281649  0.82235239  0.85628235  0.21306502
1    0.94683060  0.00000000  0.92425674  0.78013114  0.90098336  0.90930307
2    0.86281649  0.92425674  0.00000000  0.89799108  0.64045129  0.87073502
3    0.82235239  0.78013114  0.89799108  0.00000000  0.84839479  0.64533986
4    0.85628235  0.90098336  0.64045129  0.84839479  0.00000000  0.85450670
5    0.21306502  0.90930307  0.87073502  0.64533986  0.85450670  0.00000000
reason of abort: no candidate

--------------------------------------------------------------------------------
n=5
(result of R-step: (1,2:4)0.21331198)
V=[0, 1, 2, 3, 5]
total successes of this branch: 0
Matrix on 5 elements:

0    0.00000000  0.48193171  0.56552480  0.82235239  0.21306502
1    0.48193171  0.00000000  0.16206616  0.31523225  0.44440418
2    0.56552480  0.16206616  0.00000000  0.60069940  0.57344334
3    0.82235239  0.31523225  0.60069940  0.00000000  0.64533986
5    0.21306502  0.44440418  0.57344334  0.64533986  0.00000000
reason of abort: no pseudometric
