n=6
V=[0, 1, 2, 3, 4, 5]
total successes of this branch: 2
Matrix on 6 elements:

0    0.00000000  1.71430956  1.55615190  1.33309715  1.56930125  1.59691625
1    1.71430956  0.00000000  1.70835603  1.68236115  1.67434899  1.20085592
2    1.55615190  1.70835603  0.00000000  1.56792136  1.33333350  1.66510956
3    1.33309715  1.68236115  1.56792136  0.00000000  1.57743597  1.46810262
4    1.56930125  1.67434899  1.33333350  1.57743597  0.00000000  1.64450490
5    1.59691625  1.20085592  1.66510956  1.46810262  1.64450490  0.00000000

--------------------------------------------------------------------------------
n=5
(result of R-step: (1,3:5)0.69205276)
V=[0, 1, 2, 3, 4]
total successes of this branch: 2
Matrix on 5 elements:

0    0.00000000  1.22101087  1.55615190  0.83979846  1.56930125
1    1.22101087  0.00000000  1.21505733  0.69576377  1.18105030
2    1.55615190  1.21505733  0.00000000  1.07462267  1.33333350
3    0.83979846  0.69576377  1.07462267  0.00000000  1.08413728
4    1.56930125  1.18105030  1.33333350  1.08413728  0.00000000

--------------------------------------------------------------------------------
n=4
(result of R-step: (0,1:3)0.92292162)
V=[0, 1, 2, 4]
total successes of this branch: 1
Matrix on 4 elements:

0    0.00000000  0.41403683  0.90554240  0.91869175
1    0.41403683  0.00000000  1.05869279  1.02468576
2    0.90554240  1.05869279  0.00000000  1.33333350
4    0.91869175  1.02468576  1.33333350  0.00000000

--------------------------------------------------------------------------------
n=4
(result of R-step: (1,2:4)0.08314077)
V=[0, 1, 2, 3]
total successes of this branch: 1
Matrix on 4 elements:

0    0.00000000  1.06464632  0.90648866  0.83979846
1    1.06464632  0.00000000  0.40902955  0.53939922
2    0.90648866  0.40902955  0.00000000  0.42495943
3    0.83979846  0.53939922  0.42495943  0.00000000
