n=6
V=[0, 1, 2, 3, 4, 5]
total successes of this branch: 2
Matrix on 6 elements:

0    0.00000000  1.83399518  1.65228426  1.70143230  1.67307345  1.73040333
1    1.83399518  0.00000000  1.55014129  1.42380020  1.49670012  1.15028394
2    1.65228426  1.55014129  0.00000000  1.20937209  0.84628582  1.28384568
3    1.70143230  1.42380020  1.20937209  0.00000000  0.94320227  0.44578671
4    1.67307345  1.49670012  0.84628582  0.94320227  0.00000000  1.06416677
5    1.73040333  1.15028394  1.28384568  0.44578671  1.06416677  0.00000000

--------------------------------------------------------------------------------
n=5
(result of R-step: (1,3:5)0.21854556)
V=[0, 1, 2, 3, 4]
total successes of this branch: 2
Matrix on 5 elements:

0    0.00000000  1.74785996  1.65228426  1.61529708  1.67307345
1    1.74785996  0.00000000  1.46400607  1.25152976  1.41056490
2    1.65228426  1.46400607  0.00000000  1.12323686  0.84628582
3    1.61529708  1.25152976  1.12323686  0.00000000  0.85706705
4    1.67307345  1.41056490  0.84628582  0.85706705  0.00000000

--------------------------------------------------------------------------------
n=4
(result of R-step: (0,3:1)0.74132065)
V=[0, 2, 3, 4]
total successes of this branch: 1
Matrix on 4 elements:

0    0.00000000  0.72054135  0.47963139  0.74133054
2    0.72054135  0.00000000  0.91931408  0.84628582
3    0.47963139  0.91931408  0.00000000  0.65314427
4    0.74133054  0.84628582  0.65314427  0.00000000

--------------------------------------------------------------------------------
n=4
(result of R-step: (2,3:4)0.57700876)
V=[0, 1, 2, 3]
total successes of this branch: 1
Matrix on 4 elements:

0    0.00000000  1.74785996  1.36222625  1.41137430
1    1.74785996  0.00000000  1.17394807  1.04760698
2    1.36222625  1.17394807  0.00000000  0.62925608
3    1.41137430  1.04760698  0.62925608  0.00000000
