n=6
V=[0, 1, 2, 3, 4, 5]
total successes of this branch: 2
Matrix on 6 elements:

0    0.00000000  1.72784652  1.71121035  1.62439887  1.65151421  1.71063028
1    1.72784652  0.00000000  1.62021841  1.66558267  1.22992457  1.62052153
2    1.71121035  1.62021841  0.00000000  1.59205892  1.63231344  0.97195356
3    1.62439887  1.66558267  1.59205892  0.00000000  1.66010835  1.58788755
4    1.65151421  1.22992457  1.63231344  1.66010835  0.00000000  1.63249916
5    1.71063028  1.62052153  0.97195356  1.58788755  1.63249916  0.00000000

--------------------------------------------------------------------------------
n=5
(result of R-step: (0,1:4)0.13292424)
V=[0, 1, 2, 3, 5]
total successes of this branch: 2
Matrix on 5 elements:

0    0.00000000  0.57425426  1.13441422  1.04760274  1.13383415
1    0.57425426  0.00000000  1.04342228  1.08878654  1.04372540
2    1.13441422  1.04342228  0.00000000  1.59205892  0.97195356
3    1.04760274  1.08878654  1.59205892  0.00000000  1.58788755
5    1.13383415  1.04372540  0.97195356  1.58788755  0.00000000

--------------------------------------------------------------------------------
n=4
(result of R-step: (1,3:0)0.80261700)
V=[1, 2, 3, 5]
total successes of this branch: 1
Matrix on 4 elements:

1    0.00000000  0.80878614  0.37025931  0.80908926
2    0.80878614  0.00000000  1.10816783  0.97195356
3    0.37025931  1.10816783  0.00000000  1.10399646
5    0.80908926  0.97195356  1.10399646  0.00000000

--------------------------------------------------------------------------------
n=4
(result of R-step: (1,5:2)0.05938110)
V=[0, 1, 3, 5]
total successes of this branch: 1
Matrix on 4 elements:

0    0.00000000  0.33961812  1.04760274  0.66809428
1    0.33961812  0.00000000  0.85415040  0.34334938
3    1.04760274  0.85415040  0.00000000  1.12214767
5    0.66809428  0.34334938  1.12214767  0.00000000
