n=6
V=[0, 1, 2, 3, 4, 5]
total successes of this branch: 2
Matrix on 6 elements:

0    0.00000000  1.35367054  1.34751803  0.68056699  0.89533224  0.43479874
1    1.35367054  0.00000000  1.33742152  1.35318196  1.34810694  1.15684260
2    1.34751803  1.33742152  0.00000000  1.32684241  1.09699404  1.34573684
3    0.68056699  1.35318196  1.32684241  0.00000000  0.84289926  0.79922743
4    0.89533224  1.34810694  1.09699404  0.84289926  0.00000000  0.97520920
5    0.43479874  1.15684260  1.34573684  0.79922743  0.97520920  0.00000000

--------------------------------------------------------------------------------
n=5
(result of R-step: (0,1:5)0.82358342)
V=[0, 1, 2, 3, 4]
total successes of this branch: 2
Matrix on 5 elements:

0    0.00000000  1.11569974  1.22853263  0.56158159  0.77634683
1    1.11569974  0.00000000  1.21843612  1.23419656  1.22912153
2    1.22853263  1.21843612  0.00000000  1.32684241  1.09699404
3    0.56158159  1.23419656  1.32684241  0.00000000  0.84289926
4    0.77634683  1.22912153  1.09699404  0.84289926  0.00000000

--------------------------------------------------------------------------------
n=4
(result of R-step: (0,4:3)0.91759058)
V=[0, 1, 2, 4]
total successes of this branch: 1
Matrix on 4 elements:

0    0.00000000  0.90402935  1.01686225  0.43495272
1    0.90402935  0.00000000  1.21843612  1.09939780
2    1.01686225  1.21843612  0.00000000  0.96727030
4    0.43495272  1.09939780  0.96727030  0.00000000

--------------------------------------------------------------------------------
n=4
(result of R-step: (1,4:2)0.61137210)
V=[0, 1, 3, 4]
total successes of this branch: 1
Matrix on 4 elements:

0    0.00000000  0.71001365  0.56158159  0.64662310
1    0.71001365  0.00000000  0.82851048  0.69371171
3    0.56158159  0.82851048  0.00000000  0.71317553
4    0.64662310  0.69371171  0.71317553  0.00000000
