n=6
V=[0, 1, 2, 3, 4, 5]
total successes of this branch: 2
Matrix on 6 elements:

0    0.00000000  1.60671548  1.15469332  1.30303043  0.85029381  1.03385368
1    1.60671548  0.00000000  1.58193125  1.39074842  1.60006494  1.58912991
2    1.15469332  1.58193125  0.00000000  1.19052975  1.04305462  0.46768744
3    1.30303043  1.39074842  1.19052975  0.00000000  1.27284227  1.22320594
4    0.85029381  1.60006494  1.04305462  1.27284227  0.00000000  0.66428356
5    1.03385368  1.58912991  0.46768744  1.22320594  0.66428356  0.00000000

--------------------------------------------------------------------------------
n=5
(result of R-step: (2,4:5)0.60302287)
V=[0, 1, 2, 3, 4]
total successes of this branch: 2
Matrix on 5 elements:

0    0.00000000  1.60671548  1.11023513  1.30303043  0.80583562
1    1.60671548  0.00000000  1.53747306  1.39074842  1.55560675
2    1.11023513  1.53747306  0.00000000  1.14607156  0.95413825
3    1.30303043  1.39074842  1.14607156  0.00000000  1.22838408
4    0.80583562  1.55560675  0.95413825  1.22838408  0.00000000

--------------------------------------------------------------------------------
n=4
(result of R-step: (0,2:4)0.73166240)
V=[0, 1, 2, 3]
total successes of this branch: 1
Matrix on 4 elements:

0    0.00000000  1.23738792  0.41603821  0.93370287
1    1.23738792  0.00000000  1.21260369  1.39074842
2    0.41603821  1.21260369  0.00000000  0.82120220
3    0.93370287  1.39074842  0.82120220  0.00000000

--------------------------------------------------------------------------------
n=4
(result of R-step: (1,2:3)0.77580689)
V=[0, 1, 2, 4]
total successes of this branch: 1
Matrix on 4 elements:

0    0.00000000  0.80855607  0.78536577  0.80583562
1    0.80855607  0.00000000  0.41444429  0.75744734
2    0.78536577  0.41444429  0.00000000  0.62926888
4    0.80583562  0.75744734  0.62926888  0.00000000
