n=7
V=[0, 1, 2, 3, 4, 5, 6]
total successes of this branch: 2
Matrix on 7 elements:

0    0.00000000  2.13368961  2.30846330  1.47367504  1.05274835  1.63763718  1.83817287
1    2.13368961  0.00000000  2.06389220  1.54107266  1.98421895  0.61031275  1.04843468
2    2.30846330  2.06389220  0.00000000  1.19754337  2.14513204  1.75682149  2.07539851
3    1.47367504  1.54107266  1.19754337  0.00000000  1.31030561  1.18326666  1.47015352
4    1.05274835  1.98421895  2.14513204  1.31030561  0.00000000  1.46860063  1.61502273
5    1.63763718  0.61031275  1.75682149  1.18326666  1.46860063  0.00000000  0.46620762
6    1.83817287  1.04843468  2.07539851  1.47015352  1.61502273  0.46620762  0.00000000

--------------------------------------------------------------------------------
n=6
(result of R-step: (0,2:3)0.26846667)
V=[0, 1, 2, 4, 5, 6]
total successes of this branch: 0
Matrix on 6 elements:

0    0.00000000  1.52557871  0.93527739  0.44463745  1.02952628  1.23006197
1    1.52557871  0.00000000  1.29881720  1.98421895  0.61031275  1.04843468
2    0.93527739  1.29881720  0.00000000  1.38005704  0.99174648  1.31032351
4    0.44463745  1.98421895  1.38005704  0.00000000  1.46860063  1.61502273
5    1.02952628  0.61031275  0.99174648  1.46860063  0.00000000  0.46620762
6    1.23006197  1.04843468  1.31032351  1.61502273  0.46620762  0.00000000
reason of abort: no pseudometric

--------------------------------------------------------------------------------
n=6
(result of R-step: (4,5:6)0.12129204)
V=[0, 1, 2, 3, 4, 5]
total successes of this branch: 2
Matrix on 6 elements:

0    0.00000000  2.13368961  2.30846330  1.47367504  0.83396391  1.62819149
1    2.13368961  0.00000000  2.06389220  1.54107266  1.76543451  0.60086706
2    2.30846330  2.06389220  0.00000000  1.19754337  1.92634760  1.74737580
3    1.47367504  1.54107266  1.19754337  0.00000000  1.09152117  1.17382097
4    0.83396391  1.76543451  1.92634760  1.09152117  0.00000000  1.24037050
5    1.62819149  0.60086706  1.74737580  1.17382097  1.24037050  0.00000000

--------------------------------------------------------------------------------
n=5
(result of R-step: (0,2:3)0.26846667)
V=[0, 1, 2, 4, 5]
total successes of this branch: 0
Matrix on 5 elements:

0    0.00000000  1.52557871  0.93527739  0.22585300  1.02008059
1    1.52557871  0.00000000  1.29881720  1.76543451  0.60086706
2    0.93527739  1.29881720  0.00000000  1.16127260  0.98230080
4    0.22585300  1.76543451  1.16127260  0.00000000  1.24037050
5    1.02008059  0.60086706  0.98230080  1.24037050  0.00000000
reason of abort: no pseudometric

--------------------------------------------------------------------------------
n=5
(result of R-step: (1,4:5)0.83739048)
V=[0, 1, 2, 3, 4]
total successes of this branch: 2
Matrix on 5 elements:

0    0.00000000  1.77069233  2.30846330  1.47367504  0.66127170
1    1.77069233  0.00000000  1.70089492  1.17807538  1.22974501
2    2.30846330  1.70089492  0.00000000  1.19754337  1.75365539
3    1.47367504  1.17807538  1.19754337  0.00000000  0.91882896
4    0.66127170  1.22974501  1.75365539  0.91882896  0.00000000

--------------------------------------------------------------------------------
n=4
(result of R-step: (0,2:3)0.26846667)
V=[0, 1, 2, 4]
total successes of this branch: 0
Matrix on 4 elements:

0    0.00000000  1.16258142  0.93527739  0.05316079
1    1.16258142  0.00000000  0.93581992  1.22974501
2    0.93527739  0.93581992  0.00000000  0.98858039
4    0.05316079  1.22974501  0.98858039  0.00000000
reason of abort: no pseudometric

--------------------------------------------------------------------------------
n=4
(result of R-step: (0,2:4)0.93263955)
V=[0, 1, 2, 3]
total successes of this branch: 0
Matrix on 4 elements:

0    0.00000000  1.21205298  0.73337475  0.91503569
1    1.21205298  0.00000000  0.68444573  1.17807538
2    0.73337475  0.68444573  0.00000000  0.18109418
3    0.91503569  1.17807538  0.18109418  0.00000000
reason of abort: no pseudometric

--------------------------------------------------------------------------------
n=4
(result of R-step: (0,3:4)0.97325774)
V=[0, 1, 2, 3]
total successes of this branch: 1
Matrix on 4 elements:

0    0.00000000  1.18145391  1.71922488  0.70377287
1    1.18145391  0.00000000  1.70089492  0.99741162
2    1.71922488  1.70089492  0.00000000  1.01687961
3    0.70377287  0.99741162  1.01687961  0.00000000

--------------------------------------------------------------------------------
n=4
(result of R-step: (2,4:3)0.73472988)
V=[0, 1, 2, 4]
total successes of this branch: 1
Matrix on 4 elements:

0    0.00000000  1.77069233  1.53934490  0.60811176
1    1.77069233  0.00000000  0.93177652  1.17658508
2    1.53934490  0.93177652  0.00000000  0.93137705
4    0.60811176  1.17658508  0.93137705  0.00000000
