n=7
V=[0, 1, 2, 3, 4, 5, 6]
total successes of this branch: 0
Matrix on 7 elements:

0    0.00000000  1.45675107  1.15747953  0.79352899  1.05395740  1.54128153  1.20364840
1    1.45675107  0.00000000  1.24485244  1.17272013  1.27315669  0.76453881  0.34945675
2    1.15747953  1.24485244  0.00000000  0.80072452  0.71711186  1.38774646  1.20643182
3    0.79352899  1.17272013  0.80072452  0.00000000  0.64279006  1.28584734  1.07255648
4    1.05395740  1.27315669  0.71711186  0.64279006  0.00000000  1.40260380  1.20684418
5    1.54128153  0.76453881  1.38774646  1.28584734  1.40260380  0.00000000  0.90894814
6    1.20364840  0.34945675  1.20643182  1.07255648  1.20684418  0.90894814  0.00000000
reason of abort: 

--------------------------------------------------------------------------------
n=6
(result of R-step: (2,3:4)0.54825860)
V=[0, 1, 2, 3, 5, 6]
total successes of this branch: 0
Matrix on 6 elements:

0    0.00000000  1.45675107  0.88890003  0.63536709  1.54128153  1.20364840
1    1.45675107  0.00000000  0.97627294  1.01455822  0.76453881  0.34945675
2    0.88890003  0.97627294  0.00000000  0.37398311  1.11916695  0.93785231
3    0.63536709  1.01455822  0.37398311  0.00000000  1.12768544  0.91439458
5    1.54128153  0.76453881  1.11916695  1.12768544  0.00000000  0.90894814
6    1.20364840  0.34945675  0.93785231  0.91439458  0.90894814  0.00000000
reason of abort: no candidate

--------------------------------------------------------------------------------
n=5
(result of R-step: (3,5:2)0.74754764)
V=[0, 1, 3, 5, 6]
total successes of this branch: 0
Matrix on 5 elements:

0    0.00000000  1.45675107  0.59225040  1.04349323  1.20364840
1    1.45675107  0.00000000  0.97144154  0.26675052  0.34945675
3    0.59225040  0.97144154  0.00000000  0.58678045  0.87127789
5    1.04349323  0.26675052  0.58678045  0.00000000  0.41115984
6    1.20364840  0.34945675  0.87127789  0.41115984  0.00000000
reason of abort: no pseudometric
