n=7
V=[0, 1, 2, 3, 4, 5, 6]
total successes of this branch: 0
Matrix on 7 elements:

0    0.00000000  2.14257139  2.26237442  2.21528964  1.55378349  2.04171427  2.02481400
1    2.14257139  0.00000000  1.62304155  1.08805317  1.36238683  0.70840458  1.04138507
2    2.26237442  1.62304155  0.00000000  1.66852563  1.69708388  1.51070068  1.17980770
3    2.21528964  1.08805317  1.66852563  0.00000000  1.49203278  0.78020691  0.66104132
4    1.55378349  1.36238683  1.69708388  1.49203278  0.00000000  1.28553425  1.34811705
5    2.04171427  0.70840458  1.51070068  0.78020691  1.28553425  0.00000000  0.79116320
6    2.02481400  1.04138507  1.17980770  0.66104132  1.34811705  0.79116320  0.00000000
reason of abort: 

--------------------------------------------------------------------------------
n=6
(result of R-step: (2,3:6)0.29474581)
V=[0, 1, 2, 3, 4, 5]
total successes of this branch: 0
Matrix on 6 elements:

0    0.00000000  2.14257139  1.91050056  1.95041772  1.55378349  2.04171427
1    2.14257139  0.00000000  1.27116770  0.82318125  1.36238683  0.70840458
2    1.91050056  1.27116770  0.00000000  1.05177985  1.34521003  1.15882683
3    1.95041772  0.82318125  1.05177985  0.00000000  1.22716086  0.51533499
4    1.55378349  1.36238683  1.34521003  1.22716086  0.00000000  1.28553425
5    2.04171427  0.70840458  1.15882683  0.51533499  1.28553425  0.00000000
reason of abort: no candidate

--------------------------------------------------------------------------------
n=5
(result of R-step: (2,4:0)0.67640721)
V=[1, 2, 3, 4, 5]
total successes of this branch: 0
reason of abort: negative delta/dxy
