n=8
V=[0, 1, 2, 3, 4, 5, 6, 7]
total successes of this branch: 2
Matrix on 8 elements:

0    0.00000000  1.45175008  1.44676972  1.10760607  1.45100018  1.27876974  1.28592136  1.44862536
1    1.45175008  0.00000000  1.03216951  1.27615785  0.78859502  1.03313375  0.99720322  0.69686493
2    1.44676972  1.03216951  0.00000000  1.20268222  0.98899252  1.09616929  1.09352331  0.46754733
3    1.10760607  1.27615785  1.20268222  0.00000000  1.26509441  0.74099433  0.76311988  1.23005857
4    1.45100018  0.78859502  0.98899252  1.26509441  0.00000000  0.74424053  0.74607430  0.91432622
5    1.27876974  1.03313375  1.09616929  0.74099433  0.74424053  0.00000000  0.19999186  1.07268282
6    1.28592136  0.99720322  1.09352331  0.76311988  0.74607430  0.19999186  0.00000000  1.05763532
7    1.44862536  0.69686493  0.46754733  1.23005857  0.91432622  1.07268282  1.05763532  0.00000000

--------------------------------------------------------------------------------
n=7
(result of R-step: (1,2:7)0.37259096)
V=[0, 1, 2, 3, 4, 5, 6]
total successes of this branch: 2
Matrix on 7 elements:

0    0.00000000  1.38562870  1.38064834  1.10760607  1.45100018  1.27876974  1.28592136
1    1.38562870  0.00000000  0.89992675  1.21003647  0.72247364  0.96701237  0.93108184
2    1.38064834  0.89992675  0.00000000  1.13656084  0.92287114  1.03004791  1.02740193
3    1.10760607  1.21003647  1.13656084  0.00000000  1.26509441  0.74099433  0.76311988
4    1.45100018  0.72247364  0.92287114  1.26509441  0.00000000  0.74424053  0.74607430
5    1.27876974  0.96701237  1.03004791  0.74099433  0.74424053  0.00000000  0.19999186
6    1.28592136  0.93108184  1.02740193  0.76311988  0.74607430  0.19999186  0.00000000

--------------------------------------------------------------------------------
n=6
(result of R-step: (1,5:6)0.04134354)
V=[0, 1, 2, 3, 4, 5]
total successes of this branch: 2
Matrix on 6 elements:

0    0.00000000  1.36971942  1.38064834  1.10760607  1.45100018  1.19673907
1    1.36971942  0.00000000  0.88401746  1.19412718  0.70656435  0.86907242
2    1.38064834  0.88401746  0.00000000  1.13656084  0.92287114  0.94801725
3    1.10760607  1.19412718  1.13656084  0.00000000  1.26509441  0.65896366
4    1.45100018  0.70656435  0.92287114  1.26509441  0.00000000  0.66220986
5    1.19673907  0.86907242  0.94801725  0.65896366  0.66220986  0.00000000

--------------------------------------------------------------------------------
n=5
(result of R-step: (3,4:5)0.50155327)
V=[0, 1, 2, 3, 4]
total successes of this branch: 2
Matrix on 5 elements:

0    0.00000000  1.36971942  1.38064834  0.99753585  1.34092995
1    1.36971942  0.00000000  0.88401746  1.08405696  0.59649413
2    1.38064834  0.88401746  0.00000000  1.02649062  0.81280092
3    0.99753585  1.08405696  1.02649062  0.00000000  1.04495397
4    1.34092995  0.59649413  0.81280092  1.04495397  0.00000000

--------------------------------------------------------------------------------
n=4
(result of R-step: (0,2:3)0.75691168)
V=[0, 1, 2, 4]
total successes of this branch: 1
Matrix on 4 elements:

0    0.00000000  0.82176226  0.52610355  0.79297280
1    0.82176226  0.00000000  0.57742983  0.59649413
2    0.52610355  0.57742983  0.00000000  0.50621328
4    0.79297280  0.59649413  0.50621328  0.00000000

--------------------------------------------------------------------------------
n=4
(result of R-step: (1,2:4)0.84942716)
V=[0, 1, 2, 3]
total successes of this branch: 1
Matrix on 4 elements:

0    0.00000000  1.07904107  1.07406071  0.99753585
1    1.07904107  0.00000000  0.28675147  0.79337861
2    1.07406071  0.28675147  0.00000000  0.71990298
3    0.99753585  0.79337861  0.71990298  0.00000000
