n=8
V=[0, 1, 2, 3, 4, 5, 6, 7]
total successes of this branch: 1
Matrix on 8 elements:

0    0.00000000  1.44780443  1.44632542  1.44689712  1.07625067  1.44762084  1.39152686  1.12451663
1    1.44780443  0.00000000  1.44261419  1.43487713  1.44645316  1.08271444  1.44287182  1.44595248
2    1.44632542  1.44261419  0.00000000  1.43033510  1.44465399  1.39160799  0.39714717  1.28333311
3    1.44689712  1.43487713  1.43033510  0.00000000  1.40363180  1.43431332  1.43115720  1.40711450
4    1.07625067  1.44645316  1.44465399  1.40363180  0.00000000  1.44622983  1.42636740  0.36906198
5    1.44762084  1.08271444  1.39160799  1.43431332  1.44622983  0.00000000  1.39438832  1.43910593
6    1.39152686  1.44287182  0.39714717  1.43115720  1.42636740  1.39438832  0.00000000  1.29213425
7    1.12451663  1.44595248  1.28333311  1.40711450  0.36906198  1.43910593  1.29213425  0.00000000

--------------------------------------------------------------------------------
n=7
(result of R-step: (2,4:7)0.13042218)
V=[0, 1, 2, 3, 4, 5, 6]
total successes of this branch: 1
Matrix on 7 elements:

0    0.00000000  1.44780443  1.34245487  1.44689712  0.97238012  1.44762084  1.39152686
1    1.44780443  0.00000000  1.33874364  1.43487713  1.34258261  1.08271444  1.44287182
2    1.34245487  1.33874364  0.00000000  1.32646455  1.23691289  1.28773744  0.29327662
3    1.44689712  1.43487713  1.32646455  0.00000000  1.29976125  1.43431332  1.43115720
4    0.97238012  1.34258261  1.23691289  1.29976125  0.00000000  1.34235928  1.32249685
5    1.44762084  1.08271444  1.28773744  1.43431332  1.34235928  0.00000000  1.39438832
6    1.39152686  1.44287182  0.29327662  1.43115720  1.32249685  1.39438832  0.00000000

--------------------------------------------------------------------------------
n=6
(result of R-step: (0,2:6)0.04963742)
V=[0, 1, 2, 3, 4, 5]
total successes of this branch: 1
Matrix on 6 elements:

0    0.00000000  1.27663012  1.10397682  1.27572282  0.80120582  1.27644653
1    1.27663012  0.00000000  1.27143989  1.43487713  1.34258261  1.08271444
2    1.10397682  1.27143989  0.00000000  1.25916080  1.16960913  1.22043368
3    1.27572282  1.43487713  1.25916080  0.00000000  1.29976125  1.43431332
4    0.80120582  1.34258261  1.16960913  1.29976125  0.00000000  1.34235928
5    1.27644653  1.08271444  1.22043368  1.43431332  1.34235928  0.00000000

--------------------------------------------------------------------------------
n=5
(result of R-step: (0,3:4)0.89547212)
V=[0, 1, 2, 3, 5]
total successes of this branch: 1
Matrix on 5 elements:

0    0.00000000  0.93131175  0.75865844  0.41391177  0.93112816
1    0.93131175  0.00000000  1.27143989  0.91838445  1.08271444
2    0.75865844  1.27143989  0.00000000  0.74266813  1.22043368
3    0.41391177  0.91838445  0.74266813  0.00000000  0.91782065
5    0.93112816  1.08271444  1.22043368  0.91782065  0.00000000

--------------------------------------------------------------------------------
n=4
(result of R-step: (1,2:5)0.87586891)
V=[0, 1, 2, 3]
total successes of this branch: 1
Matrix on 4 elements:

0    0.00000000  0.41545763  0.41397863  0.41391177
1    0.41545763  0.00000000  0.41090595  0.40253033
2    0.41397863  0.41090595  0.00000000  0.39798831
3    0.41391177  0.40253033  0.39798831  0.00000000
