n=8
V=[0, 1, 2, 3, 4, 5, 6, 7]
total successes of this branch: 2
Matrix on 8 elements:

0    0.00000000  1.13507054  1.12090560  0.74421500  0.65757309  0.93840262  0.90780012  0.77338016
1    1.13507054  0.00000000  0.72177431  0.91397154  0.96749772  0.81489202  0.83050620  0.89909072
2    1.12090560  0.72177431  0.00000000  0.97669958  1.01161063  0.61349117  0.67073005  0.92214907
3    0.74421500  0.91397154  0.97669958  0.00000000  0.47296778  0.63534610  0.56847830  0.18570781
4    0.65757309  0.96749772  1.01161063  0.47296778  0.00000000  0.75064333  0.70688377  0.51467205
5    0.93840262  0.81489202  0.61349117  0.63534610  0.75064333  0.00000000  0.27790539  0.57161893
6    0.90780012  0.83050620  0.67073005  0.56847830  0.70688377  0.27790539  0.00000000  0.48542840
7    0.77338016  0.89909072  0.92214907  0.18570781  0.51467205  0.57161893  0.48542840  0.00000000

--------------------------------------------------------------------------------
n=7
(result of R-step: (1,4:0)0.22159738)
V=[1, 2, 3, 4, 5, 6, 7]
total successes of this branch: 0
Matrix on 7 elements:

1    0.00000000  0.25144872  0.44364595  0.32396088  0.34456643  0.36018061  0.42876513
2    0.25144872  0.00000000  0.97669958  0.83839937  0.61349117  0.67073005  0.92214907
3    0.44364595  0.97669958  0.00000000  0.29975652  0.63534610  0.56847830  0.18570781
4    0.32396088  0.83839937  0.29975652  0.00000000  0.57743208  0.53367252  0.34146080
5    0.34456643  0.61349117  0.63534610  0.57743208  0.00000000  0.27790539  0.57161893
6    0.36018061  0.67073005  0.56847830  0.53367252  0.27790539  0.00000000  0.48542840
7    0.42876513  0.92214907  0.18570781  0.34146080  0.57161893  0.48542840  0.00000000
reason of abort: no pseudometric

--------------------------------------------------------------------------------
n=7
(result of R-step: (3,6:7)0.82171262)
V=[0, 1, 2, 3, 4, 5, 6]
total successes of this branch: 2
Matrix on 7 elements:

0    0.00000000  1.13507054  1.12090560  0.69288604  0.65757309  0.93840262  0.85647117
1    1.13507054  0.00000000  0.72177431  0.86264258  0.96749772  0.81489202  0.77917725
2    1.12090560  0.72177431  0.00000000  0.92537062  1.01161063  0.61349117  0.61940109
3    0.69288604  0.86264258  0.92537062  0.00000000  0.42163882  0.58401714  0.46582039
4    0.65757309  0.96749772  1.01161063  0.42163882  0.00000000  0.75064333  0.65555482
5    0.93840262  0.81489202  0.61349117  0.58401714  0.75064333  0.00000000  0.22657644
6    0.85647117  0.77917725  0.61940109  0.46582039  0.65555482  0.22657644  0.00000000

--------------------------------------------------------------------------------
n=6
(result of R-step: (1,4:0)0.22159738)
V=[1, 2, 3, 4, 5, 6]
total successes of this branch: 0
Matrix on 6 elements:

1    0.00000000  0.25144872  0.39231699  0.32396088  0.34456643  0.30885166
2    0.25144872  0.00000000  0.92537062  0.83839937  0.61349117  0.61940109
3    0.39231699  0.92537062  0.00000000  0.24842757  0.58401714  0.46582039
4    0.32396088  0.83839937  0.24842757  0.00000000  0.57743208  0.48234356
5    0.34456643  0.61349117  0.58401714  0.57743208  0.00000000  0.22657644
6    0.30885166  0.61940109  0.46582039  0.48234356  0.22657644  0.00000000
reason of abort: no pseudometric

--------------------------------------------------------------------------------
n=6
(result of R-step: (3,5:6)0.15759240)
V=[0, 1, 2, 3, 4, 5]
total successes of this branch: 2
Matrix on 6 elements:

0    0.00000000  1.13507054  1.12090560  0.63869620  0.65757309  0.83288382
1    1.13507054  0.00000000  0.72177431  0.80845274  0.96749772  0.70937322
2    1.12090560  0.72177431  0.00000000  0.87118078  1.01161063  0.50797237
3    0.63869620  0.80845274  0.87118078  0.00000000  0.36744898  0.42430850
4    0.65757309  0.96749772  1.01161063  0.36744898  0.00000000  0.64512453
5    0.83288382  0.70937322  0.50797237  0.42430850  0.64512453  0.00000000

--------------------------------------------------------------------------------
n=5
(result of R-step: (1,4:0)0.22159738)
V=[1, 2, 3, 4, 5]
total successes of this branch: 0
Matrix on 5 elements:

1    0.00000000  0.25144872  0.33812715  0.32396088  0.23904763
2    0.25144872  0.00000000  0.87118078  0.83839937  0.50797237
3    0.33812715  0.87118078  0.00000000  0.19423772  0.42430850
4    0.32396088  0.83839937  0.19423772  0.00000000  0.47191328
5    0.23904763  0.50797237  0.42430850  0.47191328  0.00000000
reason of abort: no pseudometric

--------------------------------------------------------------------------------
n=5
(result of R-step: (2,3:5)0.51550959)
V=[0, 1, 2, 3, 4]
total successes of this branch: 2
Matrix on 5 elements:

0    0.00000000  1.13507054  0.98483676  0.60814616  0.65757309
1    1.13507054  0.00000000  0.58570547  0.77790270  0.96749772
2    0.98483676  0.58570547  0.00000000  0.70456189  0.87554179
3    0.60814616  0.77790270  0.70456189  0.00000000  0.33689894
4    0.65757309  0.96749772  0.87554179  0.33689894  0.00000000

--------------------------------------------------------------------------------
n=4
(result of R-step: (0,1:2)0.13280580)
V=[0, 1, 3, 4]
total successes of this branch: 1
Matrix on 4 elements:

0    0.00000000  0.66183328  0.41498322  0.46441016
1    0.66183328  0.00000000  0.49782837  0.68742339
3    0.41498322  0.49782837  0.00000000  0.33689894
4    0.46441016  0.68742339  0.33689894  0.00000000

--------------------------------------------------------------------------------
n=4
(result of R-step: (1,3:0)0.05390488)
V=[1, 2, 3, 4]
total successes of this branch: 0
reason of abort: negative delta/dxy

--------------------------------------------------------------------------------
n=4
(result of R-step: (1,4:0)0.22159738)
V=[1, 2, 3, 4]
total successes of this branch: 0
Matrix on 4 elements:

1    0.00000000  0.11537988  0.30757711  0.32396088
2    0.11537988  0.00000000  0.70456189  0.70233053
3    0.30757711  0.70456189  0.00000000  0.16368768
4    0.32396088  0.70233053  0.16368768  0.00000000
reason of abort: no pseudometric

--------------------------------------------------------------------------------
n=4
(result of R-step: (2,4:0)0.13833302)
V=[1, 2, 3, 4]
total successes of this branch: 1
Matrix on 4 elements:

1    0.00000000  0.54947400  0.77790270  0.78409191
2    0.54947400  0.00000000  0.66833042  0.65590451
3    0.77790270  0.66833042  0.00000000  0.15349313
4    0.78409191  0.65590451  0.15349313  0.00000000
