n=8
V=[0, 1, 2, 3, 4, 5, 6, 7]
total successes of this branch: 2
Matrix on 8 elements:

0    0.00000000  1.64791620  1.55557712  1.45273877  1.63404713  1.24849127  1.53386889  1.31646537
1    1.64791620  0.00000000  1.56401658  1.59902584  1.15202496  1.45899977  0.97468482  1.13489101
2    1.55557712  1.56401658  0.00000000  1.41196363  1.49119972  1.53105168  1.56279401  1.56107664
3    1.45273877  1.59902584  1.41196363  0.00000000  1.57092963  1.49776516  1.57783431  1.54806582
4    1.63404713  1.15202496  1.49119972  1.57092963  0.00000000  1.39677086  1.22185199  1.31994042
5    1.24849127  1.45899977  1.53105168  1.49776516  1.39677086  0.00000000  1.42850494  1.38566781
6    1.53386889  0.97468482  1.56279401  1.57783431  1.22185199  1.42850494  0.00000000  0.83768178
7    1.31646537  1.13489101  1.56107664  1.54806582  1.31994042  1.38566781  0.83768178  0.00000000

--------------------------------------------------------------------------------
n=7
(result of R-step: (0,6:7)0.23796601)
V=[0, 1, 2, 3, 4, 5, 6]
total successes of this branch: 2
Matrix on 7 elements:

0    0.00000000  1.33777706  1.24543799  1.14259964  1.32390800  0.93835214  0.91359063
1    1.33777706  0.00000000  1.56401658  1.59902584  1.15202496  1.45899977  0.66454569
2    1.24543799  1.56401658  0.00000000  1.41196363  1.49119972  1.53105168  1.25265488
3    1.14259964  1.59902584  1.41196363  0.00000000  1.57092963  1.49776516  1.26769518
4    1.32390800  1.15202496  1.49119972  1.57092963  0.00000000  1.39677086  0.91171286
5    0.93835214  1.45899977  1.53105168  1.49776516  1.39677086  0.00000000  1.11836581
6    0.91359063  0.66454569  1.25265488  1.26769518  0.91171286  1.11836581  0.00000000

--------------------------------------------------------------------------------
n=6
(result of R-step: (0,1:6)0.14486268)
V=[0, 1, 2, 3, 4, 5]
total successes of this branch: 2
Matrix on 6 elements:

0    0.00000000  0.78727867  1.12525836  1.02242000  1.20372837  0.81817251
1    0.78727867  0.00000000  1.13369781  1.16870708  0.72170620  1.02868100
2    1.12525836  1.13369781  0.00000000  1.41196363  1.49119972  1.53105168
3    1.02242000  1.16870708  1.41196363  0.00000000  1.57092963  1.49776516
4    1.20372837  0.72170620  1.49119972  1.57092963  0.00000000  1.39677086
5    0.81817251  1.02868100  1.53105168  1.49776516  1.39677086  0.00000000

--------------------------------------------------------------------------------
n=5
(result of R-step: (0,4:5)0.61903656)
V=[0, 1, 2, 3, 4]
total successes of this branch: 2
Matrix on 5 elements:

0    0.00000000  0.71198993  1.04996962  0.94713126  0.62283212
1    0.71198993  0.00000000  1.13369781  1.16870708  0.21609870
2    1.04996962  1.13369781  0.00000000  1.41196363  0.98559221
3    0.94713126  1.16870708  1.41196363  0.00000000  1.06532213
4    0.62283212  0.21609870  0.98559221  1.06532213  0.00000000

--------------------------------------------------------------------------------
n=4
(result of R-step: (0,2:3)0.75864834)
V=[0, 1, 2, 4]
total successes of this branch: 1
Matrix on 4 elements:

0    0.00000000  0.48870987  0.28708550  0.39955206
1    0.48870987  0.00000000  0.59409376  0.21609870
2    0.28708550  0.59409376  0.00000000  0.44598816
4    0.39955206  0.21609870  0.44598816  0.00000000

--------------------------------------------------------------------------------
n=4
(result of R-step: (1,2:4)0.84980283)
V=[0, 1, 2, 3]
total successes of this branch: 1
Matrix on 4 elements:

0    0.00000000  0.60270464  0.51036557  0.94713126
1    0.60270464  0.00000000  0.48480848  1.05942179
2    0.51036557  0.48480848  0.00000000  0.87235958
3    0.94713126  1.05942179  0.87235958  0.00000000
