n=6
V=[0, 1, 2, 3, 4, 5]
total successes of this branch: 0
Matrix on 6 elements:

0    0.00000000  0.95780586  0.82653137  0.83393420  0.53985511  0.72703367
1    0.95780586  0.00000000  0.81766888  0.66153834  0.95283655  0.76742799
2    0.82653137  0.81766888  0.00000000  0.82028185  0.81599197  0.81872244
3    0.83393420  0.66153834  0.82028185  0.00000000  0.83345008  0.46958845
4    0.53985511  0.95283655  0.81599197  0.83345008  0.00000000  0.62564317
5    0.72703367  0.76742799  0.81872244  0.46958845  0.62564317  0.00000000
reason of abort: no candidate

--------------------------------------------------------------------------------
n=5
(result of R-step: (0,1:2)0.50495311)
V=[0, 1, 3, 4, 5]
total successes of this branch: 0
Matrix on 5 elements:

0    0.00000000  0.41492337  0.55600655  0.26192746  0.44910602
1    0.41492337  0.00000000  0.39658349  0.68788170  0.50247314
3    0.55600655  0.39658349  0.00000000  0.83345008  0.46958845
4    0.26192746  0.68788170  0.83345008  0.00000000  0.62564317
5    0.44910602  0.50247314  0.46958845  0.62564317  0.00000000
reason of abort: no pseudometric
