n=8
V=[0, 1, 2, 3, 4, 5, 6, 7]
total successes of this branch: 2
Matrix on 8 elements:

0    0.00000000  1.35165642  1.22752861  1.08735665  1.17452372  1.90638396  0.95488234  0.90428966
1    1.35165642  0.00000000  1.30281956  1.08984300  1.48452417  1.67590371  1.24738962  1.17325719
2    1.22752861  1.30281956  0.00000000  1.10458990  1.45126179  1.46476532  1.14809992  0.99108320
3    1.08735665  1.08984300  1.10458990  0.00000000  1.14891965  1.71984832  0.92202381  1.11459230
4    1.17452372  1.48452417  1.45126179  1.14891965  0.00000000  2.08850581  0.53296221  1.38954622
5    1.90638396  1.67590371  1.46476532  1.71984832  2.08850581  0.00000000  1.81842580  1.01672893
6    0.95488234  1.24738962  1.14809992  0.92202381  0.53296221  1.81842580  0.00000000  1.13625641
7    0.90428966  1.17325719  0.99108320  1.11459230  1.38954622  1.01672893  1.13625641  0.00000000

--------------------------------------------------------------------------------
n=7
(result of R-step: (0,5:7)0.33288364)
V=[0, 1, 2, 3, 4, 5, 6]
total successes of this branch: 2
Matrix on 7 elements:

0    0.00000000  1.31077182  1.18664402  1.04647206  1.13363912  1.28326601  0.91399775
1    1.31077182  0.00000000  1.30281956  1.08984300  1.48452417  1.09367035  1.24738962
2    1.18664402  1.30281956  0.00000000  1.10458990  1.45126179  0.88253197  1.14809992
3    1.04647206  1.08984300  1.10458990  0.00000000  1.14891965  1.13761497  0.92202381
4    1.13363912  1.48452417  1.45126179  1.14891965  0.00000000  1.50627245  0.53296221
5    1.28326601  1.09367035  0.88253197  1.13761497  1.50627245  0.00000000  1.23619244
6    0.91399775  1.24738962  1.14809992  0.92202381  0.53296221  1.23619244  0.00000000

--------------------------------------------------------------------------------
n=6
(result of R-step: (2,4:6)0.07453119)
V=[0, 1, 2, 3, 4, 5]
total successes of this branch: 2
Matrix on 6 elements:

0    0.00000000  1.31077182  0.99481642  1.04647206  0.78333567  1.28326601
1    1.31077182  0.00000000  1.11099196  1.08984300  1.13422072  1.09367035
2    0.99481642  1.11099196  0.00000000  0.91276231  0.90913075  0.69070437
3    1.04647206  1.08984300  0.91276231  0.00000000  0.79861620  1.13761497
4    0.78333567  1.13422072  0.90913075  0.79861620  0.00000000  1.15596900
5    1.28326601  1.09367035  0.69070437  1.13761497  1.15596900  0.00000000

--------------------------------------------------------------------------------
n=5
(result of R-step: (0,3:4)0.34570209)
V=[0, 1, 2, 3, 5]
total successes of this branch: 2
Matrix on 5 elements:

0    0.00000000  1.12183887  0.80588347  0.49925700  1.09433306
1    1.12183887  0.00000000  1.11099196  0.73156089  1.09367035
2    0.80588347  1.11099196  0.00000000  0.55448020  0.69070437
3    0.49925700  0.73156089  0.55448020  0.00000000  0.77933287
5    1.09433306  1.09367035  0.69070437  0.77933287  0.00000000

--------------------------------------------------------------------------------
n=4
(result of R-step: (0,1:3)0.79201137)
V=[0, 1, 2, 5]
total successes of this branch: 1
Matrix on 4 elements:

0    0.00000000  0.37556202  0.43922861  0.72767820
1    0.37556202  0.00000000  0.73136997  0.71404836
2    0.43922861  0.73136997  0.00000000  0.69070437
5    0.72767820  0.71404836  0.69070437  0.00000000

--------------------------------------------------------------------------------
n=4
(result of R-step: (1,2:5)0.45794466)
V=[0, 1, 2, 3]
total successes of this branch: 1
Matrix on 4 elements:

0    0.00000000  0.74221688  0.77067301  0.49925700
1    0.74221688  0.00000000  0.69615952  0.35193891
2    0.77067301  0.69615952  0.00000000  0.51926975
3    0.49925700  0.35193891  0.51926975  0.00000000

--------------------------------------------------------------------------------
n=4
(result of R-step: (2,5:3)0.76189844)
V=[0, 1, 2, 5]
total successes of this branch: 0
reason of abort: negative delta/dxy
