n=8
V=[0, 1, 2, 3, 4, 5, 6, 7]
total successes of this branch: 2
Matrix on 8 elements:

0    0.00000000  1.09621808  1.31673484  0.82973446  1.24522141  0.97848038  0.58886318  1.25087679
1    1.09621808  0.00000000  1.21908750  1.01666387  0.99159022  0.74518038  1.15945987  1.13645471
2    1.31673484  1.21908750  0.00000000  1.28725809  1.10689137  0.76935453  1.35978929  1.30082564
3    0.82973446  1.01666387  1.28725809  0.00000000  1.18293245  0.92046822  0.98081769  1.10398173
4    1.24522141  0.99159022  1.10689137  1.18293245  0.00000000  0.44588319  1.14843516  0.53677057
5    0.97848038  0.74518038  0.76935453  0.92046822  0.44588319  0.00000000  0.95960921  0.73278508
6    0.58886318  1.15945987  1.35978929  0.98081769  1.14843516  0.95960921  0.00000000  1.23241278
7    1.25087679  1.13645471  1.30082564  1.10398173  0.53677057  0.73278508  1.23241278  0.00000000

--------------------------------------------------------------------------------
n=7
(result of R-step: (3,4:7)0.31598175)
V=[0, 1, 2, 3, 4, 5, 6]
total successes of this branch: 2
Matrix on 7 elements:

0    0.00000000  1.09621808  1.31673484  0.57988987  1.22618404  0.97848038  0.58886318
1    1.09621808  0.00000000  1.21908750  0.76681927  0.97255285  0.74518038  1.15945987
2    1.31673484  1.21908750  0.00000000  1.03741350  1.08785400  0.76935453  1.35978929
3    0.57988987  0.76681927  1.03741350  0.00000000  0.91405049  0.67062363  0.73097310
4    1.22618404  0.97255285  1.08785400  0.91405049  0.00000000  0.42684582  1.12939779
5    0.97848038  0.74518038  0.76935453  0.67062363  0.42684582  0.00000000  0.95960921
6    0.58886318  1.15945987  1.35978929  0.73097310  1.12939779  0.95960921  0.00000000

--------------------------------------------------------------------------------
n=6
(result of R-step: (0,4:6)0.80813352)
V=[0, 1, 2, 3, 4, 5]
total successes of this branch: 2
Matrix on 6 elements:

0    0.00000000  0.93125118  1.15176795  0.41492297  0.92698745  0.81351348
1    0.93125118  0.00000000  1.21908750  0.76681927  0.83832316  0.74518038
2    1.15176795  1.21908750  0.00000000  1.03741350  0.95362431  0.76935453
3    0.41492297  0.76681927  1.03741350  0.00000000  0.77982080  0.67062363
4    0.92698745  0.83832316  0.95362431  0.77982080  0.00000000  0.29261613
5    0.81351348  0.74518038  0.76935453  0.67062363  0.29261613  0.00000000

--------------------------------------------------------------------------------
n=5
(result of R-step: (2,4:5)0.13034164)
V=[0, 1, 2, 3, 4]
total successes of this branch: 2
Matrix on 5 elements:

0    0.00000000  0.93125118  0.83414342  0.41492297  0.74812905
1    0.93125118  0.00000000  0.90146298  0.76681927  0.65946476
2    0.83414342  0.90146298  0.00000000  0.71978898  0.45714139
3    0.41492297  0.76681927  0.71978898  0.00000000  0.60096241
4    0.74812905  0.65946476  0.45714139  0.60096241  0.00000000

--------------------------------------------------------------------------------
n=4
(result of R-step: (0,2:1)0.26062285)
V=[0, 2, 3, 4]
total successes of this branch: 0
Matrix on 4 elements:

0    0.00000000  0.09637089  0.05421160  0.38741768
2    0.09637089  0.00000000  0.34272783  0.08008024
3    0.05421160  0.34272783  0.00000000  0.60096241
4    0.38741768  0.08008024  0.60096241  0.00000000
reason of abort: no pseudometric

--------------------------------------------------------------------------------
n=4
(result of R-step: (0,4:1)0.49457231)
V=[0, 2, 3, 4]
total successes of this branch: 0
Matrix on 4 elements:

0    0.00000000  0.53564388  0.11642343  0.41837477
2    0.53564388  0.00000000  0.71978898  0.42588665
3    0.11642343  0.71978898  0.00000000  0.56970766
4    0.41837477  0.42588665  0.56970766  0.00000000
reason of abort: no pseudometric

--------------------------------------------------------------------------------
n=4
(result of R-step: (0,4:2)0.26903601)
V=[0, 1, 3, 4]
total successes of this branch: 1
Matrix on 4 elements:

0    0.00000000  0.71118744  0.19485923  0.46856180
1    0.71118744  0.00000000  0.76681927  0.59996125
3    0.19485923  0.76681927  0.00000000  0.54145889
4    0.46856180  0.59996125  0.54145889  0.00000000

--------------------------------------------------------------------------------
n=4
(result of R-step: (2,3:1)0.81312990)
V=[0, 2, 3, 4]
total successes of this branch: 0
Matrix on 4 elements:

0    0.00000000  0.47042023  0.39862875  0.74812905
2    0.47042023  0.00000000  0.33977156  0.09341819
3    0.39862875  0.33977156  0.00000000  0.58466818
4    0.74812905  0.09341819  0.58466818  0.00000000
reason of abort: no pseudometric

--------------------------------------------------------------------------------
n=4
(result of R-step: (3,4:1)0.43836176)
V=[0, 2, 3, 4]
total successes of this branch: 1
Matrix on 4 elements:

0    0.00000000  0.83414342  0.30073774  0.68862554
2    0.83414342  0.00000000  0.60560375  0.39763788
3    0.30073774  0.60560375  0.00000000  0.42727367
4    0.68862554  0.39763788  0.42727367  0.00000000

--------------------------------------------------------------------------------
n=4
(result of R-step: (3,4:2)0.35405765)
V=[0, 1, 3, 4]
total successes of this branch: 0
Matrix on 4 elements:

0    0.00000000  0.93125118  0.23470743  0.71687431
1    0.93125118  0.00000000  0.58660373  0.62821002
3    0.23470743  0.58660373  0.00000000  0.38949212
4    0.71687431  0.62821002  0.38949212  0.00000000
reason of abort: no pseudometric
