n=8
V=[0, 1, 2, 3, 4, 5, 6, 7]
total successes of this branch: 1
Matrix on 8 elements:

0    0.00000000  2.04129421  1.01971790  1.08660913  1.13271756  1.30658825  1.18842181  1.37860398
1    2.04129421  0.00000000  2.30691178  2.47492207  2.12442526  1.06238863  1.22772719  1.49708328
2    1.01971790  2.30691178  0.00000000  1.35812908  1.40276908  1.57276618  1.45548830  1.64716326
3    1.08660913  2.47492207  1.35812908  0.00000000  1.32831220  1.70628678  1.54130090  1.65430808
4    1.13271756  2.12442526  1.40276908  1.32831220  0.00000000  1.40477394  1.05646156  0.70213070
5    1.30658825  1.06238863  1.57276618  1.70628678  1.40477394  0.00000000  0.43628150  1.22965236
6    1.18842181  1.22772719  1.45548830  1.54130090  1.05646156  0.43628150  0.00000000  1.05420787
7    1.37860398  1.49708328  1.64716326  1.65430808  0.70213070  1.22965236  1.05420787  0.00000000

--------------------------------------------------------------------------------
n=7
(result of R-step: (1,4:7)0.33654740)
V=[0, 1, 2, 3, 4, 5, 6]
total successes of this branch: 1
Matrix on 7 elements:

0    0.00000000  1.82212671  1.01971790  1.08660913  1.09725640  1.30658825  1.18842181
1    1.82212671  0.00000000  2.08774427  2.25575457  1.86979660  0.84322113  1.00855969
2    1.01971790  2.08774427  0.00000000  1.35812908  1.36730792  1.57276618  1.45548830
3    1.08660913  2.25575457  1.35812908  0.00000000  1.29285105  1.70628678  1.54130090
4    1.09725640  1.86979660  1.36730792  1.29285105  0.00000000  1.36931278  1.02100040
5    1.30658825  0.84322113  1.57276618  1.70628678  1.36931278  0.00000000  0.43628150
6    1.18842181  1.00855969  1.45548830  1.54130090  1.02100040  0.43628150  0.00000000

--------------------------------------------------------------------------------
n=6
(result of R-step: (4,5:6)0.22939018)
V=[0, 1, 2, 3, 4, 5]
total successes of this branch: 1
Matrix on 6 elements:

0    0.00000000  1.82212671  1.01971790  1.08660913  1.01891324  1.18180243
1    1.82212671  0.00000000  2.08774427  2.25575457  1.79145344  0.71843530
2    1.01971790  2.08774427  0.00000000  1.35812908  1.28896476  1.44798036
3    1.08660913  2.25575457  1.35812908  0.00000000  1.21450788  1.58150095
4    1.01891324  1.79145344  1.28896476  1.21450788  0.00000000  1.16618379
5    1.18180243  0.71843530  1.44798036  1.58150095  1.16618379  0.00000000

--------------------------------------------------------------------------------
n=5
(result of R-step: (1,3:5)0.90506122)
V=[0, 1, 2, 3, 4]
total successes of this branch: 1
Matrix on 5 elements:

0    0.00000000  1.22837027  1.01971790  0.50518124  1.01891324
1    1.22837027  0.00000000  1.49398783  1.08057024  1.19769700
2    1.01971790  1.49398783  0.00000000  0.77670119  1.28896476
3    0.50518124  1.08057024  0.77670119  0.00000000  0.63308000
4    1.01891324  1.19769700  1.28896476  0.63308000  0.00000000

--------------------------------------------------------------------------------
n=4
(result of R-step: (1,3:4)0.24878548)
V=[0, 1, 2, 3]
total successes of this branch: 1
Matrix on 4 elements:

0    0.00000000  1.12357341  1.01971790  0.48492289
1    1.12357341  0.00000000  1.38919097  0.95551503
2    1.01971790  1.38919097  0.00000000  0.75644283
3    0.48492289  0.95551503  0.75644283  0.00000000
