n=8
V=[0, 1, 2, 3, 4, 5, 6, 7]
total successes of this branch: 2
Matrix on 8 elements:

0    0.00000000  1.01775595  0.88613165  1.78108049  0.97513111  0.72836200  1.15774613  1.06970481
1    1.01775595  0.00000000  1.40774857  2.08390421  1.40333674  0.64164047  0.67340265  1.15022281
2    0.88613165  1.40774857  0.00000000  2.19969245  0.78096255  1.23706786  1.62647486  1.53973157
3    1.78108049  2.08390421  2.19969245  0.00000000  2.23338006  1.98039527  2.34601997  1.75566341
4    0.97513111  1.40333674  0.78096255  2.23338006  0.00000000  1.26133426  1.64058768  1.56804268
5    0.72836200  0.64164047  1.23706786  1.98039527  1.26133426  0.00000000  0.98100798  0.82628398
6    1.15774613  0.67340265  1.62647486  2.34601997  1.64058768  0.98100798  0.00000000  1.45642460
7    1.06970481  1.15022281  1.53973157  1.75566341  1.56804268  0.82628398  1.45642460  0.00000000

--------------------------------------------------------------------------------
n=7
(result of R-step: (0,1:6)0.19831265)
V=[0, 1, 2, 3, 4, 5, 7]
total successes of this branch: 2
Matrix on 7 elements:

0    0.00000000  0.87502355  0.83657724  1.73152609  0.92557671  0.67880760  1.02015041
1    0.87502355  0.00000000  1.31457057  1.99072621  1.31015875  0.54846248  1.05704482
2    0.83657724  1.31457057  0.00000000  2.19969245  0.78096255  1.23706786  1.53973157
3    1.73152609  1.99072621  2.19969245  0.00000000  2.23338006  1.98039527  1.75566341
4    0.92557671  1.31015875  0.78096255  2.23338006  0.00000000  1.26133426  1.56804268
5    0.67880760  0.54846248  1.23706786  1.98039527  1.26133426  0.00000000  0.82628398
7    1.02015041  1.05704482  1.53973157  1.75566341  1.56804268  0.82628398  0.00000000

--------------------------------------------------------------------------------
n=6
(result of R-step: (3,5:7)0.42931991)
V=[0, 1, 2, 3, 4, 5]
total successes of this branch: 2
Matrix on 6 elements:

0    0.00000000  0.87502355  0.83657724  0.87423827  0.92557671  0.60287096
1    0.87502355  0.00000000  1.31457057  1.13343839  1.31015875  0.47252583
2    0.83657724  1.31457057  0.00000000  1.34240463  0.78096255  1.16113122
3    0.87423827  1.13343839  1.34240463  0.00000000  1.37609223  1.04717080
4    0.92557671  1.31015875  0.78096255  1.37609223  0.00000000  1.18539762
5    0.60287096  0.47252583  1.16113122  1.04717080  1.18539762  0.00000000

--------------------------------------------------------------------------------
n=5
(result of R-step: (0,1:5)0.30701027)
V=[0, 1, 2, 3, 4]
total successes of this branch: 2
Matrix on 5 elements:

0    0.00000000  0.71791368  0.83139971  0.86906074  0.92039917
1    0.71791368  0.00000000  1.16263823  0.98150605  1.15822640
2    0.83139971  1.16263823  0.00000000  1.34240463  0.78096255
3    0.86906074  0.98150605  1.34240463  0.00000000  1.37609223
4    0.92039917  1.15822640  0.78096255  1.37609223  0.00000000

--------------------------------------------------------------------------------
n=4
(result of R-step: (0,1:3)0.40786748)
V=[0, 1, 2, 4]
total successes of this branch: 1
Matrix on 4 elements:

0    0.00000000  0.24400066  0.67314626  0.76214572
1    0.24400066  0.00000000  0.84697867  0.84256684
2    0.67314626  0.84697867  0.00000000  0.78096255
4    0.76214572  0.84256684  0.78096255  0.00000000

--------------------------------------------------------------------------------
n=4
(result of R-step: (1,2:0)0.83014319)
V=[1, 2, 3, 4]
total successes of this branch: 0
Matrix on 4 elements:

1    0.00000000  0.62681431  0.56339863  0.74011898
2    0.62681431  0.00000000  1.22468813  0.66324605
3    0.56339863  1.22468813  0.00000000  1.37609223
4    0.74011898  0.66324605  1.37609223  0.00000000
reason of abort: no pseudometric

--------------------------------------------------------------------------------
n=4
(result of R-step: (1,4:0)0.71814511)
V=[1, 2, 3, 4]
total successes of this branch: 0
Matrix on 4 elements:

1    0.00000000  0.73436597  0.55323379  0.17597066
2    0.73436597  0.00000000  1.34240463  0.22697907
3    0.55323379  1.34240463  0.00000000  0.82210876
4    0.17597066  0.22697907  0.82210876  0.00000000
reason of abort: no pseudometric

--------------------------------------------------------------------------------
n=4
(result of R-step: (2,3:0)0.24746893)
V=[1, 2, 3, 4]
total successes of this branch: 1
Matrix on 4 elements:

1    0.00000000  0.90075592  0.41988521  1.15822640
2    0.90075592  0.00000000  0.51890149  0.51908024
3    0.41988521  0.51890149  0.00000000  0.81447140
4    1.15822640  0.51908024  0.81447140  0.00000000

--------------------------------------------------------------------------------
n=4
(result of R-step: (3,4:0)0.66482642)
V=[1, 2, 3, 4]
total successes of this branch: 0
Matrix on 4 elements:

1    0.00000000  1.16263823  0.43199770  0.66838907
2    1.16263823  0.00000000  0.79289628  0.29112521
3    0.43199770  0.79289628  0.00000000  0.33674655
4    0.66838907  0.29112521  0.33674655  0.00000000
reason of abort: no pseudometric
