n=8
V=[0, 1, 2, 3, 4, 5, 6, 7]
total successes of this branch: 2
Matrix on 8 elements:

0    0.00000000  2.02618427  1.39345616  1.67134105  1.56057823  1.56544348  1.77581565  1.82681989
1    2.02618427  0.00000000  1.45660878  1.53639617  1.86075336  0.84252684  1.77305040  0.28760559
2    1.39345616  1.45660878  0.00000000  0.94528084  0.97505300  0.99022796  0.67153264  1.25556715
3    1.67134105  1.53639617  0.94528084  0.00000000  1.38337857  1.18619058  1.32612951  1.36990315
4    1.56057823  1.86075336  0.97505300  1.38337857  0.00000000  1.28423124  1.36659704  1.62695750
5    1.56544348  0.84252684  0.99022796  1.18619058  1.28423124  0.00000000  1.34425275  0.59801751
6    1.77581565  1.77305040  0.67153264  1.32612951  1.36659704  1.34425275  0.00000000  1.58318539
7    1.82681989  0.28760559  1.25556715  1.36990315  1.62695750  0.59801751  1.58318539  0.00000000

--------------------------------------------------------------------------------
n=7
(result of R-step: (1,5:7)0.70261633)
V=[0, 1, 2, 3, 4, 5, 6]
total successes of this branch: 2
Matrix on 7 elements:

0    0.00000000  1.95544904  1.39345616  1.67134105  1.56057823  1.45045401  1.77581565
1    1.95544904  0.00000000  1.38587355  1.46566094  1.79001813  0.65680214  1.70231517
2    1.39345616  1.38587355  0.00000000  0.94528084  0.97505300  0.87523849  0.67153264
3    1.67134105  1.46566094  0.94528084  0.00000000  1.38337857  1.07120111  1.32612951
4    1.56057823  1.79001813  0.97505300  1.38337857  0.00000000  1.16924177  1.36659704
5    1.45045401  0.65680214  0.87523849  1.07120111  1.16924177  0.00000000  1.22926328
6    1.77581565  1.70231517  0.67153264  1.32612951  1.36659704  1.22926328  0.00000000

--------------------------------------------------------------------------------
n=6
(result of R-step: (1,2:6)0.03630656)
V=[0, 1, 2, 3, 4, 5]
total successes of this branch: 2
Matrix on 6 elements:

0    0.00000000  1.88931131  1.25894197  1.67134105  1.56057823  1.45045401
1    1.88931131  0.00000000  1.18522163  1.39952320  1.72388039  0.59066441
2    1.25894197  1.18522163  0.00000000  0.81076665  0.84053882  0.74072431
3    1.67134105  1.39952320  0.81076665  0.00000000  1.38337857  1.07120111
4    1.56057823  1.72388039  0.84053882  1.38337857  0.00000000  1.16924177
5    1.45045401  0.59066441  0.74072431  1.07120111  1.16924177  0.00000000

--------------------------------------------------------------------------------
n=5
(result of R-step: (1,4:5)0.64638743)
V=[0, 1, 2, 3, 4]
total successes of this branch: 2
Matrix on 5 elements:

0    0.00000000  1.65439664  1.25894197  1.67134105  1.02671669
1    1.65439664  0.00000000  0.95030696  1.16460853  0.95510419
2    1.25894197  0.95030696  0.00000000  0.81076665  0.30667728
3    1.67134105  1.16460853  0.81076665  0.00000000  0.84951704
4    1.02671669  0.95510419  0.30667728  0.84951704  0.00000000

--------------------------------------------------------------------------------
n=4
(result of R-step: (0,2:4)0.21697425)
V=[0, 1, 2, 3]
total successes of this branch: 1
Matrix on 4 elements:

0    0.00000000  1.21908043  0.70773469  1.23602484
1    1.21908043  0.00000000  0.83441588  1.16460853
2    0.70773469  0.83441588  0.00000000  0.69487558
3    1.23602484  1.16460853  0.69487558  0.00000000

--------------------------------------------------------------------------------
n=4
(result of R-step: (1,2:3)0.51563237)
V=[0, 1, 2, 4]
total successes of this branch: 1
Matrix on 4 elements:

0    0.00000000  1.17360763  1.14305090  1.02671669
1    1.17360763  0.00000000  0.35362688  0.47431518
2    1.14305090  0.35362688  0.00000000  0.19078621
4    1.02671669  0.47431518  0.19078621  0.00000000

--------------------------------------------------------------------------------
n=4
(result of R-step: (1,3:4)0.89807483)
V=[0, 1, 2, 3]
total successes of this branch: 0
reason of abort: negative delta/dxy
