n=8
V=[0, 1, 2, 3, 4, 5, 6, 7]
total successes of this branch: 1
Matrix on 8 elements:

0    0.00000000  1.13188290  0.51915614  0.84108007  0.41867746  0.84764982  0.87489969  0.84155063
1    1.13188290  0.00000000  1.14559477  1.27349301  0.99129400  1.50324358  0.83951179  0.99211470
2    0.51915614  1.14559477  0.00000000  0.87041234  0.50580433  0.78249429  0.85940785  0.81269366
3    0.84108007  1.27349301  0.87041234  0.00000000  0.61512253  1.22535769  1.10393414  1.11059499
4    0.41867746  0.99129400  0.50580433  0.61512253  0.00000000  0.85074706  0.78751615  0.77851662
5    0.84764982  1.50324358  0.78249429  1.22535769  0.85074706  0.00000000  0.92790735  0.70610348
6    0.87489969  0.83951179  0.85940785  1.10393414  0.78751615  0.92790735  0.00000000  0.37934765
7    0.84155063  0.99211470  0.81269366  1.11059499  0.77851662  0.70610348  0.37934765  0.00000000

--------------------------------------------------------------------------------
n=7
(result of R-step: (5,6:7)0.26911275)
V=[0, 1, 2, 3, 4, 5, 6]
total successes of this branch: 1
Matrix on 7 elements:

0    0.00000000  1.13188290  0.51915614  0.84108007  0.41867746  0.74746207  0.76841834
1    1.13188290  0.00000000  1.14559477  1.27349301  0.99129400  1.40305583  0.73303044
2    0.51915614  1.14559477  0.00000000  0.87041234  0.50580433  0.68230654  0.75292650
3    0.84108007  1.27349301  0.87041234  0.00000000  0.61512253  1.12516995  0.99745279
4    0.41867746  0.99129400  0.50580433  0.61512253  0.00000000  0.75055931  0.68103480
5    0.74746207  1.40305583  0.68230654  1.12516995  0.75055931  0.00000000  0.72123825
6    0.76841834  0.73303044  0.75292650  0.99745279  0.68103480  0.72123825  0.00000000

--------------------------------------------------------------------------------
n=6
(result of R-step: (1,5:6)0.62971130)
V=[0, 1, 2, 3, 4, 5]
total successes of this branch: 1
Matrix on 6 elements:

0    0.00000000  0.78679414  0.51915614  0.84108007  0.41867746  0.66801594
1    0.78679414  0.00000000  0.80050600  0.92840425  0.64620524  0.97852093
2    0.51915614  0.80050600  0.00000000  0.87041234  0.50580433  0.60286040
3    0.84108007  0.92840425  0.87041234  0.00000000  0.61512253  1.04572381
4    0.41867746  0.64620524  0.50580433  0.61512253  0.00000000  0.67111318
5    0.66801594  0.97852093  0.60286040  1.04572381  0.67111318  0.00000000

--------------------------------------------------------------------------------
n=5
(result of R-step: (0,2:5)0.17307202)
V=[0, 1, 2, 3, 4]
total successes of this branch: 1
Matrix on 5 elements:

0    0.00000000  0.61830032  0.14954388  0.67258626  0.25018365
1    0.61830032  0.00000000  0.59938756  0.92840425  0.64620524
2    0.14954388  0.59938756  0.00000000  0.66929389  0.30468589
3    0.67258626  0.92840425  0.66929389  0.00000000  0.61512253
4    0.25018365  0.64620524  0.30468589  0.61512253  0.00000000

--------------------------------------------------------------------------------
n=4
(result of R-step: (0,1:2)0.58778088)
V=[0, 1, 3, 4]
total successes of this branch: 1
Matrix on 4 elements:

0    0.00000000  0.19728366  0.66968203  0.24727942
1    0.19728366  0.00000000  0.51029181  0.22809280
3    0.66968203  0.51029181  0.00000000  0.61512253
4    0.24727942  0.22809280  0.61512253  0.00000000

--------------------------------------------------------------------------------
n=4
(result of R-step: (2,4:0)0.84532579)
V=[1, 2, 3, 4]
total successes of this branch: 0
reason of abort: negative delta/dxy
