n=6
V=[0, 1, 2, 3, 4, 5]
total successes of this branch: 0
Matrix on 6 elements:

0    0.00000000  1.51475631  1.27810361  1.00800907  1.16840515  0.52820692
1    1.51475631  0.00000000  1.62558603  1.28758689  0.71029614  1.39543999
2    1.27810361  1.62558603  0.00000000  1.31907420  1.38315720  1.42556456
3    1.00800907  1.28758689  1.31907420  0.00000000  1.06029625  1.13999266
4    1.16840515  0.71029614  1.38315720  1.06029625  0.00000000  0.96871357
5    0.52820692  1.39543999  1.42556456  1.13999266  0.96871357  0.00000000
reason of abort: no candidate

--------------------------------------------------------------------------------
n=5
(result of R-step: (1,2:3)0.05801607)
V=[0, 1, 2, 4, 5]
total successes of this branch: 0
Matrix on 5 elements:

0    0.00000000  1.16885939  0.47735306  1.16840515  0.52820692
1    1.16885939  0.00000000  0.47893856  0.36439921  1.04954306
2    0.47735306  0.47893856  0.00000000  0.58240665  0.62481402
4    1.16840515  0.36439921  0.58240665  0.00000000  0.96871357
5    0.52820692  1.04954306  0.62481402  0.96871357  0.00000000
reason of abort: no pseudometric
