n=6
V=[0, 1, 2, 3, 4, 5]
total successes of this branch: 0
Matrix on 6 elements:

0    0.00000000  1.10967705  0.87201900  1.09281911  1.25984944  1.23054515
1    1.10967705  0.00000000  0.51342938  0.61531547  0.65253652  0.33778175
2    0.87201900  0.51342938  0.00000000  0.46563513  0.56677569  0.57739371
3    1.09281911  0.61531547  0.46563513  0.00000000  0.82197491  0.75940634
4    1.25984944  0.65253652  0.56677569  0.82197491  0.00000000  0.81349973
5    1.23054515  0.33778175  0.57739371  0.75940634  0.81349973  0.00000000
reason of abort: no candidate

--------------------------------------------------------------------------------
n=5
(result of R-step: (0,4:3)0.42080759)
V=[0, 1, 2, 4, 5]
total successes of this branch: 0
Matrix on 5 elements:

0    0.00000000  0.40542034  0.16776229  0.10547463  0.52628843
1    0.40542034  0.00000000  0.51342938  0.20241843  0.33778175
2    0.16776229  0.51342938  0.00000000  0.11665760  0.57739371
4    0.10547463  0.20241843  0.11665760  0.00000000  0.36338163
5    0.52628843  0.33778175  0.57739371  0.36338163  0.00000000
reason of abort: no pseudometric
