n=6
V=[0, 1, 2, 3, 4, 5]
total successes of this branch: 0
Matrix on 6 elements:

0    0.00000000  1.17281089  0.78494641  1.18937931  0.96806046  0.51092921
1    1.17281089  0.00000000  1.17312040  1.73561059  1.50548936  1.40325376
2    0.78494641  1.17312040  0.00000000  1.34627299  1.10226081  0.87898258
3    1.18937931  1.73561059  1.34627299  0.00000000  0.46002564  1.47306837
4    0.96806046  1.50548936  1.10226081  0.46002564  0.00000000  1.24403269
5    0.51092921  1.40325376  0.87898258  1.47306837  1.24403269  0.00000000
reason of abort: no candidate

--------------------------------------------------------------------------------
n=5
(result of R-step: (1,3:4)0.14492732)
V=[0, 1, 2, 3, 5]
total successes of this branch: 0
Matrix on 5 elements:

0    0.00000000  0.34365808  0.78494641  0.93945559  0.51092921
1    0.34365808  0.00000000  0.34396758  0.65653405  0.57410094
2    0.78494641  0.34396758  0.00000000  1.09634927  0.87898258
3    0.93945559  0.65653405  1.09634927  0.00000000  1.22314465
5    0.51092921  0.57410094  0.87898258  1.22314465  0.00000000
reason of abort: no pseudometric
