n=6
V=[0, 1, 2, 3, 4, 5]
total successes of this branch: 0
Matrix on 6 elements:

0    0.00000000  0.79210156  1.23895679  0.59397661  0.90049480  0.58339943
1    0.79210156  0.00000000  1.06999102  0.76630420  1.03651154  0.72423177
2    1.23895679  1.06999102  0.00000000  1.17872675  1.39764088  0.69137327
3    0.59397661  0.76630420  1.17872675  0.00000000  0.59196578  0.67319452
4    0.90049480  1.03651154  1.39764088  0.59196578  0.00000000  0.93772140
5    0.58339943  0.72423177  0.69137327  0.67319452  0.93772140  0.00000000
reason of abort: no candidate

--------------------------------------------------------------------------------
n=5
(result of R-step: (1,3:4)0.28548482)
V=[0, 1, 2, 3, 5]
total successes of this branch: 0
Matrix on 5 elements:

0    0.00000000  0.37348205  1.23895679  0.50773559  0.58339943
1    0.37348205  0.00000000  0.65137152  0.26144367  0.30561227
2    1.23895679  0.65137152  0.00000000  1.09248573  0.69137327
3    0.50773559  0.26144367  1.09248573  0.00000000  0.58695350
5    0.58339943  0.30561227  0.69137327  0.58695350  0.00000000
reason of abort: no pseudometric
