n=6
V=[0, 1, 2, 3, 4, 5]
total successes of this branch: 1
Matrix on 6 elements:

0    0.00000000  1.37536287  1.26549465  1.34453452  0.64977232  0.70882172
1    1.37536287  0.00000000  1.13552543  0.98000114  1.34253748  1.17663875
2    1.26549465  1.13552543  0.00000000  1.07486545  1.24966743  1.16967703
3    1.34453452  0.98000114  1.07486545  0.00000000  1.28162817  0.70207623
4    0.64977232  1.34253748  1.24966743  1.28162817  0.00000000  0.96736754
5    0.70882172  1.17663875  1.16967703  0.70207623  0.96736754  0.00000000

--------------------------------------------------------------------------------
n=5
(result of R-step: (0,3:5)0.49736127)
V=[0, 1, 2, 3, 4]
total successes of this branch: 1
Matrix on 5 elements:

0    0.00000000  1.34218115  1.23231293  1.27817109  0.61659060
1    1.34218115  0.00000000  1.13552543  0.94681943  1.34253748
2    1.23231293  1.13552543  0.00000000  1.04168373  1.24966743
3    1.27817109  0.94681943  1.04168373  0.00000000  1.24844645
4    0.61659060  1.34253748  1.24966743  1.24844645  0.00000000

--------------------------------------------------------------------------------
n=4
(result of R-step: (0,1:4)0.79929102)
V=[0, 1, 2, 3]
total successes of this branch: 0
Matrix on 4 elements:

0    0.00000000  0.56764369  1.03812698  1.08398514
1    0.56764369  0.00000000  0.55517391  0.36646791
2    1.03812698  0.55517391  0.00000000  1.04168373
3    1.08398514  0.36646791  1.04168373  0.00000000
reason of abort: no pseudometric

--------------------------------------------------------------------------------
n=4
(result of R-step: (0,3:4)0.91697378)
V=[0, 1, 2, 3]
total successes of this branch: 1
Matrix on 4 elements:

0    0.00000000  1.08192989  0.97206167  0.75766856
1    1.08192989  0.00000000  1.13552543  0.68656816
2    0.97206167  1.13552543  0.00000000  0.78143247
3    0.75766856  0.68656816  0.78143247  0.00000000
