n=6
V=[0, 1, 2, 3, 4, 5]
total successes of this branch: 2
Matrix on 6 elements:

0    0.00000000  1.28357201  1.28333634  1.19463778  1.28353627  1.22587215
1    1.28357201  0.00000000  1.28282012  1.28340257  1.14869551  0.83579287
2    1.28333634  1.28282012  0.00000000  1.25753372  1.25884869  1.26641450
3    1.19463778  1.28340257  1.25753372  0.00000000  1.27948019  0.45652450
4    1.28353627  1.14869551  1.25884869  1.27948019  0.00000000  1.23354762
5    1.22587215  0.83579287  1.26641450  0.45652450  1.23354762  0.00000000

--------------------------------------------------------------------------------
n=5
(result of R-step: (1,3:5)0.35120753)
V=[0, 1, 2, 3, 4]
total successes of this branch: 2
Matrix on 5 elements:

0    0.00000000  1.27911461  1.28333634  1.19018038  1.28353627
1    1.27911461  0.00000000  1.27836272  1.27448777  1.14423811
2    1.28333634  1.27836272  0.00000000  1.25307632  1.25884869
3    1.19018038  1.27448777  1.25307632  0.00000000  1.27502279
4    1.28353627  1.14423811  1.25884869  1.27502279  0.00000000

--------------------------------------------------------------------------------
n=4
(result of R-step: (0,2:3)0.83762119)
V=[0, 1, 2, 4]
total successes of this branch: 1
Matrix on 4 elements:

0    0.00000000  0.69036488  0.13222458  0.69478654
1    0.69036488  0.00000000  0.71600069  1.14423811
2    0.13222458  0.71600069  0.00000000  0.69648665
4    0.69478654  1.14423811  0.69648665  0.00000000

--------------------------------------------------------------------------------
n=4
(result of R-step: (1,2:4)0.84837424)
V=[0, 1, 2, 3]
total successes of this branch: 1
Matrix on 4 elements:

0    0.00000000  0.72120997  0.72097431  1.19018038
1    0.72120997  0.00000000  0.15809605  0.71658314
2    0.72097431  0.15809605  0.00000000  0.69071429
3    1.19018038  0.71658314  0.69071429  0.00000000
