n=6
V=[0, 1, 2, 3, 4, 5]
total successes of this branch: 2
Matrix on 6 elements:

0    0.00000000  0.81694917  0.64759105  0.68022179  0.70799084  0.40189559
1    0.81694917  0.00000000  0.78203471  0.72537830  0.60499053  0.43673541
2    0.64759105  0.78203471  0.00000000  0.70151666  0.71786971  0.71186796
3    0.68022179  0.72537830  0.70151666  0.00000000  0.25300900  0.70181091
4    0.70799084  0.60499053  0.71786971  0.25300900  0.00000000  0.65874686
5    0.40189559  0.43673541  0.71186796  0.70181091  0.65874686  0.00000000

--------------------------------------------------------------------------------
n=5
(result of R-step: (0,1:5)0.52190447)
V=[0, 1, 2, 3, 4]
total successes of this branch: 2
Matrix on 5 elements:

0    0.00000000  0.79526734  0.63675013  0.66938087  0.69714993
1    0.79526734  0.00000000  0.77119379  0.71453739  0.59414962
2    0.63675013  0.77119379  0.00000000  0.70151666  0.71786971
3    0.66938087  0.71453739  0.70151666  0.00000000  0.25300900
4    0.69714993  0.59414962  0.71786971  0.25300900  0.00000000

--------------------------------------------------------------------------------
n=4
(result of R-step: (0,1:2)0.92294650)
V=[0, 1, 3, 4]
total successes of this branch: 1
Matrix on 4 elements:

0    0.00000000  0.44356396  0.37314719  0.40091625
1    0.44356396  0.00000000  0.65906769  0.53867992
3    0.37314719  0.65906769  0.00000000  0.25300900
4    0.40091625  0.53867992  0.25300900  0.00000000

--------------------------------------------------------------------------------
n=4
(result of R-step: (1,3:4)0.20309798)
V=[0, 1, 2, 3]
total successes of this branch: 1
Matrix on 4 elements:

0    0.00000000  0.73979764  0.63675013  0.60307026
1    0.73979764  0.00000000  0.71572409  0.59275707
2    0.63675013  0.71572409  0.00000000  0.63520604
3    0.60307026  0.59275707  0.63520604  0.00000000
