n=6
V=[0, 1, 2, 3, 4, 5]
total successes of this branch: 2
Matrix on 6 elements:

0    0.00000000  1.33357315  1.30145930  1.25800028  1.25850917  1.14724162
1    1.33357315  0.00000000  1.16650458  0.45045961  0.44973946  0.52871026
2    1.30145930  1.16650458  0.00000000  1.17714300  1.17707137  1.18818547
3    1.25800028  0.45045961  1.17714300  0.00000000  0.34423220  0.42587765
4    1.25850917  0.44973946  1.17707137  0.34423220  0.00000000  0.12448085
5    1.14724162  0.52871026  1.18818547  0.42587765  0.12448085  0.00000000

--------------------------------------------------------------------------------
n=5
(result of R-step: (0,4:5)0.08935029)
V=[0, 1, 2, 3, 4]
total successes of this branch: 2
Matrix on 5 elements:

0    0.00000000  1.32696650  1.29485265  1.25139363  1.24529587
1    1.32696650  0.00000000  1.16650458  0.45045961  0.44313281
2    1.29485265  1.16650458  0.00000000  1.17714300  1.17046472
3    1.25139363  0.45045961  1.17714300  0.00000000  0.33762555
4    1.24529587  0.44313281  1.17046472  0.33762555  0.00000000

--------------------------------------------------------------------------------
n=4
(result of R-step: (0,1:2)0.52766222)
V=[0, 1, 3, 4]
total successes of this branch: 1
Matrix on 4 elements:

0    0.00000000  0.81027820  0.90646135  0.90036359
1    0.81027820  0.00000000  0.27870359  0.27137678
3    0.90646135  0.27870359  0.00000000  0.33762555
4    0.90036359  0.27137678  0.33762555  0.00000000

--------------------------------------------------------------------------------
n=4
(result of R-step: (1,3:4)0.00673370)
V=[0, 1, 2, 3]
total successes of this branch: 1
Matrix on 4 elements:

0    0.00000000  1.15521048  1.29485265  1.07963761
1    1.15521048  0.00000000  0.99474855  0.10694756
2    1.29485265  0.99474855  0.00000000  1.00538698
3    1.07963761  0.10694756  1.00538698  0.00000000
