n=20
V=[0, 1, 2, 3, 4, 5, 6, 7, 8, 9, 10, 11, 12, 13, 14, 15, 16, 17, 18, 19]
total successes of this branch: 1
Matrix on 20 elements:

0    0.00000000  2.09508256  2.06221361  2.07614223  1.67281782  2.07032827  1.73900041  2.08224146  2.09242490  2.06508122  1.92353386  1.95753760  2.00969740  2.02181681  2.01315264  1.78483756  2.01439726  0.88489352  2.06577348  2.08665357
1    2.09508256  0.00000000  2.08264996  1.97022167  2.07144755  2.01715050  2.05339374  1.58409936  1.17530246  1.98404226  1.59491614  1.68839541  0.98962757  1.20723131  1.05166634  1.79405628  1.07401354  1.72003231  2.05391553  0.54045179
2    2.06221361  2.08264996  0.00000000  1.92976845  2.03714297  1.73883637  1.88922684  1.76299815  2.06119799  1.05100526  1.97901810  1.75608276  2.03626891  1.82066765  1.97480105  1.96765994  1.95265950  2.05341129  0.89984693  1.55076792
3    2.07614223  1.97022167  1.92976845  0.00000000  1.98197091  1.66328088  1.85528702  1.95441758  1.84047474  1.93329775  1.84755309  1.86815142  1.94266142  1.94061240  1.94207724  1.96869589  1.94186682  2.03085589  1.81286110  1.95984775
4    1.67281782  2.07144755  2.03714297  1.98197091  0.00000000  2.00500035  1.85051487  2.05804559  2.05889241  2.04013584  1.95931499  1.97873048  2.01846997  2.02321102  2.01982164  0.91358304  2.02030853  1.79008801  2.02304209  2.06265041
5    2.07032827  2.01715050  1.73883637  1.66328088  2.00500035  0.00000000  1.68921814  1.90841993  1.96749636  1.76311759  1.83451549  1.81736366  1.93851539  1.90013380  1.92757281  1.97134087  1.92363114  2.02560781  1.08310772  1.94577896
6    1.73900041  2.05339374  1.88922684  1.85528702  1.85051487  1.68921814  0.00000000  1.98925772  2.02559588  1.90354941  1.49311743  1.59171498  1.71785307  1.75848825  1.72943814  1.82097668  1.73361125  1.73182570  1.80148358  2.01129439
7    2.08224146  1.58409936  1.76299815  1.95441758  2.05804559  1.90841993  1.98925772  0.00000000  1.63606152  1.74739031  1.80484347  1.79104157  1.68125254  1.69572520  1.68537869  1.94175002  1.68686498  1.94619703  1.82679428  1.62997659
8    2.09242490  1.17530246  2.06119799  1.84047474  2.05889241  1.96749636  2.02559588  1.63606152  0.00000000  1.98390895  1.44380015  1.57354980  1.37919486  1.51152200  1.41692129  1.88320053  1.43051086  1.85044571  2.02009135  1.40248361
9    2.06508122  1.98404226  1.05100526  1.93329775  2.04013584  1.76311759  1.90354941  1.74739031  1.98390895  0.00000000  1.94550752  1.69189319  1.96474083  1.64155993  1.87260204  1.91220318  1.83941241  2.03103851  1.36340695  1.74477204
10    1.92353386  1.59491614  1.97901810  1.84755309  1.95931499  1.83451549  1.49311743  1.80484347  1.44380015  1.94550752  0.00000000  1.14340160  1.57050576  1.65256588  1.59390108  1.86085638  1.60232839  1.80376121  1.91562521  1.69341615
11    1.95753760  1.68839541  1.75608276  1.86815142  1.97873048  1.81736366  1.59171498  1.79104157  1.57354980  1.69189319  1.14340160  0.00000000  1.66521235  1.67105081  1.66687689  1.87997318  1.66747648  1.85835974  1.78296652  1.70575331
12    2.00969740  0.98962757  2.03626891  1.94266142  2.01846997  1.93851539  1.71785307  1.68125254  1.37919486  1.96474083  1.57050576  1.66521235  0.00000000  0.81103615  0.52472847  1.63091464  0.56585711  1.43213000  1.99338471  1.25803075
13    2.02181681  1.20723131  1.82066765  1.94061240  2.02321102  1.90013380  1.75848825  1.69572520  1.51152200  1.64155993  1.65256588  1.67105081  0.81103615  0.00000000  0.69685765  1.49869155  0.64374408  1.61103249  1.85552923  1.36454238
14    2.01315264  1.05166634  1.97480105  1.94207724  2.01982164  1.92757281  1.72943814  1.68537869  1.41692129  1.87260204  1.59390108  1.66687689  0.52472847  0.69685765  0.00000000  1.59518409  0.38023314  1.50817157  1.95408215  1.28839719
15    1.78483756  1.79405628  1.96765994  1.96869589  0.91358304  1.97134087  1.82097668  1.94175002  1.88320053  1.91220318  1.86085638  1.87997318  1.63091464  1.49869155  1.59518409  0.00000000  1.58132275  1.73261578  1.96927475  1.83857561
16    2.01439726  1.07401354  1.95265950  1.94186682  2.02030853  1.92363114  1.73361125  1.68686498  1.43051086  1.83941241  1.60232839  1.66747648  0.56585711  0.64374408  0.38023314  1.58132275  0.00000000  1.52294773  1.93992484  1.29933559
17    0.88489352  1.72003231  2.05341129  2.03085589  1.79008801  2.02560781  1.73182570  1.94619703  1.85044571  2.03103851  1.80376121  1.85835974  1.43213000  1.61103249  1.50817157  1.73261578  1.52294773  0.00000000  2.04121398  1.80552481
18    2.06577348  2.05391553  0.89984693  1.81286110  2.02304209  1.08310772  1.80148358  1.82679428  2.02009135  1.36340695  1.91562521  1.78296652  1.99338471  1.85552923  1.95408215  1.96927475  1.93992484  2.04121398  0.00000000  1.75796345
19    2.08665357  0.54045179  1.55076792  1.95984775  2.06265041  1.94577896  2.01129439  1.62997659  1.40248361  1.74477204  1.69341615  1.70575331  1.25803075  1.36454238  1.28839719  1.83857561  1.29933559  1.80552481  1.75796345  0.00000000

--------------------------------------------------------------------------------
n=19
(result of R-step: (0,12:17)0.66072771)
V=[0, 1, 2, 3, 4, 5, 6, 7, 8, 9, 10, 11, 12, 13, 14, 15, 16, 18, 19]
total successes of this branch: 1
Matrix on 19 elements:

0    0.00000000  1.94141950  1.90855055  1.92247917  1.51915476  1.91666521  1.58533735  1.92857840  1.93876184  1.91141816  1.76987080  1.80387454  1.70237128  1.86815376  1.85948958  1.63117450  1.86073420  1.91211043  1.93299051
1    1.94141950  0.00000000  2.08264996  1.97022167  2.07144755  2.01715050  2.05339374  1.58409936  1.17530246  1.98404226  1.59491614  1.68839541  0.83596451  1.20723131  1.05166634  1.79405628  1.07401354  2.05391553  0.54045179
2    1.90855055  2.08264996  0.00000000  1.92976845  2.03714297  1.73883637  1.88922684  1.76299815  2.06119799  1.05100526  1.97901810  1.75608276  1.88260585  1.82066765  1.97480105  1.96765994  1.95265950  0.89984693  1.55076792
3    1.92247917  1.97022167  1.92976845  0.00000000  1.98197091  1.66328088  1.85528702  1.95441758  1.84047474  1.93329775  1.84755309  1.86815142  1.78899836  1.94061240  1.94207724  1.96869589  1.94186682  1.81286110  1.95984775
4    1.51915476  2.07144755  2.03714297  1.98197091  0.00000000  2.00500035  1.85051487  2.05804559  2.05889241  2.04013584  1.95931499  1.97873048  1.86480691  2.02321102  2.01982164  0.91358304  2.02030853  2.02304209  2.06265041
5    1.91666521  2.01715050  1.73883637  1.66328088  2.00500035  0.00000000  1.68921814  1.90841993  1.96749636  1.76311759  1.83451549  1.81736366  1.78485233  1.90013380  1.92757281  1.97134087  1.92363114  1.08310772  1.94577896
6    1.58533735  2.05339374  1.88922684  1.85528702  1.85051487  1.68921814  0.00000000  1.98925772  2.02559588  1.90354941  1.49311743  1.59171498  1.56419001  1.75848825  1.72943814  1.82097668  1.73361125  1.80148358  2.01129439
7    1.92857840  1.58409936  1.76299815  1.95441758  2.05804559  1.90841993  1.98925772  0.00000000  1.63606152  1.74739031  1.80484347  1.79104157  1.52758948  1.69572520  1.68537869  1.94175002  1.68686498  1.82679428  1.62997659
8    1.93876184  1.17530246  2.06119799  1.84047474  2.05889241  1.96749636  2.02559588  1.63606152  0.00000000  1.98390895  1.44380015  1.57354980  1.22553180  1.51152200  1.41692129  1.88320053  1.43051086  2.02009135  1.40248361
9    1.91141816  1.98404226  1.05100526  1.93329775  2.04013584  1.76311759  1.90354941  1.74739031  1.98390895  0.00000000  1.94550752  1.69189319  1.81107777  1.64155993  1.87260204  1.91220318  1.83941241  1.36340695  1.74477204
10    1.76987080  1.59491614  1.97901810  1.84755309  1.95931499  1.83451549  1.49311743  1.80484347  1.44380015  1.94550752  0.00000000  1.14340160  1.41684270  1.65256588  1.59390108  1.86085638  1.60232839  1.91562521  1.69341615
11    1.80387454  1.68839541  1.75608276  1.86815142  1.97873048  1.81736366  1.59171498  1.79104157  1.57354980  1.69189319  1.14340160  0.00000000  1.51154929  1.67105081  1.66687689  1.87997318  1.66747648  1.78296652  1.70575331
12    1.70237128  0.83596451  1.88260585  1.78899836  1.86480691  1.78485233  1.56419001  1.52758948  1.22553180  1.81107777  1.41684270  1.51154929  0.00000000  0.65737310  0.37106541  1.47725158  0.41219405  1.83972165  1.10436769
13    1.86815376  1.20723131  1.82066765  1.94061240  2.02321102  1.90013380  1.75848825  1.69572520  1.51152200  1.64155993  1.65256588  1.67105081  0.65737310  0.00000000  0.69685765  1.49869155  0.64374408  1.85552923  1.36454238
14    1.85948958  1.05166634  1.97480105  1.94207724  2.01982164  1.92757281  1.72943814  1.68537869  1.41692129  1.87260204  1.59390108  1.66687689  0.37106541  0.69685765  0.00000000  1.59518409  0.38023314  1.95408215  1.28839719
15    1.63117450  1.79405628  1.96765994  1.96869589  0.91358304  1.97134087  1.82097668  1.94175002  1.88320053  1.91220318  1.86085638  1.87997318  1.47725158  1.49869155  1.59518409  0.00000000  1.58132275  1.96927475  1.83857561
16    1.86073420  1.07401354  1.95265950  1.94186682  2.02030853  1.92363114  1.73361125  1.68686498  1.43051086  1.83941241  1.60232839  1.66747648  0.41219405  0.64374408  0.38023314  1.58132275  0.00000000  1.93992484  1.29933559
18    1.91211043  2.05391553  0.89984693  1.81286110  2.02304209  1.08310772  1.80148358  1.82679428  2.02009135  1.36340695  1.91562521  1.78296652  1.83972165  1.85552923  1.95408215  1.96927475  1.93992484  0.00000000  1.75796345
19    1.93299051  0.54045179  1.55076792  1.95984775  2.06265041  1.94577896  2.01129439  1.62997659  1.40248361  1.74477204  1.69341615  1.70575331  1.10436769  1.36454238  1.28839719  1.83857561  1.29933559  1.75796345  0.00000000

--------------------------------------------------------------------------------
n=18
(result of R-step: (1,2:19)0.74355763)
V=[0, 1, 2, 3, 4, 5, 6, 7, 8, 9, 10, 11, 12, 13, 14, 15, 16, 18]
total successes of this branch: 1
Matrix on 18 elements:

0    0.00000000  1.93713462  1.90426567  1.92247917  1.51915476  1.91666521  1.58533735  1.92857840  1.93876184  1.91141816  1.76987080  1.80387454  1.70237128  1.86815376  1.85948958  1.63117450  1.86073420  1.91211043
1    1.93713462  0.00000000  2.07408021  1.96593679  2.06716268  2.01286562  2.04910887  1.57981448  1.17101759  1.97975738  1.59063126  1.68411054  0.83167963  1.20294644  1.04738146  1.78977140  1.06972866  2.04963065
2    1.90426567  2.07408021  0.00000000  1.92548357  2.03285809  1.73455149  1.88494197  1.75871328  2.05691312  1.04672039  1.97473323  1.75179788  1.87832097  1.81638277  1.97051617  1.96337506  1.94837462  0.89556206
3    1.92247917  1.96593679  1.92548357  0.00000000  1.98197091  1.66328088  1.85528702  1.95441758  1.84047474  1.93329775  1.84755309  1.86815142  1.78899836  1.94061240  1.94207724  1.96869589  1.94186682  1.81286110
4    1.51915476  2.06716268  2.03285809  1.98197091  0.00000000  2.00500035  1.85051487  2.05804559  2.05889241  2.04013584  1.95931499  1.97873048  1.86480691  2.02321102  2.01982164  0.91358304  2.02030853  2.02304209
5    1.91666521  2.01286562  1.73455149  1.66328088  2.00500035  0.00000000  1.68921814  1.90841993  1.96749636  1.76311759  1.83451549  1.81736366  1.78485233  1.90013380  1.92757281  1.97134087  1.92363114  1.08310772
6    1.58533735  2.04910887  1.88494197  1.85528702  1.85051487  1.68921814  0.00000000  1.98925772  2.02559588  1.90354941  1.49311743  1.59171498  1.56419001  1.75848825  1.72943814  1.82097668  1.73361125  1.80148358
7    1.92857840  1.57981448  1.75871328  1.95441758  2.05804559  1.90841993  1.98925772  0.00000000  1.63606152  1.74739031  1.80484347  1.79104157  1.52758948  1.69572520  1.68537869  1.94175002  1.68686498  1.82679428
8    1.93876184  1.17101759  2.05691312  1.84047474  2.05889241  1.96749636  2.02559588  1.63606152  0.00000000  1.98390895  1.44380015  1.57354980  1.22553180  1.51152200  1.41692129  1.88320053  1.43051086  2.02009135
9    1.91141816  1.97975738  1.04672039  1.93329775  2.04013584  1.76311759  1.90354941  1.74739031  1.98390895  0.00000000  1.94550752  1.69189319  1.81107777  1.64155993  1.87260204  1.91220318  1.83941241  1.36340695
10    1.76987080  1.59063126  1.97473323  1.84755309  1.95931499  1.83451549  1.49311743  1.80484347  1.44380015  1.94550752  0.00000000  1.14340160  1.41684270  1.65256588  1.59390108  1.86085638  1.60232839  1.91562521
11    1.80387454  1.68411054  1.75179788  1.86815142  1.97873048  1.81736366  1.59171498  1.79104157  1.57354980  1.69189319  1.14340160  0.00000000  1.51154929  1.67105081  1.66687689  1.87997318  1.66747648  1.78296652
12    1.70237128  0.83167963  1.87832097  1.78899836  1.86480691  1.78485233  1.56419001  1.52758948  1.22553180  1.81107777  1.41684270  1.51154929  0.00000000  0.65737310  0.37106541  1.47725158  0.41219405  1.83972165
13    1.86815376  1.20294644  1.81638277  1.94061240  2.02321102  1.90013380  1.75848825  1.69572520  1.51152200  1.64155993  1.65256588  1.67105081  0.65737310  0.00000000  0.69685765  1.49869155  0.64374408  1.85552923
14    1.85948958  1.04738146  1.97051617  1.94207724  2.01982164  1.92757281  1.72943814  1.68537869  1.41692129  1.87260204  1.59390108  1.66687689  0.37106541  0.69685765  0.00000000  1.59518409  0.38023314  1.95408215
15    1.63117450  1.78977140  1.96337506  1.96869589  0.91358304  1.97134087  1.82097668  1.94175002  1.88320053  1.91220318  1.86085638  1.87997318  1.47725158  1.49869155  1.59518409  0.00000000  1.58132275  1.96927475
16    1.86073420  1.06972866  1.94837462  1.94186682  2.02030853  1.92363114  1.73361125  1.68686498  1.43051086  1.83941241  1.60232839  1.66747648  0.41219405  0.64374408  0.38023314  1.58132275  0.00000000  1.93992484
18    1.91211043  2.04963065  0.89556206  1.81286110  2.02304209  1.08310772  1.80148358  1.82679428  2.02009135  1.36340695  1.91562521  1.78296652  1.83972165  1.85552923  1.95408215  1.96927475  1.93992484  0.00000000

--------------------------------------------------------------------------------
n=17
(result of R-step: (2,5:18)0.56130279)
V=[0, 1, 2, 3, 4, 5, 6, 7, 8, 9, 10, 11, 12, 13, 14, 15, 16]
total successes of this branch: 1
Matrix on 17 elements:

0    0.00000000  1.93713462  1.78649140  1.92247917  1.51915476  1.79460606  1.58533735  1.92857840  1.93876184  1.91141816  1.76987080  1.80387454  1.70237128  1.86815376  1.85948958  1.63117450  1.86073420
1    1.93713462  0.00000000  1.95630594  1.96593679  2.06716268  1.89080648  2.04910887  1.57981448  1.17101759  1.97975738  1.59063126  1.68411054  0.83167963  1.20294644  1.04738146  1.78977140  1.06972866
2    1.78649140  1.95630594  0.00000000  1.80770930  1.91508383  1.49471808  1.76716770  1.64093901  1.93913885  0.92894612  1.85695896  1.63402361  1.76054671  1.69860850  1.85274190  1.84560079  1.83060035
3    1.92247917  1.96593679  1.80770930  0.00000000  1.98197091  1.54122174  1.85528702  1.95441758  1.84047474  1.93329775  1.84755309  1.86815142  1.78899836  1.94061240  1.94207724  1.96869589  1.94186682
4    1.51915476  2.06716268  1.91508383  1.98197091  0.00000000  1.88294120  1.85051487  2.05804559  2.05889241  2.04013584  1.95931499  1.97873048  1.86480691  2.02321102  2.01982164  0.91358304  2.02030853
5    1.79460606  1.89080648  1.49471808  1.54122174  1.88294120  0.00000000  1.56715899  1.78636078  1.84543722  1.64105845  1.71245634  1.69530452  1.66279319  1.77807466  1.80551366  1.84928173  1.80157200
6    1.58533735  2.04910887  1.76716770  1.85528702  1.85051487  1.56715899  0.00000000  1.98925772  2.02559588  1.90354941  1.49311743  1.59171498  1.56419001  1.75848825  1.72943814  1.82097668  1.73361125
7    1.92857840  1.57981448  1.64093901  1.95441758  2.05804559  1.78636078  1.98925772  0.00000000  1.63606152  1.74739031  1.80484347  1.79104157  1.52758948  1.69572520  1.68537869  1.94175002  1.68686498
8    1.93876184  1.17101759  1.93913885  1.84047474  2.05889241  1.84543722  2.02559588  1.63606152  0.00000000  1.98390895  1.44380015  1.57354980  1.22553180  1.51152200  1.41692129  1.88320053  1.43051086
9    1.91141816  1.97975738  0.92894612  1.93329775  2.04013584  1.64105845  1.90354941  1.74739031  1.98390895  0.00000000  1.94550752  1.69189319  1.81107777  1.64155993  1.87260204  1.91220318  1.83941241
10    1.76987080  1.59063126  1.85695896  1.84755309  1.95931499  1.71245634  1.49311743  1.80484347  1.44380015  1.94550752  0.00000000  1.14340160  1.41684270  1.65256588  1.59390108  1.86085638  1.60232839
11    1.80387454  1.68411054  1.63402361  1.86815142  1.97873048  1.69530452  1.59171498  1.79104157  1.57354980  1.69189319  1.14340160  0.00000000  1.51154929  1.67105081  1.66687689  1.87997318  1.66747648
12    1.70237128  0.83167963  1.76054671  1.78899836  1.86480691  1.66279319  1.56419001  1.52758948  1.22553180  1.81107777  1.41684270  1.51154929  0.00000000  0.65737310  0.37106541  1.47725158  0.41219405
13    1.86815376  1.20294644  1.69860850  1.94061240  2.02321102  1.77807466  1.75848825  1.69572520  1.51152200  1.64155993  1.65256588  1.67105081  0.65737310  0.00000000  0.69685765  1.49869155  0.64374408
14    1.85948958  1.04738146  1.85274190  1.94207724  2.01982164  1.80551366  1.72943814  1.68537869  1.41692129  1.87260204  1.59390108  1.66687689  0.37106541  0.69685765  0.00000000  1.59518409  0.38023314
15    1.63117450  1.78977140  1.84560079  1.96869589  0.91358304  1.84928173  1.82097668  1.94175002  1.88320053  1.91220318  1.86085638  1.87997318  1.47725158  1.49869155  1.59518409  0.00000000  1.58132275
16    1.86073420  1.06972866  1.83060035  1.94186682  2.02030853  1.80157200  1.73361125  1.68686498  1.43051086  1.83941241  1.60232839  1.66747648  0.41219405  0.64374408  0.38023314  1.58132275  0.00000000

--------------------------------------------------------------------------------
n=16
(result of R-step: (13,14:16)0.14365188)
V=[0, 1, 2, 3, 4, 5, 6, 7, 8, 9, 10, 11, 12, 13, 14, 15]
total successes of this branch: 1
Matrix on 16 elements:

0    0.00000000  1.93713462  1.78649140  1.92247917  1.51915476  1.79460606  1.58533735  1.92857840  1.93876184  1.91141816  1.76987080  1.80387454  1.70237128  1.70459397  1.69592979  1.63117450
1    1.93713462  0.00000000  1.95630594  1.96593679  2.06716268  1.89080648  2.04910887  1.57981448  1.17101759  1.97975738  1.59063126  1.68411054  0.83167963  1.03938665  0.88382167  1.78977140
2    1.78649140  1.95630594  0.00000000  1.80770930  1.91508383  1.49471808  1.76716770  1.64093901  1.93913885  0.92894612  1.85695896  1.63402361  1.76054671  1.53504872  1.68918212  1.84560079
3    1.92247917  1.96593679  1.80770930  0.00000000  1.98197091  1.54122174  1.85528702  1.95441758  1.84047474  1.93329775  1.84755309  1.86815142  1.78899836  1.77705262  1.77851746  1.96869589
4    1.51915476  2.06716268  1.91508383  1.98197091  0.00000000  1.88294120  1.85051487  2.05804559  2.05889241  2.04013584  1.95931499  1.97873048  1.86480691  1.85965123  1.85626185  0.91358304
5    1.79460606  1.89080648  1.49471808  1.54122174  1.88294120  0.00000000  1.56715899  1.78636078  1.84543722  1.64105845  1.71245634  1.69530452  1.66279319  1.61451487  1.64195388  1.84928173
6    1.58533735  2.04910887  1.76716770  1.85528702  1.85051487  1.56715899  0.00000000  1.98925772  2.02559588  1.90354941  1.49311743  1.59171498  1.56419001  1.59492846  1.56587836  1.82097668
7    1.92857840  1.57981448  1.64093901  1.95441758  2.05804559  1.78636078  1.98925772  0.00000000  1.63606152  1.74739031  1.80484347  1.79104157  1.52758948  1.53216541  1.52181890  1.94175002
8    1.93876184  1.17101759  1.93913885  1.84047474  2.05889241  1.84543722  2.02559588  1.63606152  0.00000000  1.98390895  1.44380015  1.57354980  1.22553180  1.34796222  1.25336151  1.88320053
9    1.91141816  1.97975738  0.92894612  1.93329775  2.04013584  1.64105845  1.90354941  1.74739031  1.98390895  0.00000000  1.94550752  1.69189319  1.81107777  1.47800014  1.70904225  1.91220318
10    1.76987080  1.59063126  1.85695896  1.84755309  1.95931499  1.71245634  1.49311743  1.80484347  1.44380015  1.94550752  0.00000000  1.14340160  1.41684270  1.48900610  1.43034129  1.86085638
11    1.80387454  1.68411054  1.63402361  1.86815142  1.97873048  1.69530452  1.59171498  1.79104157  1.57354980  1.69189319  1.14340160  0.00000000  1.51154929  1.50749102  1.50331711  1.87997318
12    1.70237128  0.83167963  1.76054671  1.78899836  1.86480691  1.66279319  1.56419001  1.52758948  1.22553180  1.81107777  1.41684270  1.51154929  0.00000000  0.49381331  0.20750563  1.47725158
13    1.70459397  1.03938665  1.53504872  1.77705262  1.85965123  1.61451487  1.59492846  1.53216541  1.34796222  1.47800014  1.48900610  1.50749102  0.49381331  0.00000000  0.36973808  1.33513176
14    1.69592979  0.88382167  1.68918212  1.77851746  1.85626185  1.64195388  1.56587836  1.52181890  1.25336151  1.70904225  1.43034129  1.50331711  0.20750563  0.36973808  0.00000000  1.43162430
15    1.63117450  1.78977140  1.84560079  1.96869589  0.91358304  1.84928173  1.82097668  1.94175002  1.88320053  1.91220318  1.86085638  1.87997318  1.47725158  1.33513176  1.43162430  0.00000000

--------------------------------------------------------------------------------
n=15
(result of R-step: (4,13:15)0.67902562)
V=[0, 1, 2, 3, 4, 5, 6, 7, 8, 9, 10, 11, 12, 13, 14]
total successes of this branch: 1
Matrix on 15 elements:

0    0.00000000  1.93713462  1.78649140  1.92247917  1.32462298  1.79460606  1.58533735  1.92857840  1.93876184  1.91141816  1.76987080  1.80387454  1.70237128  1.67362197  1.69592979
1    1.93713462  0.00000000  1.95630594  1.96593679  1.87263090  1.89080648  2.04910887  1.57981448  1.17101759  1.97975738  1.59063126  1.68411054  0.83167963  1.00841466  0.88382167
2    1.78649140  1.95630594  0.00000000  1.80770930  1.72055204  1.49471808  1.76716770  1.64093901  1.93913885  0.92894612  1.85695896  1.63402361  1.76054671  1.50407672  1.68918212
3    1.92247917  1.96593679  1.80770930  0.00000000  1.78743913  1.54122174  1.85528702  1.95441758  1.84047474  1.93329775  1.84755309  1.86815142  1.78899836  1.74608062  1.77851746
4    1.32462298  1.87263090  1.72055204  1.78743913  0.00000000  1.68840942  1.65598308  1.86351380  1.86436062  1.84560405  1.76478320  1.78419869  1.67027512  1.63414745  1.66173007
5    1.79460606  1.89080648  1.49471808  1.54122174  1.68840942  0.00000000  1.56715899  1.78636078  1.84543722  1.64105845  1.71245634  1.69530452  1.66279319  1.58354287  1.64195388
6    1.58533735  2.04910887  1.76716770  1.85528702  1.65598308  1.56715899  0.00000000  1.98925772  2.02559588  1.90354941  1.49311743  1.59171498  1.56419001  1.56395646  1.56587836
7    1.92857840  1.57981448  1.64093901  1.95441758  1.86351380  1.78636078  1.98925772  0.00000000  1.63606152  1.74739031  1.80484347  1.79104157  1.52758948  1.50119342  1.52181890
8    1.93876184  1.17101759  1.93913885  1.84047474  1.86436062  1.84543722  2.02559588  1.63606152  0.00000000  1.98390895  1.44380015  1.57354980  1.22553180  1.31699022  1.25336151
9    1.91141816  1.97975738  0.92894612  1.93329775  1.84560405  1.64105845  1.90354941  1.74739031  1.98390895  0.00000000  1.94550752  1.69189319  1.81107777  1.44702814  1.70904225
10    1.76987080  1.59063126  1.85695896  1.84755309  1.76478320  1.71245634  1.49311743  1.80484347  1.44380015  1.94550752  0.00000000  1.14340160  1.41684270  1.45803410  1.43034129
11    1.80387454  1.68411054  1.63402361  1.86815142  1.78419869  1.69530452  1.59171498  1.79104157  1.57354980  1.69189319  1.14340160  0.00000000  1.51154929  1.47651903  1.50331711
12    1.70237128  0.83167963  1.76054671  1.78899836  1.67027512  1.66279319  1.56419001  1.52758948  1.22553180  1.81107777  1.41684270  1.51154929  0.00000000  0.46284131  0.20750563
13    1.67362197  1.00841466  1.50407672  1.74608062  1.63414745  1.58354287  1.56395646  1.50119342  1.31699022  1.44702814  1.45803410  1.47651903  0.46284131  0.00000000  0.33876608
14    1.69592979  0.88382167  1.68918212  1.77851746  1.66173007  1.64195388  1.56587836  1.52181890  1.25336151  1.70904225  1.43034129  1.50331711  0.20750563  0.33876608  0.00000000

--------------------------------------------------------------------------------
n=14
(result of R-step: (12,13:14)0.71490027)
V=[0, 1, 2, 3, 4, 5, 6, 7, 8, 9, 10, 11, 12, 13]
total successes of this branch: 1
Matrix on 14 elements:

0    0.00000000  1.93713462  1.78649140  1.92247917  1.32462298  1.79460606  1.58533735  1.92857840  1.93876184  1.91141816  1.76987080  1.80387454  1.65075935  1.66287877
1    1.93713462  0.00000000  1.95630594  1.96593679  1.87263090  1.89080648  2.04910887  1.57981448  1.17101759  1.97975738  1.59063126  1.68411054  0.78006771  0.99767145
2    1.78649140  1.95630594  0.00000000  1.80770930  1.72055204  1.49471808  1.76716770  1.64093901  1.93913885  0.92894612  1.85695896  1.63402361  1.70893478  1.49333352
3    1.92247917  1.96593679  1.80770930  0.00000000  1.78743913  1.54122174  1.85528702  1.95441758  1.84047474  1.93329775  1.84755309  1.86815142  1.73738643  1.73533742
4    1.32462298  1.87263090  1.72055204  1.78743913  0.00000000  1.68840942  1.65598308  1.86351380  1.86436062  1.84560405  1.76478320  1.78419869  1.61866320  1.62340425
5    1.79460606  1.89080648  1.49471808  1.54122174  1.68840942  0.00000000  1.56715899  1.78636078  1.84543722  1.64105845  1.71245634  1.69530452  1.61118126  1.57279967
6    1.58533735  2.04910887  1.76716770  1.85528702  1.65598308  1.56715899  0.00000000  1.98925772  2.02559588  1.90354941  1.49311743  1.59171498  1.51257808  1.55321326
7    1.92857840  1.57981448  1.64093901  1.95441758  1.86351380  1.78636078  1.98925772  0.00000000  1.63606152  1.74739031  1.80484347  1.79104157  1.47597755  1.49045021
8    1.93876184  1.17101759  1.93913885  1.84047474  1.86436062  1.84543722  2.02559588  1.63606152  0.00000000  1.98390895  1.44380015  1.57354980  1.17391988  1.30624702
9    1.91141816  1.97975738  0.92894612  1.93329775  1.84560405  1.64105845  1.90354941  1.74739031  1.98390895  0.00000000  1.94550752  1.69189319  1.75946584  1.43628494
10    1.76987080  1.59063126  1.85695896  1.84755309  1.76478320  1.71245634  1.49311743  1.80484347  1.44380015  1.94550752  0.00000000  1.14340160  1.36523078  1.44729090
11    1.80387454  1.68411054  1.63402361  1.86815142  1.78419869  1.69530452  1.59171498  1.79104157  1.57354980  1.69189319  1.14340160  0.00000000  1.45993737  1.46577583
12    1.65075935  0.78006771  1.70893478  1.73738643  1.61866320  1.61118126  1.51257808  1.47597755  1.17391988  1.75946584  1.36523078  1.45993737  0.00000000  0.40048619
13    1.66287877  0.99767145  1.49333352  1.73533742  1.62340425  1.57279967  1.55321326  1.49045021  1.30624702  1.43628494  1.44729090  1.46577583  0.40048619  0.00000000

--------------------------------------------------------------------------------
n=13
(result of R-step: (9,12:13)0.21882596)
V=[0, 1, 2, 3, 4, 5, 6, 7, 8, 9, 10, 11, 12]
total successes of this branch: 1
Matrix on 13 elements:

0    0.00000000  1.93713462  1.78649140  1.92247917  1.32462298  1.79460606  1.58533735  1.92857840  1.93876184  1.66749054  1.76987080  1.80387454  1.61210671
1    1.93713462  0.00000000  1.95630594  1.96593679  1.87263090  1.89080648  2.04910887  1.57981448  1.17101759  1.73582976  1.59063126  1.68411054  0.74141506
2    1.78649140  1.95630594  0.00000000  1.80770930  1.72055204  1.49471808  1.76716770  1.64093901  1.93913885  0.68501849  1.85695896  1.63402361  1.67028214
3    1.92247917  1.96593679  1.80770930  0.00000000  1.78743913  1.54122174  1.85528702  1.95441758  1.84047474  1.68937012  1.84755309  1.86815142  1.69873379
4    1.32462298  1.87263090  1.72055204  1.78743913  0.00000000  1.68840942  1.65598308  1.86351380  1.86436062  1.60167643  1.76478320  1.78419869  1.58001056
5    1.79460606  1.89080648  1.49471808  1.54122174  1.68840942  0.00000000  1.56715899  1.78636078  1.84543722  1.39713083  1.71245634  1.69530452  1.57252862
6    1.58533735  2.04910887  1.76716770  1.85528702  1.65598308  1.56715899  0.00000000  1.98925772  2.02559588  1.65962179  1.49311743  1.59171498  1.47392544
7    1.92857840  1.57981448  1.64093901  1.95441758  1.86351380  1.78636078  1.98925772  0.00000000  1.63606152  1.50346268  1.80484347  1.79104157  1.43732491
8    1.93876184  1.17101759  1.93913885  1.84047474  1.86436062  1.84543722  2.02559588  1.63606152  0.00000000  1.73998133  1.44380015  1.57354980  1.13526723
9    1.66749054  1.73582976  0.68501849  1.68937012  1.60167643  1.39713083  1.65962179  1.50346268  1.73998133  0.00000000  1.70157990  1.44796556  1.47688558
10    1.76987080  1.59063126  1.85695896  1.84755309  1.76478320  1.71245634  1.49311743  1.80484347  1.44380015  1.70157990  0.00000000  1.14340160  1.32657814
11    1.80387454  1.68411054  1.63402361  1.86815142  1.78419869  1.69530452  1.59171498  1.79104157  1.57354980  1.44796556  1.14340160  0.00000000  1.42128472
12    1.61210671  0.74141506  1.67028214  1.69873379  1.58001056  1.57252862  1.47392544  1.43732491  1.13526723  1.47688558  1.32657814  1.42128472  0.00000000

--------------------------------------------------------------------------------
n=12
(result of R-step: (1,6:12)0.76020937)
V=[0, 1, 2, 3, 4, 5, 6, 7, 8, 9, 10, 11]
total successes of this branch: 1
Matrix on 12 elements:

0    0.00000000  1.61437606  1.78649140  1.92247917  1.32462298  1.79460606  1.25829390  1.92857840  1.93876184  1.66749054  1.76987080  1.80387454
1    1.61437606  0.00000000  1.63354737  1.64317823  1.54987233  1.56804791  1.39930685  1.25705591  0.84825902  1.41307119  1.26787269  1.36135197
2    1.78649140  1.63354737  0.00000000  1.80770930  1.72055204  1.49471808  1.44012425  1.64093901  1.93913885  0.68501849  1.85695896  1.63402361
3    1.92247917  1.64317823  1.80770930  0.00000000  1.78743913  1.54122174  1.52824357  1.95441758  1.84047474  1.68937012  1.84755309  1.86815142
4    1.32462298  1.54987233  1.72055204  1.78743913  0.00000000  1.68840942  1.32893964  1.86351380  1.86436062  1.60167643  1.76478320  1.78419869
5    1.79460606  1.56804791  1.49471808  1.54122174  1.68840942  0.00000000  1.24011555  1.78636078  1.84543722  1.39713083  1.71245634  1.69530452
6    1.25829390  1.39930685  1.44012425  1.52824357  1.32893964  1.24011555  0.00000000  1.66221428  1.69855244  1.33257834  1.16607398  1.26467154
7    1.92857840  1.25705591  1.64093901  1.95441758  1.86351380  1.78636078  1.66221428  0.00000000  1.63606152  1.50346268  1.80484347  1.79104157
8    1.93876184  0.84825902  1.93913885  1.84047474  1.86436062  1.84543722  1.69855244  1.63606152  0.00000000  1.73998133  1.44380015  1.57354980
9    1.66749054  1.41307119  0.68501849  1.68937012  1.60167643  1.39713083  1.33257834  1.50346268  1.73998133  0.00000000  1.70157990  1.44796556
10    1.76987080  1.26787269  1.85695896  1.84755309  1.76478320  1.71245634  1.16607398  1.80484347  1.44380015  1.70157990  0.00000000  1.14340160
11    1.80387454  1.36135197  1.63402361  1.86815142  1.78419869  1.69530452  1.26467154  1.79104157  1.57354980  1.44796556  1.14340160  0.00000000

--------------------------------------------------------------------------------
n=11
(result of R-step: (9,10:11)0.24022873)
V=[0, 1, 2, 3, 4, 5, 6, 7, 8, 9, 10]
total successes of this branch: 1
Matrix on 11 elements:

0    0.00000000  1.61437606  1.78649140  1.92247917  1.32462298  1.79460606  1.25829390  1.92857840  1.93876184  1.46652453  1.32497717
1    1.61437606  0.00000000  1.63354737  1.64317823  1.54987233  1.56804791  1.39930685  1.25705591  0.84825902  1.21210518  0.82297906
2    1.78649140  1.63354737  0.00000000  1.80770930  1.72055204  1.49471808  1.44012425  1.64093901  1.93913885  0.48405249  1.41206533
3    1.92247917  1.64317823  1.80770930  0.00000000  1.78743913  1.54122174  1.52824357  1.95441758  1.84047474  1.48840412  1.40265946
4    1.32462298  1.54987233  1.72055204  1.78743913  0.00000000  1.68840942  1.32893964  1.86351380  1.86436062  1.40071042  1.31988957
5    1.79460606  1.56804791  1.49471808  1.54122174  1.68840942  0.00000000  1.24011555  1.78636078  1.84543722  1.19616482  1.26756271
6    1.25829390  1.39930685  1.44012425  1.52824357  1.32893964  1.24011555  0.00000000  1.66221428  1.69855244  1.13161234  0.72118035
7    1.92857840  1.25705591  1.64093901  1.95441758  1.86351380  1.78636078  1.66221428  0.00000000  1.63606152  1.30249668  1.35994984
8    1.93876184  0.84825902  1.93913885  1.84047474  1.86436062  1.84543722  1.69855244  1.63606152  0.00000000  1.53901532  0.99890652
9    1.46652453  1.21210518  0.48405249  1.48840412  1.40071042  1.19616482  1.13161234  1.30249668  1.53901532  0.00000000  1.05572026
10    1.32497717  0.82297906  1.41206533  1.40265946  1.31988957  1.26756271  0.72118035  1.35994984  0.99890652  1.05572026  0.00000000

--------------------------------------------------------------------------------
n=10
(result of R-step: (1,2:9)0.08724397)
V=[0, 1, 2, 3, 4, 5, 6, 7, 8, 10]
total successes of this branch: 1
Matrix on 10 elements:

0    0.00000000  1.46522072  1.43235177  1.92247917  1.32462298  1.79460606  1.25829390  1.92857840  1.93876184  1.32497717
1    1.46522072  0.00000000  1.13025240  1.49402289  1.40071699  1.41889258  1.25015152  1.10790058  0.69910368  0.67382373
2    1.43235177  1.13025240  0.00000000  1.45356967  1.36641241  1.14057844  1.08598462  1.28679937  1.58499922  1.05792569
3    1.92247917  1.49402289  1.45356967  0.00000000  1.78743913  1.54122174  1.52824357  1.95441758  1.84047474  1.40265946
4    1.32462298  1.40071699  1.36641241  1.78743913  0.00000000  1.68840942  1.32893964  1.86351380  1.86436062  1.31988957
5    1.79460606  1.41889258  1.14057844  1.54122174  1.68840942  0.00000000  1.24011555  1.78636078  1.84543722  1.26756271
6    1.25829390  1.25015152  1.08598462  1.52824357  1.32893964  1.24011555  0.00000000  1.66221428  1.69855244  0.72118035
7    1.92857840  1.10790058  1.28679937  1.95441758  1.86351380  1.78636078  1.66221428  0.00000000  1.63606152  1.35994984
8    1.93876184  0.69910368  1.58499922  1.84047474  1.86436062  1.84543722  1.69855244  1.63606152  0.00000000  0.99890652
10    1.32497717  0.67382373  1.05792569  1.40265946  1.31988957  1.26756271  0.72118035  1.35994984  0.99890652  0.00000000

--------------------------------------------------------------------------------
n=9
(result of R-step: (6,8:10)0.47787022)
V=[0, 1, 2, 3, 4, 5, 6, 7, 8]
total successes of this branch: 1
Matrix on 9 elements:

0    0.00000000  1.46522072  1.43235177  1.92247917  1.32462298  1.79460606  1.12967650  1.92857840  1.48310099
1    1.46522072  0.00000000  1.13025240  1.49402289  1.40071699  1.41889258  1.12153411  1.10790058  0.24344283
2    1.43235177  1.13025240  0.00000000  1.45356967  1.36641241  1.14057844  0.95736721  1.28679937  1.12933837
3    1.92247917  1.49402289  1.45356967  0.00000000  1.78743913  1.54122174  1.39962617  1.95441758  1.38481389
4    1.32462298  1.40071699  1.36641241  1.78743913  0.00000000  1.68840942  1.20032223  1.86351380  1.40869977
5    1.79460606  1.41889258  1.14057844  1.54122174  1.68840942  0.00000000  1.11149814  1.78636078  1.38977637
6    1.12967650  1.12153411  0.95736721  1.39962617  1.20032223  1.11149814  0.00000000  1.53359687  1.11427418
7    1.92857840  1.10790058  1.28679937  1.95441758  1.86351380  1.78636078  1.53359687  0.00000000  1.18040067
8    1.48310099  0.24344283  1.12933837  1.38481389  1.40869977  1.38977637  1.11427418  1.18040067  0.00000000

--------------------------------------------------------------------------------
n=8
(result of R-step: (0,5:6)0.46506203)
V=[0, 1, 2, 3, 4, 5, 7, 8]
total successes of this branch: 1
Matrix on 8 elements:

0    0.00000000  0.93993864  0.90706969  1.39719709  0.79934090  0.71243799  1.40329632  0.95781891
1    0.93993864  0.00000000  1.13025240  1.49402289  1.40071699  0.86200658  1.10790058  0.24344283
2    0.90706969  1.13025240  0.00000000  1.45356967  1.36641241  0.58369245  1.28679937  1.12933837
3    1.39719709  1.49402289  1.45356967  0.00000000  1.78743913  0.98433574  1.95441758  1.38481389
4    0.79934090  1.40071699  1.36641241  1.78743913  0.00000000  1.13152342  1.86351380  1.40869977
5    0.71243799  0.86200658  0.58369245  0.98433574  1.13152342  0.00000000  1.22947479  0.83289037
7    1.40329632  1.10790058  1.28679937  1.95441758  1.86351380  1.22947479  0.00000000  1.18040067
8    0.95781891  0.24344283  1.12933837  1.38481389  1.40869977  0.83289037  1.18040067  0.00000000

--------------------------------------------------------------------------------
n=7
(result of R-step: (1,3:8)0.85968240)
V=[0, 1, 2, 3, 4, 5, 7]
total successes of this branch: 1
Matrix on 7 elements:

0    0.00000000  0.89335966  0.90706969  0.87441932  0.79934090  0.71243799  1.40329632
1    0.89335966  0.00000000  1.08367342  0.92466614  1.35413801  0.81542759  1.06132159
2    0.90706969  1.08367342  0.00000000  0.93079190  1.36641241  0.58369245  1.28679937
3    0.87441932  0.92466614  0.93079190  0.00000000  1.26466137  0.46155798  1.43163981
4    0.79934090  1.35413801  1.36641241  1.26466137  0.00000000  1.13152342  1.86351380
5    0.71243799  0.81542759  0.58369245  0.46155798  1.13152342  0.00000000  1.22947479
7    1.40329632  1.06132159  1.28679937  1.43163981  1.86351380  1.22947479  0.00000000

--------------------------------------------------------------------------------
n=6
(result of R-step: (1,2:7)0.60932429)
V=[0, 1, 2, 3, 4, 5]
total successes of this branch: 1
Matrix on 6 elements:

0    0.00000000  0.78391365  0.75104469  0.87441932  0.79934090  0.71243799
1    0.78391365  0.00000000  0.81820242  0.81522013  1.24469200  0.70598159
2    0.75104469  0.81820242  0.00000000  0.77476691  1.21038741  0.42766745
3    0.87441932  0.81522013  0.77476691  0.00000000  1.26466137  0.46155798
4    0.79934090  1.24469200  1.21038741  1.26466137  0.00000000  1.13152342
5    0.71243799  0.70598159  0.42766745  0.46155798  1.13152342  0.00000000

--------------------------------------------------------------------------------
n=5
(result of R-step: (0,1:4)0.45313101)
V=[0, 1, 2, 3, 5]
total successes of this branch: 0
reason of abort: negative delta/dxy

--------------------------------------------------------------------------------
n=5
(result of R-step: (2,3:5)0.41741120)
V=[0, 1, 2, 3, 4]
total successes of this branch: 1
Matrix on 5 elements:

0    0.00000000  0.78391365  0.64709407  0.66102269  0.79934090
1    0.78391365  0.00000000  0.71425179  0.60182350  1.24469200
2    0.64709407  0.71425179  0.00000000  0.45741964  1.10643678
3    0.66102269  0.60182350  0.45741964  0.00000000  1.05126473
4    0.79934090  1.24469200  1.10643678  1.05126473  0.00000000

--------------------------------------------------------------------------------
n=4
(result of R-step: (0,1:4)0.45313101)
V=[0, 1, 2, 3]
total successes of this branch: 0
reason of abort: negative delta/dxy

--------------------------------------------------------------------------------
n=4
(result of R-step: (0,2:1)0.01203965)
V=[0, 2, 3, 4]
total successes of this branch: 0
Matrix on 4 elements:

0    0.00000000  0.25102207  0.55064458  0.68896278
2    0.25102207  0.00000000  0.17172576  0.82074290
3    0.55064458  0.17172576  0.00000000  1.05126473
4    0.68896278  0.82074290  1.05126473  0.00000000
reason of abort: no pseudometric

--------------------------------------------------------------------------------
n=4
(result of R-step: (0,2:4)0.47337848)
V=[0, 1, 2, 3]
total successes of this branch: 0
reason of abort: negative delta/dxy

--------------------------------------------------------------------------------
n=4
(result of R-step: (0,3:1)0.14358045)
V=[0, 2, 3, 4]
total successes of this branch: 0
reason of abort: negative delta/dxy

--------------------------------------------------------------------------------
n=4
(result of R-step: (0,3:2)0.13192256)
V=[0, 1, 3, 4]
total successes of this branch: 0
reason of abort: negative delta/dxy

--------------------------------------------------------------------------------
n=4
(result of R-step: (0,3:4)0.81070930)
V=[0, 1, 2, 3]
total successes of this branch: 1
Matrix on 4 elements:

0    0.00000000  0.67353554  0.53671595  0.49749572
1    0.67353554  0.00000000  0.71425179  0.54867465
2    0.53671595  0.71425179  0.00000000  0.40427079
3    0.49749572  0.54867465  0.40427079  0.00000000

--------------------------------------------------------------------------------
n=4
(result of R-step: (1,3:2)0.97964691)
V=[0, 1, 3, 4]
total successes of this branch: 0
Matrix on 4 elements:

0    0.00000000  0.35706537  0.60787384  0.79934090
1    0.35706537  0.00000000  0.12182637  0.81784372
3    0.60787384  0.12182637  0.00000000  0.99811588
4    0.79934090  0.81784372  0.99811588  0.00000000
reason of abort: no pseudometric

--------------------------------------------------------------------------------
n=4
(result of R-step: (2,4:1)0.98282541)
V=[0, 2, 3, 4]
total successes of this branch: 0
Matrix on 4 elements:

0    0.00000000  0.36166983  0.66102269  0.12820387
2    0.36166983  0.00000000  0.17199541  0.14987552
3    0.66102269  0.17199541  0.00000000  0.38012770
4    0.12820387  0.14987552  0.38012770  0.00000000
reason of abort: no pseudometric

--------------------------------------------------------------------------------
n=4
(result of R-step: (3,4:1)0.73772966)
V=[0, 2, 3, 4]
total successes of this branch: 0
Matrix on 4 elements:

0    0.00000000  0.64709407  0.49870460  0.07007690
2    0.64709407  0.00000000  0.29510155  0.37717279
3    0.49870460  0.29510155  0.00000000  0.15968265
4    0.07007690  0.37717279  0.15968265  0.00000000
reason of abort: no pseudometric

--------------------------------------------------------------------------------
n=4
(result of R-step: (3,4:2)0.74956527)
V=[0, 1, 3, 4]
total successes of this branch: 0
Matrix on 4 elements:

0    0.00000000  0.78391365  0.49911901  0.06658797
1    0.78391365  0.00000000  0.43991982  0.51193908
3    0.49911901  0.43991982  0.00000000  0.15660812
4    0.06658797  0.51193908  0.15660812  0.00000000
reason of abort: no pseudometric
