n=20
V=[0, 1, 2, 3, 4, 5, 6, 7, 8, 9, 10, 11, 12, 13, 14, 15, 16, 17, 18, 19]
total successes of this branch: 5
Matrix on 20 elements:

0    0.00000000  1.95766361  1.90742717  1.74426238  1.91670369  1.88897119  1.91632276  1.65521316  1.94036003  1.76261854  1.80287401  1.67580694  1.68177893  1.89298777  1.79408636  0.91471599  1.73435977  1.80301422  1.79443680  1.79436458
1    1.95766361  0.00000000  1.93461240  1.94772476  1.75541708  1.77904022  1.76277567  1.65749282  1.50154676  1.92725385  1.88236069  1.68885441  1.69050454  1.78785863  1.88964582  1.61620162  1.85627868  1.88220432  1.86899325  1.88890761
2    1.90742717  1.93461240  0.00000000  1.90863694  1.92962671  1.92625107  1.91044550  1.92096837  1.92449713  1.91087128  1.91577122  1.92024354  1.92047615  1.91020022  1.91470158  1.91413236  1.91352786  1.91578829  1.91609903  1.91472021
3    1.74426238  1.94772476  1.90863694  0.00000000  1.90204599  1.86765121  1.90231665  1.84560873  1.92871880  1.35458432  1.46721229  1.79283502  1.79554243  1.74221779  1.04615882  1.79444599  1.48377475  1.46774790  1.49008845  1.04783755
4    1.91670369  1.75541708  1.92962671  1.90204599  0.00000000  1.80261594  1.48170965  1.83636546  1.64085444  1.83682691  1.67814734  1.81429929  1.79402538  1.53871604  1.86781172  1.87692266  1.83670550  1.67648472  1.68622106  1.86738003
5    1.88897119  1.77904022  1.92625107  1.86765121  1.80261594  0.00000000  1.80769297  1.83421364  1.79103308  1.86072829  1.84554616  1.83579415  1.83497164  1.81582456  1.43628602  1.86185693  1.85375218  1.84549328  1.84480939  1.43696079
6    1.91632276  1.76277567  1.91044550  1.90231665  1.48170965  1.80769297  0.00000000  1.83983964  1.57472630  1.85754357  1.75935519  1.82861474  1.82001473  0.88192744  1.86973724  1.87845066  1.85288560  1.75901319  1.76358160  1.86917609
7    1.65521316  1.65749282  1.92096837  1.84560873  1.83636546  1.83421364  1.83983964  0.00000000  1.73381568  1.84462480  1.84246700  1.26001486  1.27430298  1.84062205  1.84168534  1.65577544  1.49332099  1.84245949  1.80288059  1.84148016
8    1.94036003  1.50154676  1.92449713  1.92871880  1.64085444  1.79103308  1.57472630  1.73381568  0.00000000  1.89807600  1.83087566  1.74735232  1.74471217  1.62273508  1.88131291  1.83212758  1.85485848  1.83064159  1.82487228  1.87799018
9    1.76261854  1.92725385  1.91087128  1.35458432  1.83682691  1.86072829  1.85754357  1.84462480  1.89807600  0.00000000  1.51849530  1.79914058  1.80007485  1.78933178  1.52885225  1.80322552  0.86070007  1.51888741  1.53811415  1.52955455
10    1.80287401  1.88236069  1.91577122  1.46721229  1.67814734  1.84554616  1.75935519  1.84246700  1.83087566  1.51849530  0.00000000  1.74806892  1.74633552  1.71973451  1.59747455  1.82247925  1.60373351  0.33002901  0.32646916  1.59791851
11    1.67580694  1.68885441  1.92024354  1.79283502  1.81429929  1.83579415  1.82861474  1.26001486  1.74735232  1.79914058  1.74806892  0.00000000  1.01676910  1.82376226  1.80762606  1.67902507  1.65729451  1.74815050  1.69711614  1.80751142
12    1.68177893  1.69050454  1.92047615  1.79554243  1.79402538  1.83497164  1.82001473  1.27430298  1.74471217  1.80007485  1.74633552  1.01676910  0.00000000  1.81669577  1.80911811  1.68393109  1.66174223  1.74639426  1.63999840  1.80899560
13    1.89298777  1.78785863  1.91020022  1.74221779  1.53871604  1.81582456  0.88192744  1.84062205  1.62273508  1.78933178  1.71973451  1.82376226  1.81669577  0.00000000  1.76756097  1.86705787  1.80282645  1.71951153  1.72649021  1.76728550
14    1.79408636  1.88964582  1.91470158  1.04615882  1.86781172  1.43628602  1.86973724  1.84168534  1.88131291  1.52885225  1.59747455  1.80762606  1.80911811  1.76756097  0.00000000  1.81765592  1.61115985  1.59780755  1.61222066  0.13777745
15    0.91471599  1.61620162  1.91413236  1.79444599  1.87692266  1.86185693  1.87845066  1.65577544  1.83212758  1.80322552  1.82247925  1.67902507  1.68393109  1.86705787  1.81765592  0.00000000  1.76443083  1.82254631  1.81282601  1.81768344
16    1.73435977  1.85627868  1.91352786  1.48377475  1.83670550  1.85375218  1.85288560  1.49332099  1.85485848  0.86070007  1.60373351  1.65729451  1.66174223  1.80282645  1.61115985  1.76443083  0.00000000  1.60402048  1.60777523  1.61162339
17    1.80301422  1.88220432  1.91578829  1.46774790  1.67648472  1.84549328  1.75901319  1.84245949  1.83064159  1.51888741  0.33002901  1.74815050  1.74639426  1.71951153  1.59780755  1.82254631  1.60402048  0.00000000  0.42871323  1.59825042
18    1.79443680  1.86899325  1.91609903  1.49008845  1.68622106  1.84480939  1.76358160  1.80288059  1.82487228  1.53811415  0.32646916  1.69711614  1.63999840  1.72649021  1.61222066  1.81282601  1.60777523  0.42871323  0.00000000  1.61262515
19    1.79436458  1.88890761  1.91472021  1.04783755  1.86738003  1.43696079  1.86917609  1.84148016  1.87799018  1.52955455  1.59791851  1.80751142  1.80899560  1.76728550  0.13777745  1.81768344  1.61162339  1.59825042  1.61262515  0.00000000

--------------------------------------------------------------------------------
n=19
(result of R-step: (0,1:15)0.75335191)
V=[0, 1, 2, 3, 4, 5, 6, 7, 8, 9, 10, 11, 12, 13, 14, 16, 17, 18, 19]
total successes of this branch: 5
Matrix on 19 elements:

0    0.00000000  1.38440961  1.62080017  1.45763538  1.63007669  1.60234419  1.62969576  1.36858616  1.65373303  1.47599154  1.51624701  1.38917994  1.39515193  1.60636077  1.50745935  1.44773277  1.51638722  1.50780980  1.50773758
1    1.38440961  0.00000000  1.64798540  1.66109776  1.46879008  1.49241322  1.47614867  1.37086582  1.21491975  1.64062685  1.59573369  1.40222741  1.40387754  1.50123163  1.60301882  1.56965168  1.59557732  1.58236625  1.60228061
2    1.62080017  1.64798540  0.00000000  1.90863694  1.92962671  1.92625107  1.91044550  1.92096837  1.92449713  1.91087128  1.91577122  1.92024354  1.92047615  1.91020022  1.91470158  1.91352786  1.91578829  1.91609903  1.91472021
3    1.45763538  1.66109776  1.90863694  0.00000000  1.90204599  1.86765121  1.90231665  1.84560873  1.92871880  1.35458432  1.46721229  1.79283502  1.79554243  1.74221779  1.04615882  1.48377475  1.46774790  1.49008845  1.04783755
4    1.63007669  1.46879008  1.92962671  1.90204599  0.00000000  1.80261594  1.48170965  1.83636546  1.64085444  1.83682691  1.67814734  1.81429929  1.79402538  1.53871604  1.86781172  1.83670550  1.67648472  1.68622106  1.86738003
5    1.60234419  1.49241322  1.92625107  1.86765121  1.80261594  0.00000000  1.80769297  1.83421364  1.79103308  1.86072829  1.84554616  1.83579415  1.83497164  1.81582456  1.43628602  1.85375218  1.84549328  1.84480939  1.43696079
6    1.62969576  1.47614867  1.91044550  1.90231665  1.48170965  1.80769297  0.00000000  1.83983964  1.57472630  1.85754357  1.75935519  1.82861474  1.82001473  0.88192744  1.86973724  1.85288560  1.75901319  1.76358160  1.86917609
7    1.36858616  1.37086582  1.92096837  1.84560873  1.83636546  1.83421364  1.83983964  0.00000000  1.73381568  1.84462480  1.84246700  1.26001486  1.27430298  1.84062205  1.84168534  1.49332099  1.84245949  1.80288059  1.84148016
8    1.65373303  1.21491975  1.92449713  1.92871880  1.64085444  1.79103308  1.57472630  1.73381568  0.00000000  1.89807600  1.83087566  1.74735232  1.74471217  1.62273508  1.88131291  1.85485848  1.83064159  1.82487228  1.87799018
9    1.47599154  1.64062685  1.91087128  1.35458432  1.83682691  1.86072829  1.85754357  1.84462480  1.89807600  0.00000000  1.51849530  1.79914058  1.80007485  1.78933178  1.52885225  0.86070007  1.51888741  1.53811415  1.52955455
10    1.51624701  1.59573369  1.91577122  1.46721229  1.67814734  1.84554616  1.75935519  1.84246700  1.83087566  1.51849530  0.00000000  1.74806892  1.74633552  1.71973451  1.59747455  1.60373351  0.33002901  0.32646916  1.59791851
11    1.38917994  1.40222741  1.92024354  1.79283502  1.81429929  1.83579415  1.82861474  1.26001486  1.74735232  1.79914058  1.74806892  0.00000000  1.01676910  1.82376226  1.80762606  1.65729451  1.74815050  1.69711614  1.80751142
12    1.39515193  1.40387754  1.92047615  1.79554243  1.79402538  1.83497164  1.82001473  1.27430298  1.74471217  1.80007485  1.74633552  1.01676910  0.00000000  1.81669577  1.80911811  1.66174223  1.74639426  1.63999840  1.80899560
13    1.60636077  1.50123163  1.91020022  1.74221779  1.53871604  1.81582456  0.88192744  1.84062205  1.62273508  1.78933178  1.71973451  1.82376226  1.81669577  0.00000000  1.76756097  1.80282645  1.71951153  1.72649021  1.76728550
14    1.50745935  1.60301882  1.91470158  1.04615882  1.86781172  1.43628602  1.86973724  1.84168534  1.88131291  1.52885225  1.59747455  1.80762606  1.80911811  1.76756097  0.00000000  1.61115985  1.59780755  1.61222066  0.13777745
16    1.44773277  1.56965168  1.91352786  1.48377475  1.83670550  1.85375218  1.85288560  1.49332099  1.85485848  0.86070007  1.60373351  1.65729451  1.66174223  1.80282645  1.61115985  0.00000000  1.60402048  1.60777523  1.61162339
17    1.51638722  1.59557732  1.91578829  1.46774790  1.67648472  1.84549328  1.75901319  1.84245949  1.83064159  1.51888741  0.33002901  1.74815050  1.74639426  1.71951153  1.59780755  1.60402048  0.00000000  0.42871323  1.59825042
18    1.50780980  1.58236625  1.91609903  1.49008845  1.68622106  1.84480939  1.76358160  1.80288059  1.82487228  1.53811415  0.32646916  1.69711614  1.63999840  1.72649021  1.61222066  1.60777523  0.42871323  0.00000000  1.61262515
19    1.50773758  1.60228061  1.91472021  1.04783755  1.86738003  1.43696079  1.86917609  1.84148016  1.87799018  1.52955455  1.59791851  1.80751142  1.80899560  1.76728550  0.13777745  1.61162339  1.59825042  1.61262515  0.00000000

--------------------------------------------------------------------------------
n=18
(result of R-step: (7,9:16)0.26310388)
V=[0, 1, 2, 3, 4, 5, 6, 7, 8, 9, 10, 11, 12, 13, 14, 17, 18, 19]
total successes of this branch: 5
Matrix on 18 elements:

0    0.00000000  1.38440961  1.62080017  1.45763538  1.63007669  1.60234419  1.62969576  1.11388803  1.65373303  1.22129341  1.51624701  1.38917994  1.39515193  1.60636077  1.50745935  1.51638722  1.50780980  1.50773758
1    1.38440961  0.00000000  1.64798540  1.66109776  1.46879008  1.49241322  1.47614867  1.11616769  1.21491975  1.38592872  1.59573369  1.40222741  1.40387754  1.50123163  1.60301882  1.59557732  1.58236625  1.60228061
2    1.62080017  1.64798540  0.00000000  1.90863694  1.92962671  1.92625107  1.91044550  1.66627024  1.92449713  1.65617315  1.91577122  1.92024354  1.92047615  1.91020022  1.91470158  1.91578829  1.91609903  1.91472021
3    1.45763538  1.66109776  1.90863694  0.00000000  1.90204599  1.86765121  1.90231665  1.59091060  1.92871880  1.09988619  1.46721229  1.79283502  1.79554243  1.74221779  1.04615882  1.46774790  1.49008845  1.04783755
4    1.63007669  1.46879008  1.92962671  1.90204599  0.00000000  1.80261594  1.48170965  1.58166732  1.64085444  1.58212878  1.67814734  1.81429929  1.79402538  1.53871604  1.86781172  1.67648472  1.68622106  1.86738003
5    1.60234419  1.49241322  1.92625107  1.86765121  1.80261594  0.00000000  1.80769297  1.57951551  1.79103308  1.60603016  1.84554616  1.83579415  1.83497164  1.81582456  1.43628602  1.84549328  1.84480939  1.43696079
6    1.62969576  1.47614867  1.91044550  1.90231665  1.48170965  1.80769297  0.00000000  1.58514151  1.57472630  1.60284544  1.75935519  1.82861474  1.82001473  0.88192744  1.86973724  1.75901319  1.76358160  1.86917609
7    1.11388803  1.11616769  1.66627024  1.59091060  1.58166732  1.57951551  1.58514151  0.00000000  1.47911755  1.33522853  1.58776887  1.00531673  1.01960485  1.58592392  1.58698721  1.58776136  1.54818246  1.58678203
8    1.65373303  1.21491975  1.92449713  1.92871880  1.64085444  1.79103308  1.57472630  1.47911755  0.00000000  1.64337787  1.83087566  1.74735232  1.74471217  1.62273508  1.88131291  1.83064159  1.82487228  1.87799018
9    1.22129341  1.38592872  1.65617315  1.09988619  1.58212878  1.60603016  1.60284544  1.33522853  1.64337787  0.00000000  1.26379717  1.54444245  1.54537672  1.53463365  1.27415412  1.26418928  1.28341602  1.27485642
10    1.51624701  1.59573369  1.91577122  1.46721229  1.67814734  1.84554616  1.75935519  1.58776887  1.83087566  1.26379717  0.00000000  1.74806892  1.74633552  1.71973451  1.59747455  0.33002901  0.32646916  1.59791851
11    1.38917994  1.40222741  1.92024354  1.79283502  1.81429929  1.83579415  1.82861474  1.00531673  1.74735232  1.54444245  1.74806892  0.00000000  1.01676910  1.82376226  1.80762606  1.74815050  1.69711614  1.80751142
12    1.39515193  1.40387754  1.92047615  1.79554243  1.79402538  1.83497164  1.82001473  1.01960485  1.74471217  1.54537672  1.74633552  1.01676910  0.00000000  1.81669577  1.80911811  1.74639426  1.63999840  1.80899560
13    1.60636077  1.50123163  1.91020022  1.74221779  1.53871604  1.81582456  0.88192744  1.58592392  1.62273508  1.53463365  1.71973451  1.82376226  1.81669577  0.00000000  1.76756097  1.71951153  1.72649021  1.76728550
14    1.50745935  1.60301882  1.91470158  1.04615882  1.86781172  1.43628602  1.86973724  1.58698721  1.88131291  1.27415412  1.59747455  1.80762606  1.80911811  1.76756097  0.00000000  1.59780755  1.61222066  0.13777745
17    1.51638722  1.59557732  1.91578829  1.46774790  1.67648472  1.84549328  1.75901319  1.58776136  1.83064159  1.26418928  0.33002901  1.74815050  1.74639426  1.71951153  1.59780755  0.00000000  0.42871323  1.59825042
18    1.50780980  1.58236625  1.91609903  1.49008845  1.68622106  1.84480939  1.76358160  1.54818246  1.82487228  1.28341602  0.32646916  1.69711614  1.63999840  1.72649021  1.61222066  0.42871323  0.00000000  1.61262515
19    1.50773758  1.60228061  1.91472021  1.04783755  1.86738003  1.43696079  1.86917609  1.58678203  1.87799018  1.27485642  1.59791851  1.80751142  1.80899560  1.76728550  0.13777745  1.59825042  1.61262515  0.00000000

--------------------------------------------------------------------------------
n=17
(result of R-step: (8,14:19)0.00190212)
V=[0, 1, 2, 3, 4, 5, 6, 7, 8, 9, 10, 11, 12, 13, 14, 17, 18]
total successes of this branch: 5
Matrix on 17 elements:

0    0.00000000  1.38440961  1.62080017  1.45763538  1.63007669  1.60234419  1.62969576  1.11388803  1.58650567  1.22129341  1.51624701  1.38917994  1.39515193  1.60636077  1.44023199  1.51638722  1.50780980
1    1.38440961  0.00000000  1.64798540  1.66109776  1.46879008  1.49241322  1.47614867  1.11616769  1.14769239  1.38592872  1.59573369  1.40222741  1.40387754  1.50123163  1.53579146  1.59557732  1.58236625
2    1.62080017  1.64798540  0.00000000  1.90863694  1.92962671  1.92625107  1.91044550  1.66627024  1.85726977  1.65617315  1.91577122  1.92024354  1.92047615  1.91020022  1.84747421  1.91578829  1.91609903
3    1.45763538  1.66109776  1.90863694  0.00000000  1.90204599  1.86765121  1.90231665  1.59091060  1.86149143  1.09988619  1.46721229  1.79283502  1.79554243  1.74221779  0.97893145  1.46774790  1.49008845
4    1.63007669  1.46879008  1.92962671  1.90204599  0.00000000  1.80261594  1.48170965  1.58166732  1.57362707  1.58212878  1.67814734  1.81429929  1.79402538  1.53871604  1.80058436  1.67648472  1.68622106
5    1.60234419  1.49241322  1.92625107  1.86765121  1.80261594  0.00000000  1.80769297  1.57951551  1.72380572  1.60603016  1.84554616  1.83579415  1.83497164  1.81582456  1.36905865  1.84549328  1.84480939
6    1.62969576  1.47614867  1.91044550  1.90231665  1.48170965  1.80769297  0.00000000  1.58514151  1.50749894  1.60284544  1.75935519  1.82861474  1.82001473  0.88192744  1.80250988  1.75901319  1.76358160
7    1.11388803  1.11616769  1.66627024  1.59091060  1.58166732  1.57951551  1.58514151  0.00000000  1.41189019  1.33522853  1.58776887  1.00531673  1.01960485  1.58592392  1.51975985  1.58776136  1.54818246
8    1.58650567  1.14769239  1.85726977  1.86149143  1.57362707  1.72380572  1.50749894  1.41189019  0.00000000  1.57615051  1.76364829  1.68012496  1.67748480  1.55550772  1.74685819  1.76341423  1.75764492
9    1.22129341  1.38592872  1.65617315  1.09988619  1.58212878  1.60603016  1.60284544  1.33522853  1.57615051  0.00000000  1.26379717  1.54444245  1.54537672  1.53463365  1.20692675  1.26418928  1.28341602
10    1.51624701  1.59573369  1.91577122  1.46721229  1.67814734  1.84554616  1.75935519  1.58776887  1.76364829  1.26379717  0.00000000  1.74806892  1.74633552  1.71973451  1.53024719  0.33002901  0.32646916
11    1.38917994  1.40222741  1.92024354  1.79283502  1.81429929  1.83579415  1.82861474  1.00531673  1.68012496  1.54444245  1.74806892  0.00000000  1.01676910  1.82376226  1.74039870  1.74815050  1.69711614
12    1.39515193  1.40387754  1.92047615  1.79554243  1.79402538  1.83497164  1.82001473  1.01960485  1.67748480  1.54537672  1.74633552  1.01676910  0.00000000  1.81669577  1.74189075  1.74639426  1.63999840
13    1.60636077  1.50123163  1.91020022  1.74221779  1.53871604  1.81582456  0.88192744  1.58592392  1.55550772  1.53463365  1.71973451  1.82376226  1.81669577  0.00000000  1.70033361  1.71951153  1.72649021
14    1.44023199  1.53579146  1.84747421  0.97893145  1.80058436  1.36905865  1.80250988  1.51975985  1.74685819  1.20692675  1.53024719  1.74039870  1.74189075  1.70033361  0.00000000  1.53058018  1.54499330
17    1.51638722  1.59557732  1.91578829  1.46774790  1.67648472  1.84549328  1.75901319  1.58776136  1.76341423  1.26418928  0.33002901  1.74815050  1.74639426  1.71951153  1.53058018  0.00000000  0.42871323
18    1.50780980  1.58236625  1.91609903  1.49008845  1.68622106  1.84480939  1.76358160  1.54818246  1.75764492  1.28341602  0.32646916  1.69711614  1.63999840  1.72649021  1.54499330  0.42871323  0.00000000

--------------------------------------------------------------------------------
n=16
(result of R-step: (3,5:14)0.65569495)
V=[0, 1, 2, 3, 4, 5, 6, 7, 8, 9, 10, 11, 12, 13, 17, 18]
total successes of this branch: 5
Matrix on 16 elements:

0    0.00000000  1.38440961  1.62080017  1.15023857  1.63007669  1.29494738  1.62969576  1.11388803  1.58650567  1.22129341  1.51624701  1.38917994  1.39515193  1.60636077  1.51638722  1.50780980
1    1.38440961  0.00000000  1.64798540  1.35370095  1.46879008  1.18501641  1.47614867  1.11616769  1.14769239  1.38592872  1.59573369  1.40222741  1.40387754  1.50123163  1.59557732  1.58236625
2    1.62080017  1.64798540  0.00000000  1.60124013  1.92962671  1.61885426  1.91044550  1.66627024  1.85726977  1.65617315  1.91577122  1.92024354  1.92047615  1.91020022  1.91578829  1.91609903
3    1.15023857  1.35370095  1.60124013  0.00000000  1.59464918  1.25285759  1.59491984  1.28351379  1.55409462  0.79248938  1.15981548  1.48543821  1.48814562  1.43482098  1.16035109  1.18269164
4    1.63007669  1.46879008  1.92962671  1.59464918  0.00000000  1.49521913  1.48170965  1.58166732  1.57362707  1.58212878  1.67814734  1.81429929  1.79402538  1.53871604  1.67648472  1.68622106
5    1.29494738  1.18501641  1.61885426  1.25285759  1.49521913  0.00000000  1.50029616  1.27211870  1.41640891  1.29863335  1.53814935  1.52839734  1.52757483  1.50842775  1.53809647  1.53741258
6    1.62969576  1.47614867  1.91044550  1.59491984  1.48170965  1.50029616  0.00000000  1.58514151  1.50749894  1.60284544  1.75935519  1.82861474  1.82001473  0.88192744  1.75901319  1.76358160
7    1.11388803  1.11616769  1.66627024  1.28351379  1.58166732  1.27211870  1.58514151  0.00000000  1.41189019  1.33522853  1.58776887  1.00531673  1.01960485  1.58592392  1.58776136  1.54818246
8    1.58650567  1.14769239  1.85726977  1.55409462  1.57362707  1.41640891  1.50749894  1.41189019  0.00000000  1.57615051  1.76364829  1.68012496  1.67748480  1.55550772  1.76341423  1.75764492
9    1.22129341  1.38592872  1.65617315  0.79248938  1.58212878  1.29863335  1.60284544  1.33522853  1.57615051  0.00000000  1.26379717  1.54444245  1.54537672  1.53463365  1.26418928  1.28341602
10    1.51624701  1.59573369  1.91577122  1.15981548  1.67814734  1.53814935  1.75935519  1.58776887  1.76364829  1.26379717  0.00000000  1.74806892  1.74633552  1.71973451  0.33002901  0.32646916
11    1.38917994  1.40222741  1.92024354  1.48543821  1.81429929  1.52839734  1.82861474  1.00531673  1.68012496  1.54444245  1.74806892  0.00000000  1.01676910  1.82376226  1.74815050  1.69711614
12    1.39515193  1.40387754  1.92047615  1.48814562  1.79402538  1.52757483  1.82001473  1.01960485  1.67748480  1.54537672  1.74633552  1.01676910  0.00000000  1.81669577  1.74639426  1.63999840
13    1.60636077  1.50123163  1.91020022  1.43482098  1.53871604  1.50842775  0.88192744  1.58592392  1.55550772  1.53463365  1.71973451  1.82376226  1.81669577  0.00000000  1.71951153  1.72649021
17    1.51638722  1.59557732  1.91578829  1.16035109  1.67648472  1.53809647  1.75901319  1.58776136  1.76341423  1.26418928  0.33002901  1.74815050  1.74639426  1.71951153  0.00000000  0.42871323
18    1.50780980  1.58236625  1.91609903  1.18269164  1.68622106  1.53741258  1.76358160  1.54818246  1.75764492  1.28341602  0.32646916  1.69711614  1.63999840  1.72649021  0.42871323  0.00000000

--------------------------------------------------------------------------------
n=15
(result of R-step: (3,6:13)0.13562090)
V=[0, 1, 2, 3, 4, 5, 6, 7, 8, 9, 10, 11, 12, 17, 18]
total successes of this branch: 5
Matrix on 15 elements:

0    0.00000000  1.38440961  1.62080017  1.09672108  1.63007669  1.29494738  1.26878146  1.11388803  1.58650567  1.22129341  1.51624701  1.38917994  1.39515193  1.51638722  1.50780980
1    1.38440961  0.00000000  1.64798540  1.30018346  1.46879008  1.18501641  1.11523437  1.11616769  1.14769239  1.38592872  1.59573369  1.40222741  1.40387754  1.59557732  1.58236625
2    1.62080017  1.64798540  0.00000000  1.54772265  1.92962671  1.61885426  1.54953120  1.66627024  1.85726977  1.65617315  1.91577122  1.92024354  1.92047615  1.91578829  1.91609903
3    1.09672108  1.30018346  1.54772265  0.00000000  1.54113170  1.19934011  1.18048806  1.22999631  1.50057714  0.73897190  1.10629799  1.43192073  1.43462814  1.10683361  1.12917416
4    1.63007669  1.46879008  1.92962671  1.54113170  0.00000000  1.49521913  1.12079536  1.58166732  1.57362707  1.58212878  1.67814734  1.81429929  1.79402538  1.67648472  1.68622106
5    1.29494738  1.18501641  1.61885426  1.19934011  1.49521913  0.00000000  1.13938186  1.27211870  1.41640891  1.29863335  1.53814935  1.52839734  1.52757483  1.53809647  1.53741258
6    1.26878146  1.11523437  1.54953120  1.18048806  1.12079536  1.13938186  0.00000000  1.22422722  1.14658465  1.24193115  1.39844089  1.46770044  1.45910043  1.39809890  1.40266730
7    1.11388803  1.11616769  1.66627024  1.22999631  1.58166732  1.27211870  1.22422722  0.00000000  1.41189019  1.33522853  1.58776887  1.00531673  1.01960485  1.58776136  1.54818246
8    1.58650567  1.14769239  1.85726977  1.50057714  1.57362707  1.41640891  1.14658465  1.41189019  0.00000000  1.57615051  1.76364829  1.68012496  1.67748480  1.76341423  1.75764492
9    1.22129341  1.38592872  1.65617315  0.73897190  1.58212878  1.29863335  1.24193115  1.33522853  1.57615051  0.00000000  1.26379717  1.54444245  1.54537672  1.26418928  1.28341602
10    1.51624701  1.59573369  1.91577122  1.10629799  1.67814734  1.53814935  1.39844089  1.58776887  1.76364829  1.26379717  0.00000000  1.74806892  1.74633552  0.33002901  0.32646916
11    1.38917994  1.40222741  1.92024354  1.43192073  1.81429929  1.52839734  1.46770044  1.00531673  1.68012496  1.54444245  1.74806892  0.00000000  1.01676910  1.74815050  1.69711614
12    1.39515193  1.40387754  1.92047615  1.43462814  1.79402538  1.52757483  1.45910043  1.01960485  1.67748480  1.54537672  1.74633552  1.01676910  0.00000000  1.74639426  1.63999840
17    1.51638722  1.59557732  1.91578829  1.10683361  1.67648472  1.53809647  1.39809890  1.58776136  1.76341423  1.26418928  0.33002901  1.74815050  1.74639426  0.00000000  0.42871323
18    1.50780980  1.58236625  1.91609903  1.12917416  1.68622106  1.53741258  1.40266730  1.54818246  1.75764492  1.28341602  0.32646916  1.69711614  1.63999840  0.42871323  0.00000000

--------------------------------------------------------------------------------
n=14
(result of R-step: (1,6:8)0.58144122)
V=[0, 1, 2, 3, 4, 5, 6, 7, 9, 10, 11, 12, 17, 18]
total successes of this branch: 5
Matrix on 14 elements:

0    0.00000000  1.01428792  1.62080017  1.09672108  1.63007669  1.29494738  0.97294706  1.11388803  1.22129341  1.51624701  1.38917994  1.39515193  1.51638722  1.50780980
1    1.01428792  0.00000000  1.27786370  0.93006177  1.09866839  0.81489472  0.44927828  0.74604600  1.01580703  1.22561199  1.03210571  1.03375585  1.22545563  1.21224456
2    1.62080017  1.27786370  0.00000000  1.54772265  1.92962671  1.61885426  1.25369680  1.66627024  1.65617315  1.91577122  1.92024354  1.92047615  1.91578829  1.91609903
3    1.09672108  0.93006177  1.54772265  0.00000000  1.54113170  1.19934011  0.88465366  1.22999631  0.73897190  1.10629799  1.43192073  1.43462814  1.10683361  1.12917416
4    1.63007669  1.09866839  1.92962671  1.54113170  0.00000000  1.49521913  0.82496096  1.58166732  1.58212878  1.67814734  1.81429929  1.79402538  1.67648472  1.68622106
5    1.29494738  0.81489472  1.61885426  1.19934011  1.49521913  0.00000000  0.84354746  1.27211870  1.29863335  1.53814935  1.52839734  1.52757483  1.53809647  1.53741258
6    0.97294706  0.44927828  1.25369680  0.88465366  0.82496096  0.84354746  0.00000000  0.92839282  0.94609675  1.10260650  1.17186604  1.16326603  1.10226450  1.10683290
7    1.11388803  0.74604600  1.66627024  1.22999631  1.58166732  1.27211870  0.92839282  0.00000000  1.33522853  1.58776887  1.00531673  1.01960485  1.58776136  1.54818246
9    1.22129341  1.01580703  1.65617315  0.73897190  1.58212878  1.29863335  0.94609675  1.33522853  0.00000000  1.26379717  1.54444245  1.54537672  1.26418928  1.28341602
10    1.51624701  1.22561199  1.91577122  1.10629799  1.67814734  1.53814935  1.10260650  1.58776887  1.26379717  0.00000000  1.74806892  1.74633552  0.33002901  0.32646916
11    1.38917994  1.03210571  1.92024354  1.43192073  1.81429929  1.52839734  1.17186604  1.00531673  1.54444245  1.74806892  0.00000000  1.01676910  1.74815050  1.69711614
12    1.39515193  1.03375585  1.92047615  1.43462814  1.79402538  1.52757483  1.16326603  1.01960485  1.54537672  1.74633552  1.01676910  0.00000000  1.74639426  1.63999840
17    1.51638722  1.22545563  1.91578829  1.10683361  1.67648472  1.53809647  1.10226450  1.58776136  1.26418928  0.33002901  1.74815050  1.74639426  0.00000000  0.42871323
18    1.50780980  1.21224456  1.91609903  1.12917416  1.68622106  1.53741258  1.10683290  1.54818246  1.28341602  0.32646916  1.69711614  1.63999840  0.42871323  0.00000000

--------------------------------------------------------------------------------
n=13
(result of R-step: (10,12:18)0.93032573)
V=[0, 1, 2, 3, 4, 5, 6, 7, 9, 10, 11, 12, 17]
total successes of this branch: 5
Matrix on 13 elements:

0    0.00000000  1.01428792  1.62080017  1.09672108  1.63007669  1.29494738  0.97294706  1.11388803  1.22129341  1.40618099  1.38917994  1.28508591  1.51638722
1    1.01428792  0.00000000  1.27786370  0.93006177  1.09866839  0.81489472  0.44927828  0.74604600  1.01580703  1.11554597  1.03210571  0.92368983  1.22545563
2    1.62080017  1.27786370  0.00000000  1.54772265  1.92962671  1.61885426  1.25369680  1.66627024  1.65617315  1.80570520  1.92024354  1.81041013  1.91578829
3    1.09672108  0.93006177  1.54772265  0.00000000  1.54113170  1.19934011  0.88465366  1.22999631  0.73897190  0.99623197  1.43192073  1.32456212  1.10683361
4    1.63007669  1.09866839  1.92962671  1.54113170  0.00000000  1.49521913  0.82496096  1.58166732  1.58212878  1.56808132  1.81429929  1.68395936  1.67648472
5    1.29494738  0.81489472  1.61885426  1.19934011  1.49521913  0.00000000  0.84354746  1.27211870  1.29863335  1.42808333  1.52839734  1.41750881  1.53809647
6    0.97294706  0.44927828  1.25369680  0.88465366  0.82496096  0.84354746  0.00000000  0.92839282  0.94609675  0.99254047  1.17186604  1.05320001  1.10226450
7    1.11388803  0.74604600  1.66627024  1.22999631  1.58166732  1.27211870  0.92839282  0.00000000  1.33522853  1.47770285  1.00531673  0.90953883  1.58776136
9    1.22129341  1.01580703  1.65617315  0.73897190  1.58212878  1.29863335  0.94609675  1.33522853  0.00000000  1.15373115  1.54444245  1.43531070  1.26418928
10    1.40618099  1.11554597  1.80570520  0.99623197  1.56808132  1.42808333  0.99254047  1.47770285  1.15373115  0.00000000  1.63800290  1.52620348  0.21996299
11    1.38917994  1.03210571  1.92024354  1.43192073  1.81429929  1.52839734  1.17186604  1.00531673  1.54444245  1.63800290  0.00000000  0.90670308  1.74815050
12    1.28508591  0.92368983  1.81041013  1.32456212  1.68395936  1.41750881  1.05320001  0.90953883  1.43531070  1.52620348  0.90670308  0.00000000  1.63632824
17    1.51638722  1.22545563  1.91578829  1.10683361  1.67648472  1.53809647  1.10226450  1.58776136  1.26418928  0.21996299  1.74815050  1.63632824  0.00000000

--------------------------------------------------------------------------------
n=12
(result of R-step: (4,10:17)0.00123177)
V=[0, 1, 2, 3, 4, 5, 6, 7, 9, 10, 11, 12]
total successes of this branch: 5
Matrix on 12 elements:

0    0.00000000  1.01428792  1.62080017  1.09672108  1.46589350  1.29494738  0.97294706  1.11388803  1.22129341  1.35206381  1.38917994  1.28508591
1    1.01428792  0.00000000  1.27786370  0.93006177  0.93448519  0.81489472  0.44927828  0.74604600  1.01580703  1.06142880  1.03210571  0.92368983
2    1.62080017  1.27786370  0.00000000  1.54772265  1.76544351  1.61885426  1.25369680  1.66627024  1.65617315  1.75158802  1.92024354  1.81041013
3    1.09672108  0.93006177  1.54772265  0.00000000  1.37694850  1.19934011  0.88465366  1.22999631  0.73897190  0.94211480  1.43192073  1.32456212
4    1.46589350  0.93448519  1.76544351  1.37694850  0.00000000  1.33103593  0.66077776  1.41748413  1.41794558  1.34978095  1.65011610  1.51977616
5    1.29494738  0.81489472  1.61885426  1.19934011  1.33103593  0.00000000  0.84354746  1.27211870  1.29863335  1.37396616  1.52839734  1.41750881
6    0.97294706  0.44927828  1.25369680  0.88465366  0.66077776  0.84354746  0.00000000  0.92839282  0.94609675  0.93842330  1.17186604  1.05320001
7    1.11388803  0.74604600  1.66627024  1.22999631  1.41748413  1.27211870  0.92839282  0.00000000  1.33522853  1.42358568  1.00531673  0.90953883
9    1.22129341  1.01580703  1.65617315  0.73897190  1.41794558  1.29863335  0.94609675  1.33522853  0.00000000  1.09961397  1.54444245  1.43531070
10    1.35206381  1.06142880  1.75158802  0.94211480  1.34978095  1.37396616  0.93842330  1.42358568  1.09961397  0.00000000  1.58388573  1.47208630
11    1.38917994  1.03210571  1.92024354  1.43192073  1.65011610  1.52839734  1.17186604  1.00531673  1.54444245  1.58388573  0.00000000  0.90670308
12    1.28508591  0.92368983  1.81041013  1.32456212  1.51977616  1.41750881  1.05320001  0.90953883  1.43531070  1.47208630  0.90670308  0.00000000

--------------------------------------------------------------------------------
n=11
(result of R-step: (4,11:12)0.02479068)
V=[0, 1, 2, 3, 4, 5, 6, 7, 9, 10, 11]
total successes of this branch: 5
Matrix on 11 elements:

0    0.00000000  1.01428792  1.62080017  1.09672108  1.13182910  1.29494738  0.97294706  1.11388803  1.22129341  1.35206381  0.89093235
1    1.01428792  0.00000000  1.27786370  0.93006177  0.60042080  0.81489472  0.44927828  0.74604600  1.01580703  1.06142880  0.53385812
2    1.62080017  1.27786370  0.00000000  1.54772265  1.43137912  1.61885426  1.25369680  1.66627024  1.65617315  1.75158802  1.42199595
3    1.09672108  0.93006177  1.54772265  0.00000000  1.04288411  1.19934011  0.88465366  1.22999631  0.73897190  0.94211480  0.93367313
4    1.13182910  0.60042080  1.43137912  1.04288411  0.00000000  0.99697154  0.32671337  1.08341973  1.08388119  1.01571656  0.81780411
5    1.29494738  0.81489472  1.61885426  1.19934011  0.99697154  0.00000000  0.84354746  1.27211870  1.29863335  1.37396616  1.03014975
6    0.97294706  0.44927828  1.25369680  0.88465366  0.32671337  0.84354746  0.00000000  0.92839282  0.94609675  0.93842330  0.67361845
7    1.11388803  0.74604600  1.66627024  1.22999631  1.08341973  1.27211870  0.92839282  0.00000000  1.33522853  1.42358568  0.50706914
9    1.22129341  1.01580703  1.65617315  0.73897190  1.08388119  1.29863335  0.94609675  1.33522853  0.00000000  1.09961397  1.04619486
10    1.35206381  1.06142880  1.75158802  0.94211480  1.01571656  1.37396616  0.93842330  1.42358568  1.09961397  0.00000000  1.08563814
11    0.89093235  0.53385812  1.42199595  0.93367313  0.81780411  1.03014975  0.67361845  0.50706914  1.04619486  1.08563814  0.00000000

--------------------------------------------------------------------------------
n=10
(result of R-step: (7,10:11)0.86053328)
V=[0, 1, 2, 3, 4, 5, 6, 7, 9, 10]
total successes of this branch: 5
Matrix on 10 elements:

0    0.00000000  1.01428792  1.62080017  1.09672108  1.13182910  1.29494738  0.97294706  0.78577777  1.22129341  0.93343862
1    1.01428792  0.00000000  1.27786370  0.93006177  0.60042080  0.81489472  0.44927828  0.41793574  1.01580703  0.64280361
2    1.62080017  1.27786370  0.00000000  1.54772265  1.43137912  1.61885426  1.25369680  1.33815998  1.65617315  1.33296283
3    1.09672108  0.93006177  1.54772265  0.00000000  1.04288411  1.19934011  0.88465366  0.90188605  0.73897190  0.52348961
4    1.13182910  0.60042080  1.43137912  1.04288411  0.00000000  0.99697154  0.32671337  0.75530948  1.08388119  0.59709137
5    1.29494738  0.81489472  1.61885426  1.19934011  0.99697154  0.00000000  0.84354746  0.94400844  1.29863335  0.95534097
6    0.97294706  0.44927828  1.25369680  0.88465366  0.32671337  0.84354746  0.00000000  0.60028256  0.94609675  0.51979811
7    0.78577777  0.41793574  1.33815998  0.90188605  0.75530948  0.94400844  0.60028256  0.00000000  1.00711828  0.67685023
9    1.22129341  1.01580703  1.65617315  0.73897190  1.08388119  1.29863335  0.94609675  1.00711828  0.00000000  0.68098878
10    0.93343862  0.64280361  1.33296283  0.52348961  0.59709137  0.95534097  0.51979811  0.67685023  0.68098878  0.00000000

--------------------------------------------------------------------------------
n=9
(result of R-step: (0,1:7)0.50189145)
V=[0, 1, 2, 3, 4, 5, 6, 9, 10]
total successes of this branch: 5
Matrix on 9 elements:

0    0.00000000  0.60262124  1.22990599  0.70582690  0.74093491  0.90405320  0.58205287  0.83039922  0.54254443
1    0.60262124  0.00000000  1.25709121  0.90928928  0.57964830  0.79412222  0.42850579  0.99503454  0.62203111
2    1.22990599  1.25709121  0.00000000  1.54772265  1.43137912  1.61885426  1.25369680  1.65617315  1.33296283
3    0.70582690  0.90928928  1.54772265  0.00000000  1.04288411  1.19934011  0.88465366  0.73897190  0.52348961
4    0.74093491  0.57964830  1.43137912  1.04288411  0.00000000  0.99697154  0.32671337  1.08388119  0.59709137
5    0.90405320  0.79412222  1.61885426  1.19934011  0.99697154  0.00000000  0.84354746  1.29863335  0.95534097
6    0.58205287  0.42850579  1.25369680  0.88465366  0.32671337  0.84354746  0.00000000  0.94609675  0.51979811
9    0.83039922  0.99503454  1.65617315  0.73897190  1.08388119  1.29863335  0.94609675  0.00000000  0.68098878
10    0.54254443  0.62203111  1.33296283  0.52348961  0.59709137  0.95534097  0.51979811  0.68098878  0.00000000

--------------------------------------------------------------------------------
n=8
(result of R-step: (3,4:10)0.66010680)
V=[0, 1, 2, 3, 4, 5, 6, 9]
total successes of this branch: 5
Matrix on 8 elements:

0    0.00000000  0.60262124  1.22990599  0.44508437  0.61752569  0.90405320  0.58205287  0.83039922
1    0.60262124  0.00000000  1.25709121  0.64854675  0.45623908  0.79412222  0.42850579  0.99503454
2    1.22990599  1.25709121  0.00000000  1.28698012  1.30796989  1.61885426  1.25369680  1.65617315
3    0.44508437  0.64854675  1.28698012  0.00000000  0.65873235  0.93859758  0.62391113  0.47822937
4    0.61752569  0.45623908  1.30796989  0.65873235  0.00000000  0.87356231  0.20330414  0.96047196
5    0.90405320  0.79412222  1.61885426  0.93859758  0.87356231  0.00000000  0.84354746  1.29863335
6    0.58205287  0.42850579  1.25369680  0.62391113  0.20330414  0.84354746  0.00000000  0.94609675
9    0.83039922  0.99503454  1.65617315  0.47822937  0.96047196  1.29863335  0.94609675  0.00000000

--------------------------------------------------------------------------------
n=7
(result of R-step: (3,4:9)0.89355128)
V=[0, 1, 2, 3, 4, 5, 6]
total successes of this branch: 5
Matrix on 7 elements:

0    0.00000000  0.60262124  1.22990599  0.42205857  0.59449989  0.90405320  0.58205287
1    0.60262124  0.00000000  1.25709121  0.62552095  0.43321328  0.79412222  0.42850579
2    1.22990599  1.25709121  0.00000000  1.26395432  1.28494409  1.61885426  1.25369680
3    0.42205857  0.62552095  1.26395432  0.00000000  0.61268075  0.91557178  0.60088533
4    0.59449989  0.43321328  1.28494409  0.61268075  0.00000000  0.85053651  0.18027834
5    0.90405320  0.79412222  1.61885426  0.91557178  0.85053651  0.00000000  0.84354746
6    0.58205287  0.42850579  1.25369680  0.60088533  0.18027834  0.84354746  0.00000000

--------------------------------------------------------------------------------
n=6
(result of R-step: (1,3:5)0.67810675)
V=[0, 1, 2, 3, 4, 6]
total successes of this branch: 5
Matrix on 6 elements:

0    0.00000000  0.43065909  1.22990599  0.21725785  0.59449989  0.58205287
1    0.43065909  0.00000000  1.08512906  0.24875809  0.26125113  0.25654364
2    1.22990599  1.08512906  0.00000000  1.05915361  1.28494409  1.25369680
3    0.21725785  0.24875809  1.05915361  0.00000000  0.40788004  0.39608462
4    0.59449989  0.26125113  1.28494409  0.40788004  0.00000000  0.18027834
6    0.58205287  0.25654364  1.25369680  0.39608462  0.18027834  0.00000000

--------------------------------------------------------------------------------
n=5
(result of R-step: (0,1:3)0.91580986)
V=[0, 1, 2, 4, 6]
total successes of this branch: 0
Matrix on 5 elements:

0    0.00000000  0.16853885  1.04451587  0.40910977  0.39666276
1    0.16853885  0.00000000  1.00839894  0.18452101  0.17981352
2    1.04451587  1.00839894  0.00000000  1.28494409  1.25369680
4    0.40910977  0.18452101  1.28494409  0.00000000  0.18027834
6    0.39666276  0.17981352  1.25369680  0.18027834  0.00000000
reason of abort: no pseudometric

--------------------------------------------------------------------------------
n=5
(result of R-step: (2,4:6)0.04106461)
V=[0, 1, 2, 3, 4]
total successes of this branch: 5
Matrix on 5 elements:

0    0.00000000  0.43065909  0.49864176  0.21725785  0.50791828
1    0.43065909  0.00000000  0.35386484  0.24875809  0.17466953
2    0.49864176  0.35386484  0.00000000  0.32788938  0.46709827
3    0.21725785  0.24875809  0.32788938  0.00000000  0.32129844
4    0.50791828  0.17466953  0.46709827  0.32129844  0.00000000

--------------------------------------------------------------------------------
n=4
(result of R-step: (0,1:2)0.58477870)
V=[0, 1, 3, 4]
total successes of this branch: 1
Matrix on 4 elements:

0    0.00000000  0.23522618  0.02721077  0.31787120
1    0.23522618  0.00000000  0.24337226  0.16928370
3    0.02721077  0.24337226  0.00000000  0.32129844
4    0.31787120  0.16928370  0.32129844  0.00000000

--------------------------------------------------------------------------------
n=4
(result of R-step: (0,1:3)0.91580986)
V=[0, 1, 2, 4]
total successes of this branch: 0
Matrix on 4 elements:

0    0.00000000  0.16853885  0.31325165  0.32252817
1    0.16853885  0.00000000  0.27713472  0.09793941
2    0.31325165  0.27713472  0.00000000  0.46709827
4    0.32252817  0.09793941  0.46709827  0.00000000
reason of abort: no pseudometric

--------------------------------------------------------------------------------
n=4
(result of R-step: (0,1:4)0.23084713)
V=[0, 1, 2, 3]
total successes of this branch: 0
reason of abort: negative delta/dxy

--------------------------------------------------------------------------------
n=4
(result of R-step: (0,4:2)0.47941643)
V=[0, 1, 3, 4]
total successes of this branch: 0
Matrix on 4 elements:

0    0.00000000  0.24526897  0.03186774  0.16201198
1    0.24526897  0.00000000  0.24875809  0.01415334
3    0.03186774  0.24875809  0.00000000  0.16078225
4    0.16201198  0.01415334  0.16078225  0.00000000
reason of abort: no pseudometric

--------------------------------------------------------------------------------
n=4
(result of R-step: (0,4:3)0.95032829)
V=[0, 1, 2, 4]
total successes of this branch: 1
Matrix on 4 elements:

0    0.00000000  0.24061200  0.30859468  0.23940720
1    0.24061200  0.00000000  0.35386484  0.09620553
2    0.30859468  0.35386484  0.00000000  0.38863427
4    0.23940720  0.09620553  0.38863427  0.00000000

--------------------------------------------------------------------------------
n=4
(result of R-step: (1,3:2)0.37659092)
V=[0, 1, 3, 4]
total successes of this branch: 0
reason of abort: negative delta/dxy

--------------------------------------------------------------------------------
n=4
(result of R-step: (1,3:4)0.80806147)
V=[0, 1, 2, 3]
total successes of this branch: 1
Matrix on 4 elements:

0    0.00000000  0.42527326  0.49864176  0.21187203
1    0.42527326  0.00000000  0.34847902  0.23798644
2    0.49864176  0.34847902  0.00000000  0.32250356
3    0.21187203  0.23798644  0.32250356  0.00000000

--------------------------------------------------------------------------------
n=4
(result of R-step: (2,3:0)0.11596197)
V=[1, 2, 3, 4]
total successes of this branch: 1
Matrix on 4 elements:

1    0.00000000  0.18543693  0.24337226  0.17466953
2    0.18543693  0.00000000  0.15407565  0.29867036
3    0.24337226  0.15407565  0.00000000  0.31591261
4    0.17466953  0.29867036  0.31591261  0.00000000

--------------------------------------------------------------------------------
n=4
(result of R-step: (2,4:1)0.29739141)
V=[0, 2, 3, 4]
total successes of this branch: 1
Matrix on 4 elements:

0    0.00000000  0.33021385  0.21725785  0.42945429
2    0.33021385  0.00000000  0.15946148  0.22020636
3    0.21725785  0.15946148  0.00000000  0.24283444
4    0.42945429  0.22020636  0.24283444  0.00000000

--------------------------------------------------------------------------------
n=4
(result of R-step: (3,4:2)0.51671653)
V=[0, 1, 3, 4]
total successes of this branch: 0
Matrix on 4 elements:

0    0.00000000  0.43065909  0.18658472  0.34221272
1    0.43065909  0.00000000  0.21808495  0.00896396
3    0.18658472  0.21808495  0.00000000  0.12491973
4    0.34221272  0.00896396  0.12491973  0.00000000
reason of abort: no pseudometric
