n=20
V=[0, 1, 2, 3, 4, 5, 6, 7, 8, 9, 10, 11, 12, 13, 14, 15, 16, 17, 18, 19]
total successes of this branch: 5
Matrix on 20 elements:

0    0.00000000  1.70057340  1.69584899  1.64277207  1.57334444  1.58252333  1.49117918  1.50592113  1.56041054  1.56702571  1.55634511  1.58001961  1.52121564  1.53506019  1.54467153  1.63121980  1.57133673  1.53861440  1.54322483  1.57088376
1    1.70057340  0.00000000  1.67193223  1.69629887  1.69410241  1.69807496  1.69723349  1.57850951  1.67192808  1.69676587  1.69783381  1.69786347  1.69751019  1.69763773  1.67574074  1.68393188  1.69066032  1.69767047  1.69715259  1.69432964
2    1.69584899  1.67193223  0.00000000  1.68653796  1.69469144  1.69040674  1.69525154  1.68663136  1.69314526  1.69089187  1.69179521  1.69048512  1.69365844  1.69292414  0.71012453  1.00156154  1.69445143  1.69273563  1.69232926  1.69457785
3    1.64277207  1.69629887  1.68653796  0.00000000  1.64536273  1.55801972  1.64410920  1.66340155  1.64882314  1.27585904  1.58269201  1.51243531  1.61580062  1.60275249  1.68071827  1.63842833  1.64589988  1.59940274  1.45247766  1.64262400
4    1.57334444  1.69410241  1.69469144  1.64536273  0.00000000  1.61543874  1.48569941  1.61988513  1.07895480  1.56558383  1.57825689  1.60738444  1.52836126  1.54802516  1.67855554  1.64074978  0.43726483  1.55307333  1.54624463  0.20034657
5    1.58252333  1.69807496  1.69040674  1.55801972  1.61543874  0.00000000  1.59951212  1.62705747  1.61766757  1.57875221  1.01364266  0.90744513  1.32911143  1.20500314  1.67606114  1.37687629  1.61578472  1.17286755  1.44904990  1.58905841
6    1.49117918  1.69723349  1.69525154  1.64410920  1.48569941  1.59951212  0.00000000  1.57059348  1.50198474  1.27634544  1.36415878  1.54730299  1.04759491  1.13870115  1.66811539  1.54186328  1.48822736  1.20438116  1.15749678  1.46339645
7    1.50592113  1.57850951  1.68663136  1.66340155  1.61988513  1.62705747  1.57059348  0.00000000  1.49148701  1.61702818  1.61087551  1.62543719  1.58916039  1.59771833  1.66260175  1.65153528  1.59995408  1.59991535  1.60254931  1.61846038
8    1.56041054  1.67192808  1.69314526  1.64882314  1.07895480  1.61766757  1.50198474  1.49148701  0.00000000  1.57545246  1.58451416  1.61084752  1.54002443  1.55755787  1.67549511  1.64281878  0.96104298  1.56205909  1.55704562  1.10971653
9    1.56702571  1.69676587  1.69089187  1.27585904  1.56558383  1.57875221  1.27634544  1.61702818  1.57545246  0.00000000  1.49208579  1.44940221  1.37578509  1.42161928  1.67442099  1.59878923  1.56711572  1.43338595  0.80253309  1.55633065
10    1.55634511  1.69783381  1.69179521  1.58269201  1.57825689  1.01364266  1.36415878  1.61087551  1.58451416  1.49208579  0.00000000  1.09093745  1.24889946  0.89935507  1.67378398  1.09600987  1.57922819  0.75610474  1.36573692  1.53462116
11    1.58001961  1.69786347  1.69048512  1.51243531  1.60738444  0.90744513  1.54730299  1.62543719  1.61084752  1.44940221  1.09093745  0.00000000  1.33690017  1.23999852  1.67579617  1.41272739  1.60792201  1.21508092  1.39095112  1.58377108
12    1.52121564  1.69751019  1.69365844  1.61580062  1.52836126  1.32911143  1.04759491  1.58916039  1.54002443  1.37578509  1.24889946  1.33690017  0.00000000  1.18314807  1.67072817  1.48761103  1.53017172  0.74670258  0.75586627  1.50617303
13    1.53506019  1.69763773  1.69292414  1.60275249  1.54802516  1.20500314  1.13870115  1.59771833  1.55755787  1.42161928  0.89935507  1.23999852  1.18314807  0.00000000  1.67193247  1.32528041  1.54950491  1.04259242  1.29772018  1.45545461
14    1.54467153  1.67574074  0.71012453  1.68071827  1.67855554  1.67606114  1.66811539  1.66260175  1.67549511  1.67442099  1.67378398  1.67579617  1.67072817  1.67193247  0.00000000  1.15656752  1.67808048  1.67224164  1.67250237  1.67812985
15    1.63121980  1.68393188  1.00156154  1.63842833  1.64074978  1.37687629  1.54186328  1.65153528  1.64281878  1.59878923  1.09600987  1.41272739  1.48761103  1.32528041  1.15656752  0.00000000  1.64107095  1.29366067  1.54102595  1.62047331
16    1.57133673  1.69066032  1.69445143  1.64589988  0.43726483  1.61578472  1.48822736  1.59995408  0.96104298  1.56711572  1.57922819  1.60792201  1.53017172  1.54950491  1.67808048  1.64107095  0.00000000  1.55446818  1.54792125  0.50875293
17    1.53861440  1.69767047  1.69273563  1.59940274  1.55307333  1.17286755  1.20438116  1.59991535  1.56205909  1.43338595  0.75610474  1.21508092  0.74670258  1.04259242  1.67224164  1.29366067  1.55446818  0.00000000  1.07661562  1.52026269
18    1.54322483  1.69715259  1.69232926  1.45247766  1.54624463  1.44904990  1.15749678  1.60254931  1.55704562  0.80253309  1.36573692  1.39095112  0.75586627  1.29772018  1.67250237  1.54102595  1.54792125  1.07661562  0.00000000  1.53027097
19    1.57088376  1.69432964  1.69457785  1.64262400  0.20034657  1.58905841  1.46339645  1.61846038  1.10971653  1.55633065  1.53462116  1.58377108  1.50617303  1.45545461  1.67812985  1.62047331  0.50875293  1.52026269  1.53027097  0.00000000

--------------------------------------------------------------------------------
n=19
(result of R-step: (4,13:19)0.93572602)
V=[0, 1, 2, 3, 4, 5, 6, 7, 8, 9, 10, 11, 12, 13, 14, 15, 16, 17, 18]
total successes of this branch: 5
Matrix on 19 elements:

0    0.00000000  1.70057340  1.69584899  1.64277207  1.51945643  1.58252333  1.49117918  1.50592113  1.56041054  1.56702571  1.55634511  1.58001961  1.52121564  1.48117218  1.54467153  1.63121980  1.57133673  1.53861440  1.54322483
1    1.70057340  0.00000000  1.67193223  1.69629887  1.64021440  1.69807496  1.69723349  1.57850951  1.67192808  1.69676587  1.69783381  1.69786347  1.69751019  1.64374972  1.67574074  1.68393188  1.69066032  1.69767047  1.69715259
2    1.69584899  1.67193223  0.00000000  1.68653796  1.64080343  1.69040674  1.69525154  1.68663136  1.69314526  1.69089187  1.69179521  1.69048512  1.69365844  1.63903613  0.71012453  1.00156154  1.69445143  1.69273563  1.69232926
3    1.64277207  1.69629887  1.68653796  0.00000000  1.59147472  1.55801972  1.64410920  1.66340155  1.64882314  1.27585904  1.58269201  1.51243531  1.61580062  1.54886448  1.68071827  1.63842833  1.64589988  1.59940274  1.45247766
4    1.51945643  1.64021440  1.64080343  1.59147472  0.00000000  1.56155073  1.43181140  1.56599712  1.02506679  1.51169582  1.52436888  1.55349643  1.47447325  1.44024914  1.62466753  1.58686177  0.38337682  1.49918532  1.49235662
5    1.58252333  1.69807496  1.69040674  1.55801972  1.56155073  0.00000000  1.59951212  1.62705747  1.61766757  1.57875221  1.01364266  0.90744513  1.32911143  1.15111513  1.67606114  1.37687629  1.61578472  1.17286755  1.44904990
6    1.49117918  1.69723349  1.69525154  1.64410920  1.43181140  1.59951212  0.00000000  1.57059348  1.50198474  1.27634544  1.36415878  1.54730299  1.04759491  1.08481314  1.66811539  1.54186328  1.48822736  1.20438116  1.15749678
7    1.50592113  1.57850951  1.68663136  1.66340155  1.56599712  1.62705747  1.57059348  0.00000000  1.49148701  1.61702818  1.61087551  1.62543719  1.58916039  1.54383032  1.66260175  1.65153528  1.59995408  1.59991535  1.60254931
8    1.56041054  1.67192808  1.69314526  1.64882314  1.02506679  1.61766757  1.50198474  1.49148701  0.00000000  1.57545246  1.58451416  1.61084752  1.54002443  1.50366986  1.67549511  1.64281878  0.96104298  1.56205909  1.55704562
9    1.56702571  1.69676587  1.69089187  1.27585904  1.51169582  1.57875221  1.27634544  1.61702818  1.57545246  0.00000000  1.49208579  1.44940221  1.37578509  1.36773127  1.67442099  1.59878923  1.56711572  1.43338595  0.80253309
10    1.55634511  1.69783381  1.69179521  1.58269201  1.52436888  1.01364266  1.36415878  1.61087551  1.58451416  1.49208579  0.00000000  1.09093745  1.24889946  0.84546706  1.67378398  1.09600987  1.57922819  0.75610474  1.36573692
11    1.58001961  1.69786347  1.69048512  1.51243531  1.55349643  0.90744513  1.54730299  1.62543719  1.61084752  1.44940221  1.09093745  0.00000000  1.33690017  1.18611050  1.67579617  1.41272739  1.60792201  1.21508092  1.39095112
12    1.52121564  1.69751019  1.69365844  1.61580062  1.47447325  1.32911143  1.04759491  1.58916039  1.54002443  1.37578509  1.24889946  1.33690017  0.00000000  1.12926005  1.67072817  1.48761103  1.53017172  0.74670258  0.75586627
13    1.48117218  1.64374972  1.63903613  1.54886448  1.44024914  1.15111513  1.08481314  1.54383032  1.50366986  1.36773127  0.84546706  1.18611050  1.12926005  0.00000000  1.61804446  1.27139240  1.49561690  0.98870441  1.24383217
14    1.54467153  1.67574074  0.71012453  1.68071827  1.62466753  1.67606114  1.66811539  1.66260175  1.67549511  1.67442099  1.67378398  1.67579617  1.67072817  1.61804446  0.00000000  1.15656752  1.67808048  1.67224164  1.67250237
15    1.63121980  1.68393188  1.00156154  1.63842833  1.58686177  1.37687629  1.54186328  1.65153528  1.64281878  1.59878923  1.09600987  1.41272739  1.48761103  1.27139240  1.15656752  0.00000000  1.64107095  1.29366067  1.54102595
16    1.57133673  1.69066032  1.69445143  1.64589988  0.38337682  1.61578472  1.48822736  1.59995408  0.96104298  1.56711572  1.57922819  1.60792201  1.53017172  1.49561690  1.67808048  1.64107095  0.00000000  1.55446818  1.54792125
17    1.53861440  1.69767047  1.69273563  1.59940274  1.49918532  1.17286755  1.20438116  1.59991535  1.56205909  1.43338595  0.75610474  1.21508092  0.74670258  0.98870441  1.67224164  1.29366067  1.55446818  0.00000000  1.07661562
18    1.54322483  1.69715259  1.69232926  1.45247766  1.49235662  1.44904990  1.15749678  1.60254931  1.55704562  0.80253309  1.36573692  1.39095112  0.75586627  1.24383217  1.67250237  1.54102595  1.54792125  1.07661562  0.00000000

--------------------------------------------------------------------------------
n=18
(result of R-step: (4,8:16)0.84477153)
V=[0, 1, 2, 3, 4, 5, 6, 7, 8, 9, 10, 11, 12, 13, 14, 15, 17, 18]
total successes of this branch: 5
Matrix on 18 elements:

0    0.00000000  1.70057340  1.69584899  1.64277207  1.41366794  1.58252333  1.49117918  1.50592113  1.40073404  1.56702571  1.55634511  1.58001961  1.52121564  1.48117218  1.54467153  1.63121980  1.53861440  1.54322483
1    1.70057340  0.00000000  1.67193223  1.69629887  1.53442591  1.69807496  1.69723349  1.57850951  1.51225158  1.69676587  1.69783381  1.69786347  1.69751019  1.64374972  1.67574074  1.68393188  1.69767047  1.69715259
2    1.69584899  1.67193223  0.00000000  1.68653796  1.53501494  1.69040674  1.69525154  1.68663136  1.53346876  1.69089187  1.69179521  1.69048512  1.69365844  1.63903613  0.71012453  1.00156154  1.69273563  1.69232926
3    1.64277207  1.69629887  1.68653796  0.00000000  1.48568623  1.55801972  1.64410920  1.66340155  1.48914664  1.27585904  1.58269201  1.51243531  1.61580062  1.54886448  1.68071827  1.63842833  1.59940274  1.45247766
4    1.41366794  1.53442591  1.53501494  1.48568623  0.00000000  1.45576224  1.32602291  1.46020863  0.75960180  1.40590733  1.41858039  1.44770794  1.36868476  1.33446065  1.51887904  1.48107328  1.39339683  1.38656813
5    1.58252333  1.69807496  1.69040674  1.55801972  1.45576224  0.00000000  1.59951212  1.62705747  1.45799107  1.57875221  1.01364266  0.90744513  1.32911143  1.15111513  1.67606114  1.37687629  1.17286755  1.44904990
6    1.49117918  1.69723349  1.69525154  1.64410920  1.32602291  1.59951212  0.00000000  1.57059348  1.34230824  1.27634544  1.36415878  1.54730299  1.04759491  1.08481314  1.66811539  1.54186328  1.20438116  1.15749678
7    1.50592113  1.57850951  1.68663136  1.66340155  1.46020863  1.62705747  1.57059348  0.00000000  1.33181051  1.61702818  1.61087551  1.62543719  1.58916039  1.54383032  1.66260175  1.65153528  1.59991535  1.60254931
8    1.40073404  1.51225158  1.53346876  1.48914664  0.75960180  1.45799107  1.34230824  1.33181051  0.00000000  1.41577596  1.42483766  1.45117102  1.38034793  1.34399336  1.51581861  1.48314228  1.40238259  1.39736912
9    1.56702571  1.69676587  1.69089187  1.27585904  1.40590733  1.57875221  1.27634544  1.61702818  1.41577596  0.00000000  1.49208579  1.44940221  1.37578509  1.36773127  1.67442099  1.59878923  1.43338595  0.80253309
10    1.55634511  1.69783381  1.69179521  1.58269201  1.41858039  1.01364266  1.36415878  1.61087551  1.42483766  1.49208579  0.00000000  1.09093745  1.24889946  0.84546706  1.67378398  1.09600987  0.75610474  1.36573692
11    1.58001961  1.69786347  1.69048512  1.51243531  1.44770794  0.90744513  1.54730299  1.62543719  1.45117102  1.44940221  1.09093745  0.00000000  1.33690017  1.18611050  1.67579617  1.41272739  1.21508092  1.39095112
12    1.52121564  1.69751019  1.69365844  1.61580062  1.36868476  1.32911143  1.04759491  1.58916039  1.38034793  1.37578509  1.24889946  1.33690017  0.00000000  1.12926005  1.67072817  1.48761103  0.74670258  0.75586627
13    1.48117218  1.64374972  1.63903613  1.54886448  1.33446065  1.15111513  1.08481314  1.54383032  1.34399336  1.36773127  0.84546706  1.18611050  1.12926005  0.00000000  1.61804446  1.27139240  0.98870441  1.24383217
14    1.54467153  1.67574074  0.71012453  1.68071827  1.51887904  1.67606114  1.66811539  1.66260175  1.51581861  1.67442099  1.67378398  1.67579617  1.67072817  1.61804446  0.00000000  1.15656752  1.67224164  1.67250237
15    1.63121980  1.68393188  1.00156154  1.63842833  1.48107328  1.37687629  1.54186328  1.65153528  1.48314228  1.59878923  1.09600987  1.41272739  1.48761103  1.27139240  1.15656752  0.00000000  1.29366067  1.54102595
17    1.53861440  1.69767047  1.69273563  1.59940274  1.39339683  1.17286755  1.20438116  1.59991535  1.40238259  1.43338595  0.75610474  1.21508092  0.74670258  0.98870441  1.67224164  1.29366067  0.00000000  1.07661562
18    1.54322483  1.69715259  1.69232926  1.45247766  1.38656813  1.44904990  1.15749678  1.60254931  1.39736912  0.80253309  1.36573692  1.39095112  0.75586627  1.24383217  1.67250237  1.54102595  1.07661562  0.00000000

--------------------------------------------------------------------------------
n=17
(result of R-step: (4,7:8)0.80816874)
V=[0, 1, 2, 3, 4, 5, 6, 7, 9, 10, 11, 12, 13, 14, 15, 17, 18]
total successes of this branch: 5
Matrix on 17 elements:

0    0.00000000  1.70057340  1.69584899  1.64277207  1.09806610  1.58252333  1.49117918  1.03064279  1.56702571  1.55634511  1.58001961  1.52121564  1.48117218  1.54467153  1.63121980  1.53861440  1.54322483
1    1.70057340  0.00000000  1.67193223  1.69629887  1.21882407  1.69807496  1.69723349  1.10323117  1.69676587  1.69783381  1.69786347  1.69751019  1.64374972  1.67574074  1.68393188  1.69767047  1.69715259
2    1.69584899  1.67193223  0.00000000  1.68653796  1.21941310  1.69040674  1.69525154  1.21135302  1.69089187  1.69179521  1.69048512  1.69365844  1.63903613  0.71012453  1.00156154  1.69273563  1.69232926
3    1.64277207  1.69629887  1.68653796  0.00000000  1.17008439  1.55801972  1.64410920  1.18812321  1.27585904  1.58269201  1.51243531  1.61580062  1.54886448  1.68071827  1.63842833  1.59940274  1.45247766
4    1.09806610  1.21882407  1.21941310  1.17008439  0.00000000  1.14016040  1.01042107  0.66932844  1.09030548  1.10297854  1.13210610  1.05308292  1.01885881  1.20327720  1.16547144  1.07779499  1.07096628
5    1.58252333  1.69807496  1.69040674  1.55801972  1.14016040  0.00000000  1.59951212  1.15177912  1.57875221  1.01364266  0.90744513  1.32911143  1.15111513  1.67606114  1.37687629  1.17286755  1.44904990
6    1.49117918  1.69723349  1.69525154  1.64410920  1.01042107  1.59951212  0.00000000  1.09531513  1.27634544  1.36415878  1.54730299  1.04759491  1.08481314  1.66811539  1.54186328  1.20438116  1.15749678
7    1.03064279  1.10323117  1.21135302  1.18812321  0.66932844  1.15177912  1.09531513  0.00000000  1.14174984  1.13559717  1.15015884  1.11388204  1.06855198  1.18732341  1.17625694  1.12463701  1.12727096
9    1.56702571  1.69676587  1.69089187  1.27585904  1.09030548  1.57875221  1.27634544  1.14174984  0.00000000  1.49208579  1.44940221  1.37578509  1.36773127  1.67442099  1.59878923  1.43338595  0.80253309
10    1.55634511  1.69783381  1.69179521  1.58269201  1.10297854  1.01364266  1.36415878  1.13559717  1.49208579  0.00000000  1.09093745  1.24889946  0.84546706  1.67378398  1.09600987  0.75610474  1.36573692
11    1.58001961  1.69786347  1.69048512  1.51243531  1.13210610  0.90744513  1.54730299  1.15015884  1.44940221  1.09093745  0.00000000  1.33690017  1.18611050  1.67579617  1.41272739  1.21508092  1.39095112
12    1.52121564  1.69751019  1.69365844  1.61580062  1.05308292  1.32911143  1.04759491  1.11388204  1.37578509  1.24889946  1.33690017  0.00000000  1.12926005  1.67072817  1.48761103  0.74670258  0.75586627
13    1.48117218  1.64374972  1.63903613  1.54886448  1.01885881  1.15111513  1.08481314  1.06855198  1.36773127  0.84546706  1.18611050  1.12926005  0.00000000  1.61804446  1.27139240  0.98870441  1.24383217
14    1.54467153  1.67574074  0.71012453  1.68071827  1.20327720  1.67606114  1.66811539  1.18732341  1.67442099  1.67378398  1.67579617  1.67072817  1.61804446  0.00000000  1.15656752  1.67224164  1.67250237
15    1.63121980  1.68393188  1.00156154  1.63842833  1.16547144  1.37687629  1.54186328  1.17625694  1.59878923  1.09600987  1.41272739  1.48761103  1.27139240  1.15656752  0.00000000  1.29366067  1.54102595
17    1.53861440  1.69767047  1.69273563  1.59940274  1.07779499  1.17286755  1.20438116  1.12463701  1.43338595  0.75610474  1.21508092  0.74670258  0.98870441  1.67224164  1.29366067  0.00000000  1.07661562
18    1.54322483  1.69715259  1.69232926  1.45247766  1.07096628  1.44904990  1.15749678  1.12727096  0.80253309  1.36573692  1.39095112  0.75586627  1.24383217  1.67250237  1.54102595  1.07661562  0.00000000

--------------------------------------------------------------------------------
n=16
(result of R-step: (9,12:18)0.48044420)
V=[0, 1, 2, 3, 4, 5, 6, 7, 9, 10, 11, 12, 13, 14, 15, 17]
total successes of this branch: 5
Matrix on 16 elements:

0    0.00000000  1.70057340  1.69584899  1.64277207  1.09806610  1.58252333  1.49117918  1.03064279  1.47571858  1.55634511  1.58001961  1.42990850  1.48117218  1.54467153  1.63121980  1.53861440
1    1.70057340  0.00000000  1.67193223  1.69629887  1.21882407  1.69807496  1.69723349  1.10323117  1.60545874  1.69783381  1.69786347  1.60620305  1.64374972  1.67574074  1.68393188  1.69767047
2    1.69584899  1.67193223  0.00000000  1.68653796  1.21941310  1.69040674  1.69525154  1.21135302  1.59958473  1.69179521  1.69048512  1.60235130  1.63903613  0.71012453  1.00156154  1.69273563
3    1.64277207  1.69629887  1.68653796  0.00000000  1.17008439  1.55801972  1.64410920  1.18812321  1.18455190  1.58269201  1.51243531  1.52449348  1.54886448  1.68071827  1.63842833  1.59940274
4    1.09806610  1.21882407  1.21941310  1.17008439  0.00000000  1.14016040  1.01042107  0.66932844  0.99899835  1.10297854  1.13210610  0.96177578  1.01885881  1.20327720  1.16547144  1.07779499
5    1.58252333  1.69807496  1.69040674  1.55801972  1.14016040  0.00000000  1.59951212  1.15177912  1.48744507  1.01364266  0.90744513  1.23780429  1.15111513  1.67606114  1.37687629  1.17286755
6    1.49117918  1.69723349  1.69525154  1.64410920  1.01042107  1.59951212  0.00000000  1.09531513  1.18503830  1.36415878  1.54730299  0.95628778  1.08481314  1.66811539  1.54186328  1.20438116
7    1.03064279  1.10323117  1.21135302  1.18812321  0.66932844  1.15177912  1.09531513  0.00000000  1.05044270  1.13559717  1.15015884  1.02257491  1.06855198  1.18732341  1.17625694  1.12463701
9    1.47571858  1.60545874  1.59958473  1.18455190  0.99899835  1.48744507  1.18503830  1.05044270  0.00000000  1.40077865  1.35809508  1.19317081  1.27642413  1.58311386  1.50748209  1.34207881
10    1.55634511  1.69783381  1.69179521  1.58269201  1.10297854  1.01364266  1.36415878  1.13559717  1.40077865  0.00000000  1.09093745  1.15759232  0.84546706  1.67378398  1.09600987  0.75610474
11    1.58001961  1.69786347  1.69048512  1.51243531  1.13210610  0.90744513  1.54730299  1.15015884  1.35809508  1.09093745  0.00000000  1.24559303  1.18611050  1.67579617  1.41272739  1.21508092
12    1.42990850  1.60620305  1.60235130  1.52449348  0.96177578  1.23780429  0.95628778  1.02257491  1.19317081  1.15759232  1.24559303  0.00000000  1.03795292  1.57942103  1.39630389  0.65539544
13    1.48117218  1.64374972  1.63903613  1.54886448  1.01885881  1.15111513  1.08481314  1.06855198  1.27642413  0.84546706  1.18611050  1.03795292  0.00000000  1.61804446  1.27139240  0.98870441
14    1.54467153  1.67574074  0.71012453  1.68071827  1.20327720  1.67606114  1.66811539  1.18732341  1.58311386  1.67378398  1.67579617  1.57942103  1.61804446  0.00000000  1.15656752  1.67224164
15    1.63121980  1.68393188  1.00156154  1.63842833  1.16547144  1.37687629  1.54186328  1.17625694  1.50748209  1.09600987  1.41272739  1.39630389  1.27139240  1.15656752  0.00000000  1.29366067
17    1.53861440  1.69767047  1.69273563  1.59940274  1.07779499  1.17286755  1.20438116  1.12463701  1.34207881  0.75610474  1.21508092  0.65539544  0.98870441  1.67224164  1.29366067  0.00000000

--------------------------------------------------------------------------------
n=15
(result of R-step: (10,12:17)0.49527526)
V=[0, 1, 2, 3, 4, 5, 6, 7, 9, 10, 11, 12, 13, 14, 15]
total successes of this branch: 5
Matrix on 15 elements:

0    0.00000000  1.70057340  1.69584899  1.64277207  1.09806610  1.58252333  1.49117918  1.03064279  1.47571858  1.42939118  1.58001961  1.39426171  1.48117218  1.54467153  1.63121980
1    1.70057340  0.00000000  1.67193223  1.69629887  1.21882407  1.69807496  1.69723349  1.10323117  1.60545874  1.57087988  1.69786347  1.57055626  1.64374972  1.67574074  1.68393188
2    1.69584899  1.67193223  0.00000000  1.68653796  1.21941310  1.69040674  1.69525154  1.21135302  1.59958473  1.56484128  1.69048512  1.56670451  1.63903613  0.71012453  1.00156154
3    1.64277207  1.69629887  1.68653796  0.00000000  1.17008439  1.55801972  1.64410920  1.18812321  1.18455190  1.45573808  1.51243531  1.48884669  1.54886448  1.68071827  1.63842833
4    1.09806610  1.21882407  1.21941310  1.17008439  0.00000000  1.14016040  1.01042107  0.66932844  0.99899835  0.97602462  1.13210610  0.92612899  1.01885881  1.20327720  1.16547144
5    1.58252333  1.69807496  1.69040674  1.55801972  1.14016040  0.00000000  1.59951212  1.15177912  1.48744507  0.88668873  0.90744513  1.20215750  1.15111513  1.67606114  1.37687629
6    1.49117918  1.69723349  1.69525154  1.64410920  1.01042107  1.59951212  0.00000000  1.09531513  1.18503830  1.23720485  1.54730299  0.92064098  1.08481314  1.66811539  1.54186328
7    1.03064279  1.10323117  1.21135302  1.18812321  0.66932844  1.15177912  1.09531513  0.00000000  1.05044270  1.00864324  1.15015884  0.98692811  1.06855198  1.18732341  1.17625694
9    1.47571858  1.60545874  1.59958473  1.18455190  0.99899835  1.48744507  1.18503830  1.05044270  0.00000000  1.27382472  1.35809508  1.15752402  1.27642413  1.58311386  1.50748209
10    1.42939118  1.57087988  1.56484128  1.45573808  0.97602462  0.88668873  1.23720485  1.00864324  1.27382472  0.00000000  0.96398352  0.99499160  0.71851313  1.54683005  0.96905594
11    1.58001961  1.69786347  1.69048512  1.51243531  1.13210610  0.90744513  1.54730299  1.15015884  1.35809508  0.96398352  0.00000000  1.20994624  1.18611050  1.67579617  1.41272739
12    1.39426171  1.57055626  1.56670451  1.48884669  0.92612899  1.20215750  0.92064098  0.98692811  1.15752402  0.99499160  1.20994624  0.00000000  1.00230613  1.54377424  1.36065710
13    1.48117218  1.64374972  1.63903613  1.54886448  1.01885881  1.15111513  1.08481314  1.06855198  1.27642413  0.71851313  1.18611050  1.00230613  0.00000000  1.61804446  1.27139240
14    1.54467153  1.67574074  0.71012453  1.68071827  1.20327720  1.67606114  1.66811539  1.18732341  1.58311386  1.54683005  1.67579617  1.54377424  1.61804446  0.00000000  1.15656752
15    1.63121980  1.68393188  1.00156154  1.63842833  1.16547144  1.37687629  1.54186328  1.17625694  1.50748209  0.96905594  1.41272739  1.36065710  1.27139240  1.15656752  0.00000000

--------------------------------------------------------------------------------
n=14
(result of R-step: (2,10:15)0.53672120)
V=[0, 1, 2, 3, 4, 5, 6, 7, 9, 10, 11, 12, 13, 14]
total successes of this branch: 5
Matrix on 14 elements:

0    0.00000000  1.70057340  1.49296089  1.64277207  1.09806610  1.58252333  1.49117918  1.03064279  1.47571858  1.35345701  1.58001961  1.39426171  1.48117218  1.54467153
1    1.70057340  0.00000000  1.46904413  1.69629887  1.21882407  1.69807496  1.69723349  1.10323117  1.60545874  1.49494570  1.69786347  1.57055626  1.64374972  1.67574074
2    1.49296089  1.46904413  0.00000000  1.48364986  1.01652500  1.48751864  1.49236344  1.00846492  1.39669663  1.28601901  1.48759702  1.36381641  1.43614803  0.50723643
3    1.64277207  1.69629887  1.48364986  0.00000000  1.17008439  1.55801972  1.64410920  1.18812321  1.18455190  1.37980391  1.51243531  1.48884669  1.54886448  1.68071827
4    1.09806610  1.21882407  1.01652500  1.17008439  0.00000000  1.14016040  1.01042107  0.66932844  0.99899835  0.90009044  1.13210610  0.92612899  1.01885881  1.20327720
5    1.58252333  1.69807496  1.48751864  1.55801972  1.14016040  0.00000000  1.59951212  1.15177912  1.48744507  0.81075456  0.90744513  1.20215750  1.15111513  1.67606114
6    1.49117918  1.69723349  1.49236344  1.64410920  1.01042107  1.59951212  0.00000000  1.09531513  1.18503830  1.16127068  1.54730299  0.92064098  1.08481314  1.66811539
7    1.03064279  1.10323117  1.00846492  1.18812321  0.66932844  1.15177912  1.09531513  0.00000000  1.05044270  0.93270907  1.15015884  0.98692811  1.06855198  1.18732341
9    1.47571858  1.60545874  1.39669663  1.18455190  0.99899835  1.48744507  1.18503830  1.05044270  0.00000000  1.19789055  1.35809508  1.15752402  1.27642413  1.58311386
10    1.35345701  1.49494570  1.28601901  1.37980391  0.90009044  0.81075456  1.16127068  0.93270907  1.19789055  0.00000000  0.88804935  0.91905743  0.64257896  1.47089588
11    1.58001961  1.69786347  1.48759702  1.51243531  1.13210610  0.90744513  1.54730299  1.15015884  1.35809508  0.88804935  0.00000000  1.20994624  1.18611050  1.67579617
12    1.39426171  1.57055626  1.36381641  1.48884669  0.92612899  1.20215750  0.92064098  0.98692811  1.15752402  0.91905743  1.20994624  0.00000000  1.00230613  1.54377424
13    1.48117218  1.64374972  1.43614803  1.54886448  1.01885881  1.15111513  1.08481314  1.06855198  1.27642413  0.64257896  1.18611050  1.00230613  0.00000000  1.61804446
14    1.54467153  1.67574074  0.50723643  1.68071827  1.20327720  1.67606114  1.66811539  1.18732341  1.58311386  1.47089588  1.67579617  1.54377424  1.61804446  0.00000000

--------------------------------------------------------------------------------
n=13
(result of R-step: (0,2:14)0.13297318)
V=[0, 1, 2, 3, 4, 5, 6, 7, 9, 10, 11, 12, 13]
total successes of this branch: 5
Matrix on 13 elements:

0    0.00000000  1.42109986  1.13690192  1.36329853  0.81859256  1.30304979  1.21170564  0.75116925  1.19624504  1.07398347  1.30054608  1.11478818  1.20169864
1    1.42109986  0.00000000  1.39245870  1.69629887  1.21882407  1.69807496  1.69723349  1.10323117  1.60545874  1.49494570  1.69786347  1.57055626  1.64374972
2    1.13690192  1.39245870  0.00000000  1.40706442  0.93993956  1.41093321  1.41577800  0.93187948  1.32011119  1.20943357  1.41101158  1.28723097  1.35956259
3    1.36329853  1.69629887  1.40706442  0.00000000  1.17008439  1.55801972  1.64410920  1.18812321  1.18455190  1.37980391  1.51243531  1.48884669  1.54886448
4    0.81859256  1.21882407  0.93993956  1.17008439  0.00000000  1.14016040  1.01042107  0.66932844  0.99899835  0.90009044  1.13210610  0.92612899  1.01885881
5    1.30304979  1.69807496  1.41093321  1.55801972  1.14016040  0.00000000  1.59951212  1.15177912  1.48744507  0.81075456  0.90744513  1.20215750  1.15111513
6    1.21170564  1.69723349  1.41577800  1.64410920  1.01042107  1.59951212  0.00000000  1.09531513  1.18503830  1.16127068  1.54730299  0.92064098  1.08481314
7    0.75116925  1.10323117  0.93187948  1.18812321  0.66932844  1.15177912  1.09531513  0.00000000  1.05044270  0.93270907  1.15015884  0.98692811  1.06855198
9    1.19624504  1.60545874  1.32011119  1.18455190  0.99899835  1.48744507  1.18503830  1.05044270  0.00000000  1.19789055  1.35809508  1.15752402  1.27642413
10    1.07398347  1.49494570  1.20943357  1.37980391  0.90009044  0.81075456  1.16127068  0.93270907  1.19789055  0.00000000  0.88804935  0.91905743  0.64257896
11    1.30054608  1.69786347  1.41101158  1.51243531  1.13210610  0.90744513  1.54730299  1.15015884  1.35809508  0.88804935  0.00000000  1.20994624  1.18611050
12    1.11478818  1.57055626  1.28723097  1.48884669  0.92612899  1.20215750  0.92064098  0.98692811  1.15752402  0.91905743  1.20994624  0.00000000  1.00230613
13    1.20169864  1.64374972  1.35956259  1.54886448  1.01885881  1.15111513  1.08481314  1.06855198  1.27642413  0.64257896  1.18611050  1.00230613  0.00000000

--------------------------------------------------------------------------------
n=12
(result of R-step: (0,1:7)0.61459532)
V=[0, 1, 2, 3, 4, 5, 6, 9, 10, 11, 12, 13]
total successes of this branch: 5
Matrix on 12 elements:

0    0.00000000  0.31671616  0.72444684  0.95084345  0.40613748  0.89059471  0.79925056  0.78378996  0.66152839  0.88809099  0.70233309  0.78924356
1    0.31671616  0.00000000  0.70053008  1.00437025  0.52689545  1.00614634  1.00530487  0.91353012  0.80301708  1.00593485  0.87862764  0.95182110
2    0.72444684  0.70053008  0.00000000  1.40706442  0.93993956  1.41093321  1.41577800  1.32011119  1.20943357  1.41101158  1.28723097  1.35956259
3    0.95084345  1.00437025  1.40706442  0.00000000  1.17008439  1.55801972  1.64410920  1.18455190  1.37980391  1.51243531  1.48884669  1.54886448
4    0.40613748  0.52689545  0.93993956  1.17008439  0.00000000  1.14016040  1.01042107  0.99899835  0.90009044  1.13210610  0.92612899  1.01885881
5    0.89059471  1.00614634  1.41093321  1.55801972  1.14016040  0.00000000  1.59951212  1.48744507  0.81075456  0.90744513  1.20215750  1.15111513
6    0.79925056  1.00530487  1.41577800  1.64410920  1.01042107  1.59951212  0.00000000  1.18503830  1.16127068  1.54730299  0.92064098  1.08481314
9    0.78378996  0.91353012  1.32011119  1.18455190  0.99899835  1.48744507  1.18503830  0.00000000  1.19789055  1.35809508  1.15752402  1.27642413
10    0.66152839  0.80301708  1.20943357  1.37980391  0.90009044  0.81075456  1.16127068  1.19789055  0.00000000  0.88804935  0.91905743  0.64257896
11    0.88809099  1.00593485  1.41101158  1.51243531  1.13210610  0.90744513  1.54730299  1.35809508  0.88804935  0.00000000  1.20994624  1.18611050
12    0.70233309  0.87862764  1.28723097  1.48884669  0.92612899  1.20215750  0.92064098  1.15752402  0.91905743  1.20994624  0.00000000  1.00230613
13    0.78924356  0.95182110  1.35956259  1.54886448  1.01885881  1.15111513  1.08481314  1.27642413  0.64257896  1.18611050  1.00230613  0.00000000

--------------------------------------------------------------------------------
n=11
(result of R-step: (6,10:13)0.32662647)
V=[0, 1, 2, 3, 4, 5, 6, 9, 10, 11, 12]
total successes of this branch: 5
Matrix on 11 elements:

0    0.00000000  0.31671616  0.72444684  0.95084345  0.40613748  0.89059471  0.46230184  0.78378996  0.52746776  0.88809099  0.70233309
1    0.31671616  0.00000000  0.70053008  1.00437025  0.52689545  1.00614634  0.66835615  0.91353012  0.66895646  1.00593485  0.87862764
2    0.72444684  0.70053008  0.00000000  1.40706442  0.93993956  1.41093321  1.07882928  1.32011119  1.07537295  1.41101158  1.28723097
3    0.95084345  1.00437025  1.40706442  0.00000000  1.17008439  1.55801972  1.30716048  1.18455190  1.24574329  1.51243531  1.48884669
4    0.40613748  0.52689545  0.93993956  1.17008439  0.00000000  1.14016040  0.67347234  0.99899835  0.76602982  1.13210610  0.92612899
5    0.89059471  1.00614634  1.41093321  1.55801972  1.14016040  0.00000000  1.26256340  1.48744507  0.67669394  0.90744513  1.20215750
6    0.46230184  0.66835615  1.07882928  1.30716048  0.67347234  1.26256340  0.00000000  0.84808958  0.69026133  1.21035427  0.58369226
9    0.78378996  0.91353012  1.32011119  1.18455190  0.99899835  1.48744507  0.84808958  0.00000000  1.06382992  1.35809508  1.15752402
10    0.52746776  0.66895646  1.07537295  1.24574329  0.76602982  0.67669394  0.69026133  1.06382992  0.00000000  0.75398872  0.78499681
11    0.88809099  1.00593485  1.41101158  1.51243531  1.13210610  0.90744513  1.21035427  1.35809508  0.75398872  0.00000000  1.20994624
12    0.70233309  0.87862764  1.28723097  1.48884669  0.92612899  1.20215750  0.58369226  1.15752402  0.78499681  1.20994624  0.00000000

--------------------------------------------------------------------------------
n=10
(result of R-step: (5,6:12)0.32882745)
V=[0, 1, 2, 3, 4, 5, 6, 9, 10, 11]
total successes of this branch: 5
Matrix on 10 elements:

0    0.00000000  0.31671616  0.72444684  0.95084345  0.40613748  0.50199760  0.41065345  0.78378996  0.52746776  0.88809099
1    0.31671616  0.00000000  0.70053008  1.00437025  0.52689545  0.61754923  0.61670777  0.91353012  0.66895646  1.00593485
2    0.72444684  0.70053008  0.00000000  1.40706442  0.93993956  1.02233610  1.02718089  1.32011119  1.07537295  1.41101158
3    0.95084345  1.00437025  1.40706442  0.00000000  1.17008439  1.16942261  1.25551209  1.18455190  1.24574329  1.51243531
4    0.40613748  0.52689545  0.93993956  1.17008439  0.00000000  0.75156329  0.62182396  0.99899835  0.76602982  1.13210610
5    0.50199760  0.61754923  1.02233610  1.16942261  0.75156329  0.00000000  0.82231790  1.09884797  0.28809683  0.51884803
6    0.41065345  0.61670777  1.02718089  1.25551209  0.62182396  0.82231790  0.00000000  0.79644119  0.63861295  1.15870588
9    0.78378996  0.91353012  1.32011119  1.18455190  0.99899835  1.09884797  0.79644119  0.00000000  1.06382992  1.35809508
10    0.52746776  0.66895646  1.07537295  1.24574329  0.76602982  0.28809683  0.63861295  1.06382992  0.00000000  0.75398872
11    0.88809099  1.00593485  1.41101158  1.51243531  1.13210610  0.51884803  1.15870588  1.35809508  0.75398872  0.00000000

--------------------------------------------------------------------------------
n=9
(result of R-step: (5,9:11)0.83844519)
V=[0, 1, 2, 3, 4, 5, 6, 9, 10]
total successes of this branch: 5
Matrix on 9 elements:

0    0.00000000  0.31671616  0.72444684  0.95084345  0.40613748  0.50154714  0.41065345  0.48604953  0.52746776
1    0.31671616  0.00000000  0.70053008  1.00437025  0.52689545  0.61709877  0.61670777  0.61578969  0.66895646
2    0.72444684  0.70053008  0.00000000  1.40706442  0.93993956  1.02188564  1.02718089  1.02237076  1.07537295
3    0.95084345  1.00437025  1.40706442  0.00000000  1.17008439  1.16897216  1.25551209  0.88681147  1.24574329
4    0.40613748  0.52689545  0.93993956  1.17008439  0.00000000  0.75111283  0.62182396  0.70125792  0.76602982
5    0.50154714  0.61709877  1.02188564  1.16897216  0.75111283  0.00000000  0.82186745  0.80065708  0.28764637
6    0.41065345  0.61670777  1.02718089  1.25551209  0.62182396  0.82186745  0.00000000  0.49870076  0.63861295
9    0.48604953  0.61578969  1.02237076  0.88681147  0.70125792  0.80065708  0.49870076  0.00000000  0.76608950
10    0.52746776  0.66895646  1.07537295  1.24574329  0.76602982  0.28764637  0.63861295  0.76608950  0.00000000

--------------------------------------------------------------------------------
n=8
(result of R-step: (5,6:10)0.71341110)
V=[0, 1, 2, 3, 4, 5, 6, 9]
total successes of this branch: 5
Matrix on 8 elements:

0    0.00000000  0.31671616  0.72444684  0.95084345  0.40613748  0.50145005  0.41010590  0.48604953
1    0.31671616  0.00000000  0.70053008  1.00437025  0.52689545  0.61700168  0.61616022  0.61578969
2    0.72444684  0.70053008  0.00000000  1.40706442  0.93993956  1.02178855  1.02663334  1.02237076
3    0.95084345  1.00437025  1.40706442  0.00000000  1.17008439  1.16887506  1.25496454  0.88681147
4    0.40613748  0.52689545  0.93993956  1.17008439  0.00000000  0.75101574  0.62127641  0.70125792
5    0.50145005  0.61700168  1.02178855  1.16887506  0.75101574  0.00000000  0.82122280  0.80055999
6    0.41010590  0.61616022  1.02663334  1.25496454  0.62127641  0.82122280  0.00000000  0.49815321
9    0.48604953  0.61578969  1.02237076  0.88681147  0.70125792  0.80055999  0.49815321  0.00000000

--------------------------------------------------------------------------------
n=7
(result of R-step: (3,6:9)0.50033043)
V=[0, 1, 2, 3, 4, 5, 6]
total successes of this branch: 5
Matrix on 7 elements:

0    0.00000000  0.31671616  0.72444684  0.49679581  0.40613748  0.50145005  0.34520292
1    0.31671616  0.00000000  0.70053008  0.55032261  0.52689545  0.61700168  0.55125723
2    0.72444684  0.70053008  0.00000000  0.95301678  0.93993956  1.02178855  0.96173036
3    0.49679581  0.55032261  0.95301678  0.00000000  0.71603675  0.71482743  0.73601392
4    0.40613748  0.52689545  0.93993956  0.71603675  0.00000000  0.75101574  0.55637343
5    0.50145005  0.61700168  1.02178855  0.71482743  0.75101574  0.00000000  0.75631982
6    0.34520292  0.55125723  0.96173036  0.73601392  0.55637343  0.75631982  0.00000000

--------------------------------------------------------------------------------
n=6
(result of R-step: (0,4:6)0.48386502)
V=[0, 1, 2, 3, 4, 5]
total successes of this branch: 5
Matrix on 6 elements:

0    0.00000000  0.30687771  0.71460839  0.48695736  0.16981030  0.49161159
1    0.30687771  0.00000000  0.70053008  0.55032261  0.30040672  0.61700168
2    0.71460839  0.70053008  0.00000000  0.95301678  0.71345083  1.02178855
3    0.48695736  0.55032261  0.95301678  0.00000000  0.48954802  0.71482743
4    0.16981030  0.30040672  0.71345083  0.48954802  0.00000000  0.52452701
5    0.49161159  0.61700168  1.02178855  0.71482743  0.52452701  0.00000000

--------------------------------------------------------------------------------
n=5
(result of R-step: (0,3:5)0.41550546)
V=[0, 1, 2, 3, 4]
total successes of this branch: 5
Matrix on 5 elements:

0    0.00000000  0.25975929  0.66748997  0.14500109  0.12269188
1    0.25975929  0.00000000  0.70053008  0.25548476  0.30040672
2    0.66748997  0.70053008  0.00000000  0.65817893  0.71345083
3    0.14500109  0.25548476  0.65817893  0.00000000  0.19471017
4    0.12269188  0.30040672  0.71345083  0.19471017  0.00000000

--------------------------------------------------------------------------------
n=4
(result of R-step: (0,1:3)0.43784705)
V=[0, 1, 2, 4]
total successes of this branch: 0
Matrix on 4 elements:

0    0.00000000  0.07820566  0.63681570  0.09201762
1    0.07820566  0.00000000  0.54965071  0.14952736
2    0.63681570  0.54965071  0.00000000  0.71345083
4    0.09201762  0.14952736  0.71345083  0.00000000
reason of abort: no pseudometric

--------------------------------------------------------------------------------
n=4
(result of R-step: (0,1:4)0.95160066)
V=[0, 1, 2, 3]
total successes of this branch: 1
Matrix on 4 elements:

0    0.00000000  0.13369994  0.63293873  0.11044985
1    0.13369994  0.00000000  0.60902197  0.16397665
2    0.63293873  0.60902197  0.00000000  0.65817893
3    0.11044985  0.16397665  0.65817893  0.00000000

--------------------------------------------------------------------------------
n=4
(result of R-step: (0,2:1)0.13340806)
V=[0, 2, 3, 4]
total successes of this branch: 0
Matrix on 4 elements:

0    0.00000000  0.06355917  0.08672136  0.06441216
2    0.06355917  0.00000000  0.11252786  0.16779976
3    0.08672136  0.11252786  0.00000000  0.19471017
4    0.06441216  0.16779976  0.19471017  0.00000000
reason of abort: no pseudometric

--------------------------------------------------------------------------------
n=4
(result of R-step: (0,2:3)0.49134110)
V=[0, 1, 2, 4]
total successes of this branch: 1
Matrix on 4 elements:

0    0.00000000  0.22520805  0.08375913  0.08814064
1    0.22520805  0.00000000  0.15135047  0.30040672
2    0.08375913  0.15135047  0.00000000  0.16427123
4    0.08814064  0.30040672  0.16427123  0.00000000

--------------------------------------------------------------------------------
n=4
(result of R-step: (0,2:4)0.87485127)
V=[0, 1, 2, 3]
total successes of this branch: 0
Matrix on 4 elements:

0    0.00000000  0.22908503  0.06145685  0.11432683
1    0.22908503  0.00000000  0.12517122  0.25548476
2    0.06145685  0.12517122  0.00000000  0.08282008
3    0.11432683  0.25548476  0.08282008  0.00000000
reason of abort: no pseudometric

--------------------------------------------------------------------------------
n=4
(result of R-step: (1,3:2)0.41363516)
V=[0, 1, 3, 4]
total successes of this branch: 1
Matrix on 4 elements:

0    0.00000000  0.16825118  0.07893250  0.12269188
1    0.16825118  0.00000000  0.09790806  0.20889861
3    0.07893250  0.09790806  0.00000000  0.12864158
4    0.12269188  0.20889861  0.12864158  0.00000000

--------------------------------------------------------------------------------
n=4
(result of R-step: (1,4:3)0.51724821)
V=[0, 1, 2, 4]
total successes of this branch: 0
Matrix on 4 elements:

0    0.00000000  0.10601149  0.66748997  0.03163681
1    0.10601149  0.00000000  0.54678228  0.05560385
2    0.66748997  0.54678228  0.00000000  0.62239576
4    0.03163681  0.05560385  0.62239576  0.00000000
reason of abort: no pseudometric

--------------------------------------------------------------------------------
n=4
(result of R-step: (2,4:1)0.93807263)
V=[0, 2, 3, 4]
total successes of this branch: 1
Matrix on 4 elements:

0    0.00000000  0.11831036  0.14500109  0.08126603
2    0.11831036  0.00000000  0.10899933  0.12284538
3    0.14500109  0.10899933  0.00000000  0.15328432
4    0.08126603  0.12284538  0.15328432  0.00000000

--------------------------------------------------------------------------------
n=4
(result of R-step: (2,4:3)0.46470564)
V=[0, 1, 2, 4]
total successes of this branch: 0
Matrix on 4 elements:

0    0.00000000  0.25975929  0.12183889  0.03486443
1    0.25975929  0.00000000  0.15487900  0.21257926
2    0.12183889  0.15487900  0.00000000  0.07997230
4    0.03486443  0.21257926  0.07997230  0.00000000
reason of abort: no pseudometric

--------------------------------------------------------------------------------
n=4
(result of R-step: (3,4:0)0.51337795)
V=[1, 2, 3, 4]
total successes of this branch: 1
Matrix on 4 elements:

1    0.00000000  0.70053008  0.18941617  0.25898087
2    0.70053008  0.00000000  0.59211034  0.67202498
3    0.18941617  0.59211034  0.00000000  0.08721573
4    0.25898087  0.67202498  0.08721573  0.00000000
