n=20
V=[0, 1, 2, 3, 4, 5, 6, 7, 8, 9, 10, 11, 12, 13, 14, 15, 16, 17, 18, 19]
total successes of this branch: 3
Matrix on 20 elements:

0    0.00000000  1.87345798  1.86999377  1.75369417  1.87212099  1.62710176  1.87100464  1.47952018  1.78353410  1.57259211  1.56390786  1.53480677  1.78563584  1.68513422  1.72083023  1.86895545  1.66481868  1.75013223  1.74513684  0.80233044
1    1.87345798  0.00000000  1.85350806  1.86669327  1.64607175  1.77775421  1.68908749  1.81677518  1.44498354  1.77630736  1.82471375  1.80215725  1.83161010  1.83611784  1.80698651  0.49159152  1.83420670  1.51270764  0.97722092  1.85105512
2    1.86999377  1.85350806  0.00000000  1.81032598  1.72313124  1.80818133  1.45446490  1.83338391  1.83696310  1.80724686  1.65000602  1.82394259  0.99485745  1.22926767  1.32219768  1.80948613  1.15431690  1.42420049  1.81484296  1.76888736
3    1.75369417  1.86669327  1.81032598  0.00000000  1.84493868  1.79209774  1.82677414  1.77643959  1.83946474  1.79267833  1.78376299  1.78230540  1.80532023  1.79428335  1.79913175  1.86354675  1.79252031  1.81210245  1.83344282  1.76751381
4    1.87212099  1.64607175  1.72313124  1.84493868  0.00000000  1.69404667  1.70064503  1.76665231  1.66358335  1.60431701  1.75724670  1.73945299  1.68942961  1.74373516  1.70526998  1.64829466  1.74599947  1.69390490  1.68207333  1.81932475
5    1.62710176  1.77775421  1.80818133  1.79209774  1.69404667  0.00000000  1.79930260  1.41272122  1.58646366  1.47941366  1.49818657  1.17757730  1.71492643  1.62096105  1.03476584  1.77453311  1.60038606  1.17740733  1.55333146  1.56785232
6    1.87100464  1.68908749  1.45446490  1.82677414  1.70064503  1.79930260  0.00000000  1.82853743  1.72931773  1.79821861  1.74769428  1.81758556  1.55197059  1.63155980  1.66623479  1.68205768  1.65102202  1.67062213  1.73227746  1.81433118
7    1.47952018  1.81677518  1.83338391  1.77643959  1.76665231  1.41272122  1.82853743  0.00000000  1.66928916  1.24421653  1.16824667  1.02017390  1.66626667  1.43167652  1.57504878  1.80905880  1.08147475  1.62145626  1.51673794  1.33645881
8    1.78353410  1.44498354  1.83696310  1.83946474  1.66358335  1.58646366  1.72931773  1.66928916  0.00000000  1.66793651  1.70552622  1.63826131  1.78901873  1.75758224  1.68312772  1.46262179  1.74885851  1.63740797  1.52770491  1.74768167
9    1.57259211  1.77630736  1.80724686  1.79267833  1.60431701  1.47941366  1.79821861  1.24421653  1.66793651  0.00000000  1.36589652  1.33232542  1.48556878  1.54069481  1.60591968  1.76140156  1.51140150  1.63863130  1.60240764  1.47759478
10    1.56390786  1.82471375  1.65000602  1.78376299  1.75724670  1.49818657  1.74769428  1.16824667  1.70552622  1.36589652  0.00000000  1.29184782  1.56941840  1.00841699  1.55677147  1.81162508  1.39686465  1.60821196  1.61902191  0.91620017
11    1.53480677  1.80215725  1.82394259  1.78230540  1.73945299  1.17757730  1.81758556  1.02017390  1.63826131  1.33232542  1.29184782  0.00000000  1.68449545  1.50258576  1.42700018  1.79612488  1.40160080  1.49902414  1.19285393  1.42314280
12    1.78563584  1.83161010  0.99485745  1.80532023  1.68942961  1.71492643  1.55197059  1.66626667  1.78901873  1.48556878  1.56941840  1.68449545  0.00000000  1.34186160  1.43706238  1.75919648  1.34765071  1.51280902  1.73151606  1.68626227
13    1.68513422  1.83611784  1.22926767  1.79428335  1.74373516  1.62096105  1.63155980  1.43167652  1.75758224  1.54069481  1.00841699  1.50258576  1.34186160  0.00000000  1.46981232  1.81077794  1.33562379  1.54013692  1.69657750  1.37411486
14    1.72083023  1.80698651  1.32219768  1.79913175  1.70526998  1.03476584  1.66623479  1.57504878  1.68312772  1.60591968  1.55677147  1.42700018  1.43706238  1.46981232  0.00000000  1.78802097  1.45505878  0.56843096  1.65424492  1.64542879
15    1.86895545  0.49159152  1.80948613  1.86354675  1.64829466  1.77453311  1.68205768  1.80905880  1.46262179  1.76140156  1.81162508  1.79612488  1.75919648  1.81077794  1.78802097  0.00000000  1.80926159  1.53912794  0.77135142  1.84260640
16    1.66481868  1.83420670  1.15431690  1.79252031  1.74599947  1.60038606  1.65102202  1.08147475  1.74885851  1.51140150  1.39686465  1.40160080  1.34765071  1.33562379  1.45505878  1.80926159  0.00000000  1.52784891  1.65820311  1.54166696
17    1.75013223  1.51270764  1.42420049  1.81210245  1.69390490  1.17740733  1.67062213  1.62145626  1.63740797  1.63863130  1.60821196  1.49902414  1.51280902  1.54013692  0.56843096  1.53912794  1.52784891  0.00000000  1.52426750  1.68490565
18    1.74513684  0.97722092  1.81484296  1.83344282  1.68207333  1.55333146  1.73227746  1.51673794  1.52770491  1.60240764  1.61902191  1.19285393  1.73151606  1.69657750  1.65424492  0.77135142  1.65820311  1.52426750  0.00000000  1.68717439
19    0.80233044  1.85105512  1.76888736  1.76751381  1.81932475  1.56785232  1.81433118  1.33645881  1.74768167  1.47759478  0.91620017  1.42314280  1.68626227  1.37411486  1.64542879  1.84260640  1.54166696  1.68490565  1.68717439  0.00000000

--------------------------------------------------------------------------------
n=19
(result of R-step: (0,10:19)0.54039982)
V=[0, 1, 2, 3, 4, 5, 6, 7, 8, 9, 10, 11, 12, 13, 14, 15, 16, 17, 18]
total successes of this branch: 3
Matrix on 19 elements:

0    0.00000000  1.79614660  1.79268240  1.67638279  1.79480961  1.54979038  1.79369326  1.40220880  1.70622272  1.49528073  1.40928510  1.45749539  1.70832446  1.60782284  1.64351885  1.79164407  1.58750730  1.67282085  1.66782546
1    1.79614660  0.00000000  1.85350806  1.86669327  1.64607175  1.77775421  1.68908749  1.81677518  1.44498354  1.77630736  1.74740237  1.80215725  1.83161010  1.83611784  1.80698651  0.49159152  1.83420670  1.51270764  0.97722092
2    1.79268240  1.85350806  0.00000000  1.81032598  1.72313124  1.80818133  1.45446490  1.83338391  1.83696310  1.80724686  1.57269464  1.82394259  0.99485745  1.22926767  1.32219768  1.80948613  1.15431690  1.42420049  1.81484296
3    1.67638279  1.86669327  1.81032598  0.00000000  1.84493868  1.79209774  1.82677414  1.77643959  1.83946474  1.79267833  1.70645161  1.78230540  1.80532023  1.79428335  1.79913175  1.86354675  1.79252031  1.81210245  1.83344282
4    1.79480961  1.64607175  1.72313124  1.84493868  0.00000000  1.69404667  1.70064503  1.76665231  1.66358335  1.60431701  1.67993532  1.73945299  1.68942961  1.74373516  1.70526998  1.64829466  1.74599947  1.69390490  1.68207333
5    1.54979038  1.77775421  1.80818133  1.79209774  1.69404667  0.00000000  1.79930260  1.41272122  1.58646366  1.47941366  1.42087519  1.17757730  1.71492643  1.62096105  1.03476584  1.77453311  1.60038606  1.17740733  1.55333146
6    1.79369326  1.68908749  1.45446490  1.82677414  1.70064503  1.79930260  0.00000000  1.82853743  1.72931773  1.79821861  1.67038290  1.81758556  1.55197059  1.63155980  1.66623479  1.68205768  1.65102202  1.67062213  1.73227746
7    1.40220880  1.81677518  1.83338391  1.77643959  1.76665231  1.41272122  1.82853743  0.00000000  1.66928916  1.24421653  1.09093529  1.02017390  1.66626667  1.43167652  1.57504878  1.80905880  1.08147475  1.62145626  1.51673794
8    1.70622272  1.44498354  1.83696310  1.83946474  1.66358335  1.58646366  1.72931773  1.66928916  0.00000000  1.66793651  1.62821484  1.63826131  1.78901873  1.75758224  1.68312772  1.46262179  1.74885851  1.63740797  1.52770491
9    1.49528073  1.77630736  1.80724686  1.79267833  1.60431701  1.47941366  1.79821861  1.24421653  1.66793651  0.00000000  1.28858514  1.33232542  1.48556878  1.54069481  1.60591968  1.76140156  1.51140150  1.63863130  1.60240764
10    1.40928510  1.74740237  1.57269464  1.70645161  1.67993532  1.42087519  1.67038290  1.09093529  1.62821484  1.28858514  0.00000000  1.21453644  1.49210702  0.93110561  1.47946009  1.73431370  1.31955327  1.53090058  1.54171053
11    1.45749539  1.80215725  1.82394259  1.78230540  1.73945299  1.17757730  1.81758556  1.02017390  1.63826131  1.33232542  1.21453644  0.00000000  1.68449545  1.50258576  1.42700018  1.79612488  1.40160080  1.49902414  1.19285393
12    1.70832446  1.83161010  0.99485745  1.80532023  1.68942961  1.71492643  1.55197059  1.66626667  1.78901873  1.48556878  1.49210702  1.68449545  0.00000000  1.34186160  1.43706238  1.75919648  1.34765071  1.51280902  1.73151606
13    1.60782284  1.83611784  1.22926767  1.79428335  1.74373516  1.62096105  1.63155980  1.43167652  1.75758224  1.54069481  0.93110561  1.50258576  1.34186160  0.00000000  1.46981232  1.81077794  1.33562379  1.54013692  1.69657750
14    1.64351885  1.80698651  1.32219768  1.79913175  1.70526998  1.03476584  1.66623479  1.57504878  1.68312772  1.60591968  1.47946009  1.42700018  1.43706238  1.46981232  0.00000000  1.78802097  1.45505878  0.56843096  1.65424492
15    1.79164407  0.49159152  1.80948613  1.86354675  1.64829466  1.77453311  1.68205768  1.80905880  1.46262179  1.76140156  1.73431370  1.79612488  1.75919648  1.81077794  1.78802097  0.00000000  1.80926159  1.53912794  0.77135142
16    1.58750730  1.83420670  1.15431690  1.79252031  1.74599947  1.60038606  1.65102202  1.08147475  1.74885851  1.51140150  1.31955327  1.40160080  1.34765071  1.33562379  1.45505878  1.80926159  0.00000000  1.52784891  1.65820311
17    1.67282085  1.51270764  1.42420049  1.81210245  1.69390490  1.17740733  1.67062213  1.62145626  1.63740797  1.63863130  1.53090058  1.49902414  1.51280902  1.54013692  0.56843096  1.53912794  1.52784891  0.00000000  1.52426750
18    1.66782546  0.97722092  1.81484296  1.83344282  1.68207333  1.55333146  1.73227746  1.51673794  1.52770491  1.60240764  1.54171053  1.19285393  1.73151606  1.69657750  1.65424492  0.77135142  1.65820311  1.52426750  0.00000000

--------------------------------------------------------------------------------
n=18
(result of R-step: (1,14:17)0.19198347)
V=[0, 1, 2, 3, 4, 5, 6, 7, 8, 9, 10, 11, 12, 13, 14, 15, 16, 18]
total successes of this branch: 3
Matrix on 18 elements:

0    0.00000000  1.65907055  1.79268240  1.67638279  1.79480961  1.54979038  1.79369326  1.40220880  1.70622272  1.49528073  1.40928510  1.45749539  1.70832446  1.60782284  1.50644280  1.79164407  1.58750730  1.66782546
1    1.65907055  0.00000000  1.71643202  1.72961723  1.50899571  1.64067816  1.55201144  1.67969913  1.30790749  1.63923132  1.61032633  1.66508121  1.69453405  1.69904179  1.53283442  0.35451547  1.69713065  0.84014488
2    1.79268240  1.71643202  0.00000000  1.81032598  1.72313124  1.80818133  1.45446490  1.83338391  1.83696310  1.80724686  1.57269464  1.82394259  0.99485745  1.22926767  1.18512163  1.80948613  1.15431690  1.81484296
3    1.67638279  1.72961723  1.81032598  0.00000000  1.84493868  1.79209774  1.82677414  1.77643959  1.83946474  1.79267833  1.70645161  1.78230540  1.80532023  1.79428335  1.66205571  1.86354675  1.79252031  1.83344282
4    1.79480961  1.50899571  1.72313124  1.84493868  0.00000000  1.69404667  1.70064503  1.76665231  1.66358335  1.60431701  1.67993532  1.73945299  1.68942961  1.74373516  1.56819394  1.64829466  1.74599947  1.68207333
5    1.54979038  1.64067816  1.80818133  1.79209774  1.69404667  0.00000000  1.79930260  1.41272122  1.58646366  1.47941366  1.42087519  1.17757730  1.71492643  1.62096105  0.89768980  1.77453311  1.60038606  1.55333146
6    1.79369326  1.55201144  1.45446490  1.82677414  1.70064503  1.79930260  0.00000000  1.82853743  1.72931773  1.79821861  1.67038290  1.81758556  1.55197059  1.63155980  1.52915874  1.68205768  1.65102202  1.73227746
7    1.40220880  1.67969913  1.83338391  1.77643959  1.76665231  1.41272122  1.82853743  0.00000000  1.66928916  1.24421653  1.09093529  1.02017390  1.66626667  1.43167652  1.43797274  1.80905880  1.08147475  1.51673794
8    1.70622272  1.30790749  1.83696310  1.83946474  1.66358335  1.58646366  1.72931773  1.66928916  0.00000000  1.66793651  1.62821484  1.63826131  1.78901873  1.75758224  1.54605167  1.46262179  1.74885851  1.52770491
9    1.49528073  1.63923132  1.80724686  1.79267833  1.60431701  1.47941366  1.79821861  1.24421653  1.66793651  0.00000000  1.28858514  1.33232542  1.48556878  1.54069481  1.46884363  1.76140156  1.51140150  1.60240764
10    1.40928510  1.61032633  1.57269464  1.70645161  1.67993532  1.42087519  1.67038290  1.09093529  1.62821484  1.28858514  0.00000000  1.21453644  1.49210702  0.93110561  1.34238404  1.73431370  1.31955327  1.54171053
11    1.45749539  1.66508121  1.82394259  1.78230540  1.73945299  1.17757730  1.81758556  1.02017390  1.63826131  1.33232542  1.21453644  0.00000000  1.68449545  1.50258576  1.28992413  1.79612488  1.40160080  1.19285393
12    1.70832446  1.69453405  0.99485745  1.80532023  1.68942961  1.71492643  1.55197059  1.66626667  1.78901873  1.48556878  1.49210702  1.68449545  0.00000000  1.34186160  1.29998633  1.75919648  1.34765071  1.73151606
13    1.60782284  1.69904179  1.22926767  1.79428335  1.74373516  1.62096105  1.63155980  1.43167652  1.75758224  1.54069481  0.93110561  1.50258576  1.34186160  0.00000000  1.33273627  1.81077794  1.33562379  1.69657750
14    1.50644280  1.53283442  1.18512163  1.66205571  1.56819394  0.89768980  1.52915874  1.43797274  1.54605167  1.46884363  1.34238404  1.28992413  1.29998633  1.33273627  0.00000000  1.65094492  1.31798273  1.51716887
15    1.79164407  0.35451547  1.80948613  1.86354675  1.64829466  1.77453311  1.68205768  1.80905880  1.46262179  1.76140156  1.73431370  1.79612488  1.75919648  1.81077794  1.65094492  0.00000000  1.80926159  0.77135142
16    1.58750730  1.69713065  1.15431690  1.79252031  1.74599947  1.60038606  1.65102202  1.08147475  1.74885851  1.51140150  1.31955327  1.40160080  1.34765071  1.33562379  1.31798273  1.80926159  0.00000000  1.65820311
18    1.66782546  0.84014488  1.81484296  1.83344282  1.68207333  1.55333146  1.73227746  1.51673794  1.52770491  1.60240764  1.54171053  1.19285393  1.73151606  1.69657750  1.51716887  0.77135142  1.65820311  0.00000000

--------------------------------------------------------------------------------
n=17
(result of R-step: (2,7:16)0.47454809)
V=[0, 1, 2, 3, 4, 5, 6, 7, 8, 9, 10, 11, 12, 13, 14, 15, 18]
total successes of this branch: 3
Matrix on 17 elements:

0    0.00000000  1.65907055  1.59147852  1.67638279  1.79480961  1.54979038  1.79369326  1.20100492  1.70622272  1.49528073  1.40928510  1.45749539  1.70832446  1.60782284  1.50644280  1.79164407  1.66782546
1    1.65907055  0.00000000  1.51522815  1.72961723  1.50899571  1.64067816  1.55201144  1.47849526  1.30790749  1.63923132  1.61032633  1.66508121  1.69453405  1.69904179  1.53283442  0.35451547  0.84014488
2    1.59147852  1.51522815  0.00000000  1.60912211  1.52192737  1.60697746  1.25326103  1.43097617  1.63575923  1.60604298  1.37149077  1.62273872  0.79365358  1.02806380  0.98391776  1.60828226  1.61363909
3    1.67638279  1.72961723  1.60912211  0.00000000  1.84493868  1.79209774  1.82677414  1.57523571  1.83946474  1.79267833  1.70645161  1.78230540  1.80532023  1.79428335  1.66205571  1.86354675  1.83344282
4    1.79480961  1.50899571  1.52192737  1.84493868  0.00000000  1.69404667  1.70064503  1.56544844  1.66358335  1.60431701  1.67993532  1.73945299  1.68942961  1.74373516  1.56819394  1.64829466  1.68207333
5    1.54979038  1.64067816  1.60697746  1.79209774  1.69404667  0.00000000  1.79930260  1.21151735  1.58646366  1.47941366  1.42087519  1.17757730  1.71492643  1.62096105  0.89768980  1.77453311  1.55333146
6    1.79369326  1.55201144  1.25326103  1.82677414  1.70064503  1.79930260  0.00000000  1.62733356  1.72931773  1.79821861  1.67038290  1.81758556  1.55197059  1.63155980  1.52915874  1.68205768  1.73227746
7    1.20100492  1.47849526  1.43097617  1.57523571  1.56544844  1.21151735  1.62733356  0.00000000  1.46808529  1.04301266  0.88973141  0.81897003  1.46506280  1.23047265  1.23676886  1.60785493  1.31553407
8    1.70622272  1.30790749  1.63575923  1.83946474  1.66358335  1.58646366  1.72931773  1.46808529  0.00000000  1.66793651  1.62821484  1.63826131  1.78901873  1.75758224  1.54605167  1.46262179  1.52770491
9    1.49528073  1.63923132  1.60604298  1.79267833  1.60431701  1.47941366  1.79821861  1.04301266  1.66793651  0.00000000  1.28858514  1.33232542  1.48556878  1.54069481  1.46884363  1.76140156  1.60240764
10    1.40928510  1.61032633  1.37149077  1.70645161  1.67993532  1.42087519  1.67038290  0.88973141  1.62821484  1.28858514  0.00000000  1.21453644  1.49210702  0.93110561  1.34238404  1.73431370  1.54171053
11    1.45749539  1.66508121  1.62273872  1.78230540  1.73945299  1.17757730  1.81758556  0.81897003  1.63826131  1.33232542  1.21453644  0.00000000  1.68449545  1.50258576  1.28992413  1.79612488  1.19285393
12    1.70832446  1.69453405  0.79365358  1.80532023  1.68942961  1.71492643  1.55197059  1.46506280  1.78901873  1.48556878  1.49210702  1.68449545  0.00000000  1.34186160  1.29998633  1.75919648  1.73151606
13    1.60782284  1.69904179  1.02806380  1.79428335  1.74373516  1.62096105  1.63155980  1.23047265  1.75758224  1.54069481  0.93110561  1.50258576  1.34186160  0.00000000  1.33273627  1.81077794  1.69657750
14    1.50644280  1.53283442  0.98391776  1.66205571  1.56819394  0.89768980  1.52915874  1.23676886  1.54605167  1.46884363  1.34238404  1.28992413  1.29998633  1.33273627  0.00000000  1.65094492  1.51716887
15    1.79164407  0.35451547  1.60828226  1.86354675  1.64829466  1.77453311  1.68205768  1.60785493  1.46262179  1.76140156  1.73431370  1.79612488  1.75919648  1.81077794  1.65094492  0.00000000  0.77135142
18    1.66782546  0.84014488  1.61363909  1.83344282  1.68207333  1.55333146  1.73227746  1.31553407  1.52770491  1.60240764  1.54171053  1.19285393  1.73151606  1.69657750  1.51716887  0.77135142  0.00000000

--------------------------------------------------------------------------------
n=16
(result of R-step: (2,5:14)0.38588533)
V=[0, 1, 2, 3, 4, 5, 6, 7, 8, 9, 10, 11, 12, 13, 15, 18]
total successes of this branch: 3
Matrix on 16 elements:

0    0.00000000  1.65907055  1.51829130  1.67638279  1.79480961  1.27539929  1.79369326  1.20100492  1.70622272  1.49528073  1.40928510  1.45749539  1.70832446  1.60782284  1.79164407  1.66782546
1    1.65907055  0.00000000  1.44204092  1.72961723  1.50899571  1.36628707  1.55201144  1.47849526  1.30790749  1.63923132  1.61032633  1.66508121  1.69453405  1.69904179  0.35451547  0.84014488
2    1.51829130  1.44204092  0.00000000  1.53593489  1.44874015  1.25939915  1.18007381  1.35778894  1.56257200  1.53285576  1.29830355  1.54955150  0.72046636  0.95487658  1.53509504  1.54045187
3    1.67638279  1.72961723  1.53593489  0.00000000  1.84493868  1.51770665  1.82677414  1.57523571  1.83946474  1.79267833  1.70645161  1.78230540  1.80532023  1.79428335  1.86354675  1.83344282
4    1.79480961  1.50899571  1.44874015  1.84493868  0.00000000  1.41965558  1.70064503  1.56544844  1.66358335  1.60431701  1.67993532  1.73945299  1.68942961  1.74373516  1.64829466  1.68207333
5    1.27539929  1.36628707  1.25939915  1.51770665  1.41965558  0.00000000  1.52491150  0.93712626  1.31207257  1.20502257  1.14648410  0.90318620  1.44053534  1.34656995  1.50014201  1.27894037
6    1.79369326  1.55201144  1.18007381  1.82677414  1.70064503  1.52491150  0.00000000  1.62733356  1.72931773  1.79821861  1.67038290  1.81758556  1.55197059  1.63155980  1.68205768  1.73227746
7    1.20100492  1.47849526  1.35778894  1.57523571  1.56544844  0.93712626  1.62733356  0.00000000  1.46808529  1.04301266  0.88973141  0.81897003  1.46506280  1.23047265  1.60785493  1.31553407
8    1.70622272  1.30790749  1.56257200  1.83946474  1.66358335  1.31207257  1.72931773  1.46808529  0.00000000  1.66793651  1.62821484  1.63826131  1.78901873  1.75758224  1.46262179  1.52770491
9    1.49528073  1.63923132  1.53285576  1.79267833  1.60431701  1.20502257  1.79821861  1.04301266  1.66793651  0.00000000  1.28858514  1.33232542  1.48556878  1.54069481  1.76140156  1.60240764
10    1.40928510  1.61032633  1.29830355  1.70645161  1.67993532  1.14648410  1.67038290  0.88973141  1.62821484  1.28858514  0.00000000  1.21453644  1.49210702  0.93110561  1.73431370  1.54171053
11    1.45749539  1.66508121  1.54955150  1.78230540  1.73945299  0.90318620  1.81758556  0.81897003  1.63826131  1.33232542  1.21453644  0.00000000  1.68449545  1.50258576  1.79612488  1.19285393
12    1.70832446  1.69453405  0.72046636  1.80532023  1.68942961  1.44053534  1.55197059  1.46506280  1.78901873  1.48556878  1.49210702  1.68449545  0.00000000  1.34186160  1.75919648  1.73151606
13    1.60782284  1.69904179  0.95487658  1.79428335  1.74373516  1.34656995  1.63155980  1.23047265  1.75758224  1.54069481  0.93110561  1.50258576  1.34186160  0.00000000  1.81077794  1.69657750
15    1.79164407  0.35451547  1.53509504  1.86354675  1.64829466  1.50014201  1.68205768  1.60785493  1.46262179  1.76140156  1.73431370  1.79612488  1.75919648  1.81077794  0.00000000  0.77135142
18    1.66782546  0.84014488  1.54045187  1.83344282  1.68207333  1.27894037  1.73227746  1.31553407  1.52770491  1.60240764  1.54171053  1.19285393  1.73151606  1.69657750  0.77135142  0.00000000

--------------------------------------------------------------------------------
n=15
(result of R-step: (2,10:13)0.39605338)
V=[0, 1, 2, 3, 4, 5, 6, 7, 8, 9, 10, 11, 12, 15, 18]
total successes of this branch: 3
Matrix on 15 elements:

0    0.00000000  1.65907055  1.49884307  1.67638279  1.79480961  1.27539929  1.79369326  1.20100492  1.70622272  1.49528073  1.19275716  1.45749539  1.70832446  1.79164407  1.66782546
1    1.65907055  0.00000000  1.42259270  1.72961723  1.50899571  1.36628707  1.55201144  1.47849526  1.30790749  1.63923132  1.39379839  1.66508121  1.69453405  0.35451547  0.84014488
2    1.49884307  1.42259270  0.00000000  1.51648666  1.42929192  1.23995092  1.16062558  1.33834072  1.54312378  1.51340754  1.06232738  1.53010327  0.70101813  1.51564681  1.52100364
3    1.67638279  1.72961723  1.51648666  0.00000000  1.84493868  1.51770665  1.82677414  1.57523571  1.83946474  1.79267833  1.48992367  1.78230540  1.80532023  1.86354675  1.83344282
4    1.79480961  1.50899571  1.42929192  1.84493868  0.00000000  1.41965558  1.70064503  1.56544844  1.66358335  1.60431701  1.46340738  1.73945299  1.68942961  1.64829466  1.68207333
5    1.27539929  1.36628707  1.23995092  1.51770665  1.41965558  0.00000000  1.52491150  0.93712626  1.31207257  1.20502257  0.92995616  0.90318620  1.44053534  1.50014201  1.27894037
6    1.79369326  1.55201144  1.16062558  1.82677414  1.70064503  1.52491150  0.00000000  1.62733356  1.72931773  1.79821861  1.45385496  1.81758556  1.55197059  1.68205768  1.73227746
7    1.20100492  1.47849526  1.33834072  1.57523571  1.56544844  0.93712626  1.62733356  0.00000000  1.46808529  1.04301266  0.67320347  0.81897003  1.46506280  1.60785493  1.31553407
8    1.70622272  1.30790749  1.54312378  1.83946474  1.66358335  1.31207257  1.72931773  1.46808529  0.00000000  1.66793651  1.41168690  1.63826131  1.78901873  1.46262179  1.52770491
9    1.49528073  1.63923132  1.51340754  1.79267833  1.60431701  1.20502257  1.79821861  1.04301266  1.66793651  0.00000000  1.07205720  1.33232542  1.48556878  1.76140156  1.60240764
10    1.19275716  1.39379839  1.06232738  1.48992367  1.46340738  0.92995616  1.45385496  0.67320347  1.41168690  1.07205720  0.00000000  0.99800850  1.27557908  1.51778576  1.32518259
11    1.45749539  1.66508121  1.53010327  1.78230540  1.73945299  0.90318620  1.81758556  0.81897003  1.63826131  1.33232542  0.99800850  0.00000000  1.68449545  1.79612488  1.19285393
12    1.70832446  1.69453405  0.70101813  1.80532023  1.68942961  1.44053534  1.55197059  1.46506280  1.78901873  1.48556878  1.27557908  1.68449545  0.00000000  1.75919648  1.73151606
15    1.79164407  0.35451547  1.51564681  1.86354675  1.64829466  1.50014201  1.68205768  1.60785493  1.46262179  1.76140156  1.51778576  1.79612488  1.75919648  0.00000000  0.77135142
18    1.66782546  0.84014488  1.52100364  1.83344282  1.68207333  1.27894037  1.73227746  1.31553407  1.52770491  1.60240764  1.32518259  1.19285393  1.73151606  0.77135142  0.00000000

--------------------------------------------------------------------------------
n=14
(result of R-step: (11,15:18)0.37054944)
V=[0, 1, 2, 3, 4, 5, 6, 7, 8, 9, 10, 11, 12, 15]
total successes of this branch: 3
Matrix on 14 elements:

0    0.00000000  1.65907055  1.49884307  1.67638279  1.79480961  1.27539929  1.79369326  1.20100492  1.70622272  1.49528073  1.19275716  1.37345516  1.70832446  1.70760383
1    1.65907055  0.00000000  1.42259270  1.72961723  1.50899571  1.36628707  1.55201144  1.47849526  1.30790749  1.63923132  1.39379839  1.58104098  1.69453405  0.27047524
2    1.49884307  1.42259270  0.00000000  1.51648666  1.42929192  1.23995092  1.16062558  1.33834072  1.54312378  1.51340754  1.06232738  1.44606304  0.70101813  1.43160658
3    1.67638279  1.72961723  1.51648666  0.00000000  1.84493868  1.51770665  1.82677414  1.57523571  1.83946474  1.79267833  1.48992367  1.69826517  1.80532023  1.77950652
4    1.79480961  1.50899571  1.42929192  1.84493868  0.00000000  1.41965558  1.70064503  1.56544844  1.66358335  1.60431701  1.46340738  1.65541276  1.68942961  1.56425442
5    1.27539929  1.36628707  1.23995092  1.51770665  1.41965558  0.00000000  1.52491150  0.93712626  1.31207257  1.20502257  0.92995616  0.81914597  1.44053534  1.41610178
6    1.79369326  1.55201144  1.16062558  1.82677414  1.70064503  1.52491150  0.00000000  1.62733356  1.72931773  1.79821861  1.45385496  1.73354533  1.55197059  1.59801745
7    1.20100492  1.47849526  1.33834072  1.57523571  1.56544844  0.93712626  1.62733356  0.00000000  1.46808529  1.04301266  0.67320347  0.73492980  1.46506280  1.52381469
8    1.70622272  1.30790749  1.54312378  1.83946474  1.66358335  1.31207257  1.72931773  1.46808529  0.00000000  1.66793651  1.41168690  1.55422107  1.78901873  1.37858156
9    1.49528073  1.63923132  1.51340754  1.79267833  1.60431701  1.20502257  1.79821861  1.04301266  1.66793651  0.00000000  1.07205720  1.24828519  1.48556878  1.67736133
10    1.19275716  1.39379839  1.06232738  1.48992367  1.46340738  0.92995616  1.45385496  0.67320347  1.41168690  1.07205720  0.00000000  0.91396827  1.27557908  1.43374553
11    1.37345516  1.58104098  1.44606304  1.69826517  1.65541276  0.81914597  1.73354533  0.73492980  1.55422107  1.24828519  0.91396827  0.00000000  1.60045522  1.62804442
12    1.70832446  1.69453405  0.70101813  1.80532023  1.68942961  1.44053534  1.55197059  1.46506280  1.78901873  1.48556878  1.27557908  1.60045522  0.00000000  1.67515625
15    1.70760383  0.27047524  1.43160658  1.77950652  1.56425442  1.41610178  1.59801745  1.52381469  1.37858156  1.67736133  1.43374553  1.62804442  1.67515625  0.00000000

--------------------------------------------------------------------------------
n=13
(result of R-step: (1,12:15)0.94873126)
V=[0, 1, 2, 3, 4, 5, 6, 7, 8, 9, 10, 11, 12]
total successes of this branch: 3
Matrix on 13 elements:

0    0.00000000  1.58655764  1.49884307  1.67638279  1.79480961  1.27539929  1.79369326  1.20100492  1.70622272  1.49528073  1.19275716  1.37345516  1.49873551
1    1.58655764  0.00000000  1.35007979  1.65710432  1.43648280  1.29377416  1.47949854  1.40598236  1.23539459  1.56671841  1.32128548  1.50852807  1.41243219
2    1.49884307  1.35007979  0.00000000  1.51648666  1.42929192  1.23995092  1.16062558  1.33834072  1.54312378  1.51340754  1.06232738  1.44606304  0.49142918
3    1.67638279  1.65710432  1.51648666  0.00000000  1.84493868  1.51770665  1.82677414  1.57523571  1.83946474  1.79267833  1.48992367  1.69826517  1.59573128
4    1.79480961  1.43648280  1.42929192  1.84493868  0.00000000  1.41965558  1.70064503  1.56544844  1.66358335  1.60431701  1.46340738  1.65541276  1.47984065
5    1.27539929  1.29377416  1.23995092  1.51770665  1.41965558  0.00000000  1.52491150  0.93712626  1.31207257  1.20502257  0.92995616  0.81914597  1.23094639
6    1.79369326  1.47949854  1.16062558  1.82677414  1.70064503  1.52491150  0.00000000  1.62733356  1.72931773  1.79821861  1.45385496  1.73354533  1.34238164
7    1.20100492  1.40598236  1.33834072  1.57523571  1.56544844  0.93712626  1.62733356  0.00000000  1.46808529  1.04301266  0.67320347  0.73492980  1.25547385
8    1.70622272  1.23539459  1.54312378  1.83946474  1.66358335  1.31207257  1.72931773  1.46808529  0.00000000  1.66793651  1.41168690  1.55422107  1.57942978
9    1.49528073  1.56671841  1.51340754  1.79267833  1.60431701  1.20502257  1.79821861  1.04301266  1.66793651  0.00000000  1.07205720  1.24828519  1.27597983
10    1.19275716  1.32128548  1.06232738  1.48992367  1.46340738  0.92995616  1.45385496  0.67320347  1.41168690  1.07205720  0.00000000  0.91396827  1.06599013
11    1.37345516  1.50852807  1.44606304  1.69826517  1.65541276  0.81914597  1.73354533  0.73492980  1.55422107  1.24828519  0.91396827  0.00000000  1.39086627
12    1.49873551  1.41243219  0.49142918  1.59573128  1.47984065  1.23094639  1.34238164  1.25547385  1.57942978  1.27597983  1.06599013  1.39086627  0.00000000

--------------------------------------------------------------------------------
n=12
(result of R-step: (2,9:12)0.71635015)
V=[0, 1, 2, 3, 4, 5, 6, 7, 8, 9, 10, 11]
total successes of this branch: 3
Matrix on 12 elements:

0    0.00000000  1.58655764  1.45609270  1.67638279  1.79480961  1.27539929  1.79369326  1.20100492  1.70622272  1.15869104  1.19275716  1.37345516
1    1.58655764  0.00000000  1.30732942  1.65710432  1.43648280  1.29377416  1.47949854  1.40598236  1.23539459  1.23012872  1.32128548  1.50852807
2    1.45609270  1.30732942  0.00000000  1.47373629  1.38654155  1.19720055  1.11787521  1.29559035  1.50037341  1.13406747  1.01957701  1.40331267
3    1.67638279  1.65710432  1.47373629  0.00000000  1.84493868  1.51770665  1.82677414  1.57523571  1.83946474  1.45608864  1.48992367  1.69826517
4    1.79480961  1.43648280  1.38654155  1.84493868  0.00000000  1.41965558  1.70064503  1.56544844  1.66358335  1.26772732  1.46340738  1.65541276
5    1.27539929  1.29377416  1.19720055  1.51770665  1.41965558  0.00000000  1.52491150  0.93712626  1.31207257  0.86843287  0.92995616  0.81914597
6    1.79369326  1.47949854  1.11787521  1.82677414  1.70064503  1.52491150  0.00000000  1.62733356  1.72931773  1.46162892  1.45385496  1.73354533
7    1.20100492  1.40598236  1.29559035  1.57523571  1.56544844  0.93712626  1.62733356  0.00000000  1.46808529  0.70642297  0.67320347  0.73492980
8    1.70622272  1.23539459  1.50037341  1.83946474  1.66358335  1.31207257  1.72931773  1.46808529  0.00000000  1.33134682  1.41168690  1.55422107
9    1.15869104  1.23012872  1.13406747  1.45608864  1.26772732  0.86843287  1.46162892  0.70642297  1.33134682  0.00000000  0.73546751  0.91169549
10    1.19275716  1.32128548  1.01957701  1.48992367  1.46340738  0.92995616  1.45385496  0.67320347  1.41168690  0.73546751  0.00000000  0.91396827
11    1.37345516  1.50852807  1.40331267  1.69826517  1.65541276  0.81914597  1.73354533  0.73492980  1.55422107  0.91169549  0.91396827  0.00000000

--------------------------------------------------------------------------------
n=11
(result of R-step: (5,7:11)0.37461718)
V=[0, 1, 2, 3, 4, 5, 6, 7, 8, 9, 10]
total successes of this branch: 3
Matrix on 11 elements:

0    0.00000000  1.58655764  1.45609270  1.67638279  1.79480961  1.15727539  1.79369326  1.00969381  1.70622272  1.15869104  1.19275716
1    1.58655764  0.00000000  1.30732942  1.65710432  1.43648280  1.17565027  1.47949854  1.21467124  1.23539459  1.23012872  1.32128548
2    1.45609270  1.30732942  0.00000000  1.47373629  1.38654155  1.07907666  1.11787521  1.10427923  1.50037341  1.13406747  1.01957701
3    1.67638279  1.65710432  1.47373629  0.00000000  1.84493868  1.39958276  1.82677414  1.38392460  1.83946474  1.45608864  1.48992367
4    1.79480961  1.43648280  1.38654155  1.84493868  0.00000000  1.30153169  1.70064503  1.37413732  1.66358335  1.26772732  1.46340738
5    1.15727539  1.17565027  1.07907666  1.39958276  1.30153169  0.00000000  1.40678761  0.62769125  1.19394867  0.75030898  0.81183226
6    1.79369326  1.47949854  1.11787521  1.82677414  1.70064503  1.40678761  0.00000000  1.43602244  1.72931773  1.46162892  1.45385496
7    1.00969381  1.21467124  1.10427923  1.38392460  1.37413732  0.62769125  1.43602244  0.00000000  1.27677418  0.51511185  0.48189236
8    1.70622272  1.23539459  1.50037341  1.83946474  1.66358335  1.19394867  1.72931773  1.27677418  0.00000000  1.33134682  1.41168690
9    1.15869104  1.23012872  1.13406747  1.45608864  1.26772732  0.75030898  1.46162892  0.51511185  1.33134682  0.00000000  0.73546751
10    1.19275716  1.32128548  1.01957701  1.48992367  1.46340738  0.81183226  1.45385496  0.48189236  1.41168690  0.73546751  0.00000000

--------------------------------------------------------------------------------
n=10
(result of R-step: (1,5:8)0.63498435)
V=[0, 1, 2, 3, 4, 5, 6, 7, 9, 10]
total successes of this branch: 3
Matrix on 10 elements:

0    0.00000000  1.16930010  1.45609270  1.67638279  1.79480961  0.92294389  1.79369326  1.00969381  1.15869104  1.19275716
1    1.16930010  0.00000000  0.89007188  1.23984678  1.01922526  0.52406122  1.06224100  0.79741370  0.81287117  0.90402794
2    1.45609270  0.89007188  0.00000000  1.47373629  1.38654155  0.84474515  1.11787521  1.10427923  1.13406747  1.01957701
3    1.67638279  1.23984678  1.47373629  0.00000000  1.84493868  1.16525125  1.82677414  1.38392460  1.45608864  1.48992367
4    1.79480961  1.01922526  1.38654155  1.84493868  0.00000000  1.06720018  1.70064503  1.37413732  1.26772732  1.46340738
5    0.92294389  0.52406122  0.84474515  1.16525125  1.06720018  0.00000000  1.17245610  0.39335974  0.51597747  0.57750076
6    1.79369326  1.06224100  1.11787521  1.82677414  1.70064503  1.17245610  0.00000000  1.43602244  1.46162892  1.45385496
7    1.00969381  0.79741370  1.10427923  1.38392460  1.37413732  0.39335974  1.43602244  0.00000000  0.51511185  0.48189236
9    1.15869104  0.81287117  1.13406747  1.45608864  1.26772732  0.51597747  1.46162892  0.51511185  0.00000000  0.73546751
10    1.19275716  0.90402794  1.01957701  1.48992367  1.46340738  0.57750076  1.45385496  0.48189236  0.73546751  0.00000000

--------------------------------------------------------------------------------
n=9
(result of R-step: (2,7:10)0.21611623)
V=[0, 1, 2, 3, 4, 5, 6, 7, 9]
total successes of this branch: 3
Matrix on 9 elements:

0    0.00000000  1.16930010  1.30024801  1.67638279  1.79480961  0.92294389  1.79369326  0.90977441  1.15869104
1    1.16930010  0.00000000  0.73422718  1.23984678  1.01922526  0.52406122  1.06224100  0.69749430  0.81287117
2    1.30024801  0.73422718  0.00000000  1.31789159  1.23069686  0.68890045  0.96203051  0.84851513  0.97822278
3    1.67638279  1.23984678  1.31789159  0.00000000  1.84493868  1.16525125  1.82677414  1.28400520  1.45608864
4    1.79480961  1.01922526  1.23069686  1.84493868  0.00000000  1.06720018  1.70064503  1.27421792  1.26772732
5    0.92294389  0.52406122  0.68890045  1.16525125  1.06720018  0.00000000  1.17245610  0.29344034  0.51597747
6    1.79369326  1.06224100  0.96203051  1.82677414  1.70064503  1.17245610  0.00000000  1.33610304  1.46162892
7    0.90977441  0.69749430  0.84851513  1.28400520  1.27421792  0.29344034  1.33610304  0.00000000  0.41519245
9    1.15869104  0.81287117  0.97822278  1.45608864  1.26772732  0.51597747  1.46162892  0.41519245  0.00000000

--------------------------------------------------------------------------------
n=8
(result of R-step: (1,2:6)0.29180329)
V=[0, 1, 2, 3, 4, 5, 7, 9]
total successes of this branch: 3
Matrix on 8 elements:

0    0.00000000  1.15112443  1.14766023  1.67638279  1.79480961  0.92294389  0.90977441  1.15869104
1    1.15112443  0.00000000  0.56346374  1.22167111  1.00104959  0.50588555  0.67931863  0.79469551
2    1.14766023  0.56346374  0.00000000  1.16530382  1.07810908  0.53631267  0.69592736  0.82563500
3    1.67638279  1.22167111  1.16530382  0.00000000  1.84493868  1.16525125  1.28400520  1.45608864
4    1.79480961  1.00104959  1.07810908  1.84493868  0.00000000  1.06720018  1.27421792  1.26772732
5    0.92294389  0.50588555  0.53631267  1.16525125  1.06720018  0.00000000  0.29344034  0.51597747
7    0.90977441  0.67931863  0.69592736  1.28400520  1.27421792  0.29344034  0.00000000  0.41519245
9    1.15869104  0.79469551  0.82563500  1.45608864  1.26772732  0.51597747  0.41519245  0.00000000

--------------------------------------------------------------------------------
n=7
(result of R-step: (1,3:2)0.74728209)
V=[0, 1, 3, 4, 5, 7, 9]
total successes of this branch: 0
Matrix on 7 elements:

0    0.00000000  0.88955523  0.90758632  1.79480961  0.92294389  0.90977441  1.15869104
1    0.88955523  0.00000000  0.19130543  0.73948039  0.24431635  0.41774942  0.53312630
3    0.90758632  0.19130543  0.00000000  1.07614220  0.39645478  0.51520873  0.68729216
4    1.79480961  0.73948039  1.07614220  0.00000000  1.06720018  1.27421792  1.26772732
5    0.92294389  0.24431635  0.39645478  1.06720018  0.00000000  0.29344034  0.51597747
7    0.90977441  0.41774942  0.51520873  1.27421792  0.29344034  0.00000000  0.41519245
9    1.15869104  0.53312630  0.68729216  1.26772732  0.51597747  0.41519245  0.00000000
reason of abort: no pseudometric

--------------------------------------------------------------------------------
n=7
(result of R-step: (4,7:9)0.23706506)
V=[0, 1, 2, 3, 4, 5, 7]
total successes of this branch: 3
Matrix on 7 elements:

0    0.00000000  1.15112443  1.14766023  1.67638279  1.25386899  0.92294389  0.86126818
1    1.15112443  0.00000000  0.56346374  1.22167111  0.46010897  0.50588555  0.63081240
2    1.14766023  0.56346374  0.00000000  1.16530382  0.53716846  0.53631267  0.64742113
3    1.67638279  1.22167111  1.16530382  0.00000000  1.30399806  1.16525125  1.23549897
4    1.25386899  0.46010897  0.53716846  1.30399806  0.00000000  0.52625956  0.68477107
5    0.92294389  0.50588555  0.53631267  1.16525125  0.52625956  0.00000000  0.24493411
7    0.86126818  0.63081240  0.64742113  1.23549897  0.68477107  0.24493411  0.00000000

--------------------------------------------------------------------------------
n=6
(result of R-step: (0,5:7)0.40772660)
V=[0, 1, 2, 3, 4, 5]
total successes of this branch: 3
Matrix on 6 elements:

0    0.00000000  0.59586599  0.59240179  1.12112435  0.69861055  0.36196212
1    0.59586599  0.00000000  0.56346374  1.22167111  0.46010897  0.50016223
2    0.59240179  0.56346374  0.00000000  1.16530382  0.53716846  0.53058935
3    1.12112435  1.22167111  1.16530382  0.00000000  1.30399806  1.15952792
4    0.69861055  0.46010897  0.53716846  1.30399806  0.00000000  0.52053623
5    0.36196212  0.50016223  0.53058935  1.15952792  0.52053623  0.00000000

--------------------------------------------------------------------------------
n=5
(result of R-step: (0,4:5)0.57911361)
V=[0, 1, 2, 3, 4]
total successes of this branch: 3
Matrix on 5 elements:

0    0.00000000  0.50392209  0.50045789  1.02918045  0.42309354
1    0.50392209  0.00000000  0.56346374  1.22167111  0.27653587
2    0.50045789  0.56346374  0.00000000  1.16530382  0.35359536
3    1.02918045  1.22167111  1.16530382  0.00000000  1.12042495
4    0.42309354  0.27653587  0.35359536  1.12042495  0.00000000

--------------------------------------------------------------------------------
n=4
(result of R-step: (0,1:2)0.39353322)
V=[0, 1, 3, 4]
total successes of this branch: 0
reason of abort: negative delta/dxy

--------------------------------------------------------------------------------
n=4
(result of R-step: (0,2:3)0.84177281)
V=[0, 1, 2, 4]
total successes of this branch: 1
Matrix on 4 elements:

0    0.00000000  0.36037594  0.24408643  0.27954739
1    0.36037594  0.00000000  0.45063843  0.27653587
2    0.24408643  0.45063843  0.00000000  0.24077005
4    0.27954739  0.27653587  0.24077005  0.00000000

--------------------------------------------------------------------------------
n=4
(result of R-step: (0,4:1)0.45619074)
V=[0, 2, 3, 4]
total successes of this branch: 0
reason of abort: negative delta/dxy

--------------------------------------------------------------------------------
n=4
(result of R-step: (0,4:2)0.75965369)
V=[0, 1, 3, 4]
total successes of this branch: 0
reason of abort: negative delta/dxy

--------------------------------------------------------------------------------
n=4
(result of R-step: (1,2:4)0.61405639)
V=[0, 1, 2, 3]
total successes of this branch: 1
Matrix on 4 elements:

0    0.00000000  0.39109679  0.38763259  1.02918045
1    0.39109679  0.00000000  0.33781313  1.10884581
2    0.38763259  0.33781313  0.00000000  1.05247851
3    1.02918045  1.10884581  1.05247851  0.00000000

--------------------------------------------------------------------------------
n=4
(result of R-step: (1,3:0)0.13421034)
V=[1, 2, 3, 4]
total successes of this branch: 1
Matrix on 4 elements:

1    0.00000000  0.45063843  0.27186866  0.16371056
2    0.45063843  0.00000000  0.32832667  0.35359536
3    0.27186866  0.32832667  0.00000000  0.28344780
4    0.16371056  0.35359536  0.28344780  0.00000000

--------------------------------------------------------------------------------
n=4
(result of R-step: (1,3:2)0.74728209)
V=[0, 1, 3, 4]
total successes of this branch: 0
Matrix on 4 elements:

0    0.00000000  0.24235289  0.26038398  0.42309354
1    0.24235289  0.00000000  0.19130543  0.01496666
3    0.26038398  0.19130543  0.00000000  0.35162848
4    0.42309354  0.01496666  0.35162848  0.00000000
reason of abort: no pseudometric

--------------------------------------------------------------------------------
n=4
(result of R-step: (3,4:0)0.60350471)
V=[1, 2, 3, 4]
total successes of this branch: 0
Matrix on 4 elements:

1    0.00000000  0.56346374  0.45287464  0.16314340
2    0.56346374  0.00000000  0.39650735  0.24020289
3    0.45287464  0.39650735  0.00000000  0.23823602
4    0.16314340  0.24020289  0.23823602  0.00000000
reason of abort: no pseudometric

--------------------------------------------------------------------------------
n=4
(result of R-step: (3,4:1)0.62755986)
V=[0, 2, 3, 4]
total successes of this branch: 0
reason of abort: negative delta/dxy

--------------------------------------------------------------------------------
n=4
(result of R-step: (3,4:2)0.61809336)
V=[0, 1, 3, 4]
total successes of this branch: 0
reason of abort: negative delta/dxy
