n=20
V=[0, 1, 2, 3, 4, 5, 6, 7, 8, 9, 10, 11, 12, 13, 14, 15, 16, 17, 18, 19]
total successes of this branch: 5
Matrix on 20 elements:

0    0.00000000  1.80032195  1.75712064  1.69094979  1.57306510  1.53614756  1.63350783  1.62505620  1.62786431  1.72007871  1.62691358  1.57957856  1.66193417  1.65478850  0.74081499  0.86810234  1.65644429  1.66834989  1.63785776  1.66754688
1    1.80032195  0.00000000  1.72885147  1.78876603  1.79822184  1.79681218  1.79175169  1.47859374  1.58264270  1.74770021  1.54741523  1.67747722  1.67940692  1.67061387  1.79979459  1.79955405  1.67265139  1.70358760  1.78074465  1.73597516
2    1.75712064  1.72885147  0.00000000  1.75441923  1.75662970  1.75630017  1.75511718  1.73882064  1.74423528  1.31158320  1.74240207  1.74965001  1.74897410  1.74858168  1.75708511  1.75701545  1.74867261  1.75017809  1.75450055  0.25963491
3    1.69094979  1.78876603  1.75441923  0.00000000  1.66476793  1.62342449  1.42797429  1.75427097  1.64585657  1.65659643  1.68256203  1.65172145  1.22795903  1.27880058  1.68893051  1.68523499  1.26701960  1.07953953  1.38447320  1.74744851
4    1.57306510  1.79822184  1.75662970  1.66476793  0.00000000  1.60091708  1.64107500  1.71881994  1.69298863  1.72200247  1.70173424  1.64915749  1.68151783  1.68094434  1.57353811  1.44223945  1.68107723  1.67781422  1.64566179  1.72495305
5    1.53614756  1.79681218  1.75630017  1.62342449  1.60091708  0.00000000  1.50811009  1.70488837  1.63950738  1.68192729  1.66164318  1.25027766  1.64074186  1.63264338  1.53660373  1.54644005  1.63451996  1.63691277  1.52419074  1.73515554
6    1.63350783  1.79175169  1.75511718  1.42797429  1.64107500  1.50811009  0.00000000  1.73594673  1.54396288  1.56533794  1.60896214  1.55636720  1.50998218  1.49446022  1.63296909  1.63420884  1.49805696  1.49184920  0.50135403  1.74293496
7    1.62505620  1.47859374  1.73882064  1.75427097  1.71881994  1.70488837  1.73594673  0.00000000  1.35011349  1.73795944  1.25075138  1.48758652  1.52611985  1.52260347  1.62462470  1.63903126  1.52341828  1.57656695  1.71604862  1.72876628
8    1.62786431  1.58264270  1.74423528  1.64585657  1.69298863  1.63950738  1.54396288  1.35011349  0.00000000  1.68422146  1.15599656  1.40815033  1.42389478  1.15287174  1.62697472  1.63707113  1.21567307  1.47297334  1.53510004  1.73343787
9    1.72007871  1.74770021  1.31158320  1.65659643  1.72200247  1.68192729  1.56533794  1.73795944  1.68422146  0.00000000  1.70241533  1.69173070  1.67735756  1.67243140  1.71989238  1.72021511  1.67357289  1.67276701  1.57875015  1.35275523
10    1.62691358  1.54741523  1.74240207  1.68256203  1.70173424  1.66164318  1.60896214  1.25075138  1.15599656  1.70241533  0.00000000  1.28420557  1.30590968  1.38072893  1.62551356  1.63717103  1.36339185  1.38919227  1.58152450  1.73179943
11    1.57957856  1.67747722  1.74965001  1.65172145  1.64915749  1.25027766  1.55636720  1.48758652  1.40815033  1.69173070  1.28420557  0.00000000  1.48519534  1.51210381  1.57916692  1.58987153  1.50586859  1.52201637  1.55207860  1.73355140
12    1.66193417  1.67940692  1.74897410  1.22795903  1.68151783  1.64074186  1.50998218  1.52611985  1.42389478  1.67735756  1.30590968  1.48519534  0.00000000  1.34027155  1.65789921  1.66151153  1.18516655  0.70513920  1.40949983  1.74016174
13    1.65478850  1.67061387  1.74858168  1.27880058  1.68094434  1.63264338  1.49446022  1.52260347  1.15287174  1.67243140  1.38072893  1.51210381  1.34027155  0.00000000  1.65341677  1.65762694  0.82601125  1.32667954  1.47351328  1.73941746
14    0.74081499  1.79979459  1.75708511  1.68893051  1.57353811  1.53660373  1.63296909  1.62462470  1.62697472  1.71989238  1.62551356  1.57916692  1.65789921  1.65341677  0.00000000  0.84635928  1.65445544  1.66476063  1.63693817  1.66532419
15    0.86810234  1.79955405  1.75701545  1.68523499  1.44223945  1.54644005  1.63420884  1.63903126  1.63707113  1.72021511  1.63717103  1.58987153  1.66151153  1.65762694  0.84635928  0.00000000  1.65852708  1.66675709  1.63827239  1.58924147
16    1.65644429  1.67265139  1.74867261  1.26701960  1.68107723  1.63451996  1.49805696  1.52341828  1.21567307  1.67357289  1.36339185  1.50586859  1.18516655  0.82601125  1.65445544  1.65852708  0.00000000  1.20326529  1.46125306  1.73958992
17    1.66834989  1.70358760  1.75017809  1.07953953  1.67781422  1.63691277  1.49184920  1.57656695  1.47297334  1.67276701  1.38919227  1.52201637  0.70513920  1.32667954  1.66476063  1.66675709  1.20326529  0.00000000  1.35054759  1.74177294
18    1.63785776  1.78074465  1.75450055  1.38447320  1.64566179  1.52419074  0.50135403  1.71604862  1.53510004  1.57875015  1.58152450  1.55207860  1.40949983  1.47351328  1.63693817  1.63827239  1.46125306  1.35054759  0.00000000  1.74278989
19    1.66754688  1.73597516  0.25963491  1.74744851  1.72495305  1.73515554  1.74293496  1.72876628  1.73343787  1.35275523  1.73179943  1.73355140  1.74016174  1.73941746  1.66532419  1.58924147  1.73958992  1.74177294  1.74278989  0.00000000

--------------------------------------------------------------------------------
n=19
(result of R-step: (2,15:19)0.89924419)
V=[0, 1, 2, 3, 4, 5, 6, 7, 8, 9, 10, 11, 12, 13, 14, 15, 16, 17, 18]
total successes of this branch: 5
Matrix on 19 elements:

0    0.00000000  1.80032195  1.71119018  1.69094979  1.57306510  1.53614756  1.63350783  1.62505620  1.62786431  1.72007871  1.62691358  1.57957856  1.66193417  1.65478850  0.74081499  0.82217188  1.65644429  1.66834989  1.63785776
1    1.80032195  0.00000000  1.68292101  1.78876603  1.79822184  1.79681218  1.79175169  1.47859374  1.58264270  1.74770021  1.54741523  1.67747722  1.67940692  1.67061387  1.79979459  1.75362359  1.67265139  1.70358760  1.78074465
2    1.71119018  1.68292101  0.00000000  1.70848877  1.71069924  1.71036971  1.70918672  1.69289018  1.69830482  1.26565274  1.69647161  1.70371955  1.70304364  1.70265122  1.71115465  1.66515454  1.70274215  1.70424763  1.70857009
3    1.69094979  1.78876603  1.70848877  0.00000000  1.66476793  1.62342449  1.42797429  1.75427097  1.64585657  1.65659643  1.68256203  1.65172145  1.22795903  1.27880058  1.68893051  1.63930453  1.26701960  1.07953953  1.38447320
4    1.57306510  1.79822184  1.71069924  1.66476793  0.00000000  1.60091708  1.64107500  1.71881994  1.69298863  1.72200247  1.70173424  1.64915749  1.68151783  1.68094434  1.57353811  1.39630899  1.68107723  1.67781422  1.64566179
5    1.53614756  1.79681218  1.71036971  1.62342449  1.60091708  0.00000000  1.50811009  1.70488837  1.63950738  1.68192729  1.66164318  1.25027766  1.64074186  1.63264338  1.53660373  1.50050959  1.63451996  1.63691277  1.52419074
6    1.63350783  1.79175169  1.70918672  1.42797429  1.64107500  1.50811009  0.00000000  1.73594673  1.54396288  1.56533794  1.60896214  1.55636720  1.50998218  1.49446022  1.63296909  1.58827838  1.49805696  1.49184920  0.50135403
7    1.62505620  1.47859374  1.69289018  1.75427097  1.71881994  1.70488837  1.73594673  0.00000000  1.35011349  1.73795944  1.25075138  1.48758652  1.52611985  1.52260347  1.62462470  1.59310080  1.52341828  1.57656695  1.71604862
8    1.62786431  1.58264270  1.69830482  1.64585657  1.69298863  1.63950738  1.54396288  1.35011349  0.00000000  1.68422146  1.15599656  1.40815033  1.42389478  1.15287174  1.62697472  1.59114067  1.21567307  1.47297334  1.53510004
9    1.72007871  1.74770021  1.26565274  1.65659643  1.72200247  1.68192729  1.56533794  1.73795944  1.68422146  0.00000000  1.70241533  1.69173070  1.67735756  1.67243140  1.71989238  1.67428465  1.67357289  1.67276701  1.57875015
10    1.62691358  1.54741523  1.69647161  1.68256203  1.70173424  1.66164318  1.60896214  1.25075138  1.15599656  1.70241533  0.00000000  1.28420557  1.30590968  1.38072893  1.62551356  1.59124057  1.36339185  1.38919227  1.58152450
11    1.57957856  1.67747722  1.70371955  1.65172145  1.64915749  1.25027766  1.55636720  1.48758652  1.40815033  1.69173070  1.28420557  0.00000000  1.48519534  1.51210381  1.57916692  1.54394107  1.50586859  1.52201637  1.55207860
12    1.66193417  1.67940692  1.70304364  1.22795903  1.68151783  1.64074186  1.50998218  1.52611985  1.42389478  1.67735756  1.30590968  1.48519534  0.00000000  1.34027155  1.65789921  1.61558107  1.18516655  0.70513920  1.40949983
13    1.65478850  1.67061387  1.70265122  1.27880058  1.68094434  1.63264338  1.49446022  1.52260347  1.15287174  1.67243140  1.38072893  1.51210381  1.34027155  0.00000000  1.65341677  1.61169648  0.82601125  1.32667954  1.47351328
14    0.74081499  1.79979459  1.71115465  1.68893051  1.57353811  1.53660373  1.63296909  1.62462470  1.62697472  1.71989238  1.62551356  1.57916692  1.65789921  1.65341677  0.00000000  0.80042882  1.65445544  1.66476063  1.63693817
15    0.82217188  1.75362359  1.66515454  1.63930453  1.39630899  1.50050959  1.58827838  1.59310080  1.59114067  1.67428465  1.59124057  1.54394107  1.61558107  1.61169648  0.80042882  0.00000000  1.61259662  1.62082663  1.59234193
16    1.65644429  1.67265139  1.70274215  1.26701960  1.68107723  1.63451996  1.49805696  1.52341828  1.21567307  1.67357289  1.36339185  1.50586859  1.18516655  0.82601125  1.65445544  1.61259662  0.00000000  1.20326529  1.46125306
17    1.66834989  1.70358760  1.70424763  1.07953953  1.67781422  1.63691277  1.49184920  1.57656695  1.47297334  1.67276701  1.38919227  1.52201637  0.70513920  1.32667954  1.66476063  1.62082663  1.20326529  0.00000000  1.35054759
18    1.63785776  1.78074465  1.70857009  1.38447320  1.64566179  1.52419074  0.50135403  1.71604862  1.53510004  1.57875015  1.58152450  1.55207860  1.40949983  1.47351328  1.63693817  1.59234193  1.46125306  1.35054759  0.00000000

--------------------------------------------------------------------------------
n=18
(result of R-step: (4,14:15)0.15294363)
V=[0, 1, 2, 3, 4, 5, 6, 7, 8, 9, 10, 11, 12, 13, 14, 16, 17, 18]
total successes of this branch: 5
Matrix on 18 elements:

0    0.00000000  1.80032195  1.71119018  1.69094979  1.21553479  1.53614756  1.63350783  1.62505620  1.62786431  1.72007871  1.62691358  1.57957856  1.66193417  1.65478850  0.38328468  1.65644429  1.66834989  1.63785776
1    1.80032195  0.00000000  1.68292101  1.78876603  1.44069153  1.79681218  1.79175169  1.47859374  1.58264270  1.74770021  1.54741523  1.67747722  1.67940692  1.67061387  1.44226428  1.67265139  1.70358760  1.78074465
2    1.71119018  1.68292101  0.00000000  1.70848877  1.35316893  1.71036971  1.70918672  1.69289018  1.69830482  1.26565274  1.69647161  1.70371955  1.70304364  1.70265122  1.35362434  1.70274215  1.70424763  1.70857009
3    1.69094979  1.78876603  1.70848877  0.00000000  1.30723762  1.62342449  1.42797429  1.75427097  1.64585657  1.65659643  1.68256203  1.65172145  1.22795903  1.27880058  1.33140020  1.26701960  1.07953953  1.38447320
4    1.21553479  1.44069153  1.35316893  1.30723762  0.00000000  1.24338677  1.28354469  1.36128963  1.33545832  1.36447216  1.34420393  1.29162718  1.32398752  1.32341403  0.85847749  1.32354692  1.32028391  1.28813148
5    1.53614756  1.79681218  1.71036971  1.62342449  1.24338677  0.00000000  1.50811009  1.70488837  1.63950738  1.68192729  1.66164318  1.25027766  1.64074186  1.63264338  1.17907342  1.63451996  1.63691277  1.52419074
6    1.63350783  1.79175169  1.70918672  1.42797429  1.28354469  1.50811009  0.00000000  1.73594673  1.54396288  1.56533794  1.60896214  1.55636720  1.50998218  1.49446022  1.27543878  1.49805696  1.49184920  0.50135403
7    1.62505620  1.47859374  1.69289018  1.75427097  1.36128963  1.70488837  1.73594673  0.00000000  1.35011349  1.73795944  1.25075138  1.48758652  1.52611985  1.52260347  1.26709439  1.52341828  1.57656695  1.71604862
8    1.62786431  1.58264270  1.69830482  1.64585657  1.33545832  1.63950738  1.54396288  1.35011349  0.00000000  1.68422146  1.15599656  1.40815033  1.42389478  1.15287174  1.26944442  1.21567307  1.47297334  1.53510004
9    1.72007871  1.74770021  1.26565274  1.65659643  1.36447216  1.68192729  1.56533794  1.73795944  1.68422146  0.00000000  1.70241533  1.69173070  1.67735756  1.67243140  1.36236207  1.67357289  1.67276701  1.57875015
10    1.62691358  1.54741523  1.69647161  1.68256203  1.34420393  1.66164318  1.60896214  1.25075138  1.15599656  1.70241533  0.00000000  1.28420557  1.30590968  1.38072893  1.26798325  1.36339185  1.38919227  1.58152450
11    1.57957856  1.67747722  1.70371955  1.65172145  1.29162718  1.25027766  1.55636720  1.48758652  1.40815033  1.69173070  1.28420557  0.00000000  1.48519534  1.51210381  1.22163661  1.50586859  1.52201637  1.55207860
12    1.66193417  1.67940692  1.70304364  1.22795903  1.32398752  1.64074186  1.50998218  1.52611985  1.42389478  1.67735756  1.30590968  1.48519534  0.00000000  1.34027155  1.30036891  1.18516655  0.70513920  1.40949983
13    1.65478850  1.67061387  1.70265122  1.27880058  1.32341403  1.63264338  1.49446022  1.52260347  1.15287174  1.67243140  1.38072893  1.51210381  1.34027155  0.00000000  1.29588646  0.82601125  1.32667954  1.47351328
14    0.38328468  1.44226428  1.35362434  1.33140020  0.85847749  1.17907342  1.27543878  1.26709439  1.26944442  1.36236207  1.26798325  1.22163661  1.30036891  1.29588646  0.00000000  1.29692513  1.30723032  1.27940786
16    1.65644429  1.67265139  1.70274215  1.26701960  1.32354692  1.63451996  1.49805696  1.52341828  1.21567307  1.67357289  1.36339185  1.50586859  1.18516655  0.82601125  1.29692513  0.00000000  1.20326529  1.46125306
17    1.66834989  1.70358760  1.70424763  1.07953953  1.32028391  1.63691277  1.49184920  1.57656695  1.47297334  1.67276701  1.38919227  1.52201637  0.70513920  1.32667954  1.30723032  1.20326529  0.00000000  1.35054759
18    1.63785776  1.78074465  1.70857009  1.38447320  1.28813148  1.52419074  0.50135403  1.71604862  1.53510004  1.57875015  1.58152450  1.55207860  1.40949983  1.47351328  1.27940786  1.46125306  1.35054759  0.00000000

--------------------------------------------------------------------------------
n=17
(result of R-step: (6,17:18)0.87515285)
V=[0, 1, 2, 3, 4, 5, 6, 7, 8, 9, 10, 11, 12, 13, 14, 16, 17]
total successes of this branch: 5
Matrix on 17 elements:

0    0.00000000  1.80032195  1.71119018  1.69094979  1.21553479  1.53614756  1.45348162  1.62505620  1.62786431  1.72007871  1.62691358  1.57957856  1.66193417  1.65478850  0.38328468  1.65644429  1.48832368
1    1.80032195  0.00000000  1.68292101  1.78876603  1.44069153  1.79681218  1.61172548  1.47859374  1.58264270  1.74770021  1.54741523  1.67747722  1.67940692  1.67061387  1.44226428  1.67265139  1.52356138
2    1.71119018  1.68292101  0.00000000  1.70848877  1.35316893  1.71036971  1.52916051  1.69289018  1.69830482  1.26565274  1.69647161  1.70371955  1.70304364  1.70265122  1.35362434  1.70274215  1.52422141
3    1.69094979  1.78876603  1.70848877  0.00000000  1.30723762  1.62342449  1.24794808  1.75427097  1.64585657  1.65659643  1.68256203  1.65172145  1.22795903  1.27880058  1.33140020  1.26701960  0.89951332
4    1.21553479  1.44069153  1.35316893  1.30723762  0.00000000  1.24338677  1.10351848  1.36128963  1.33545832  1.36447216  1.34420393  1.29162718  1.32398752  1.32341403  0.85847749  1.32354692  1.14025770
5    1.53614756  1.79681218  1.71036971  1.62342449  1.24338677  0.00000000  1.32808388  1.70488837  1.63950738  1.68192729  1.66164318  1.25027766  1.64074186  1.63264338  1.17907342  1.63451996  1.45688656
6    1.45348162  1.61172548  1.52916051  1.24794808  1.10351848  1.32808388  0.00000000  1.55592052  1.36393667  1.38531173  1.42893593  1.37634099  1.32995597  1.31443401  1.09541257  1.31803075  1.13179677
7    1.62505620  1.47859374  1.69289018  1.75427097  1.36128963  1.70488837  1.55592052  0.00000000  1.35011349  1.73795944  1.25075138  1.48758652  1.52611985  1.52260347  1.26709439  1.52341828  1.39654073
8    1.62786431  1.58264270  1.69830482  1.64585657  1.33545832  1.63950738  1.36393667  1.35011349  0.00000000  1.68422146  1.15599656  1.40815033  1.42389478  1.15287174  1.26944442  1.21567307  1.29294713
9    1.72007871  1.74770021  1.26565274  1.65659643  1.36447216  1.68192729  1.38531173  1.73795944  1.68422146  0.00000000  1.70241533  1.69173070  1.67735756  1.67243140  1.36236207  1.67357289  1.49274079
10    1.62691358  1.54741523  1.69647161  1.68256203  1.34420393  1.66164318  1.42893593  1.25075138  1.15599656  1.70241533  0.00000000  1.28420557  1.30590968  1.38072893  1.26798325  1.36339185  1.20916606
11    1.57957856  1.67747722  1.70371955  1.65172145  1.29162718  1.25027766  1.37634099  1.48758652  1.40815033  1.69173070  1.28420557  0.00000000  1.48519534  1.51210381  1.22163661  1.50586859  1.34199015
12    1.66193417  1.67940692  1.70304364  1.22795903  1.32398752  1.64074186  1.32995597  1.52611985  1.42389478  1.67735756  1.30590968  1.48519534  0.00000000  1.34027155  1.30036891  1.18516655  0.52511299
13    1.65478850  1.67061387  1.70265122  1.27880058  1.32341403  1.63264338  1.31443401  1.52260347  1.15287174  1.67243140  1.38072893  1.51210381  1.34027155  0.00000000  1.29588646  0.82601125  1.14665333
14    0.38328468  1.44226428  1.35362434  1.33140020  0.85847749  1.17907342  1.09541257  1.26709439  1.26944442  1.36236207  1.26798325  1.22163661  1.30036891  1.29588646  0.00000000  1.29692513  1.12720410
16    1.65644429  1.67265139  1.70274215  1.26701960  1.32354692  1.63451996  1.31803075  1.52341828  1.21567307  1.67357289  1.36339185  1.50586859  1.18516655  0.82601125  1.29692513  0.00000000  1.02323908
17    1.48832368  1.52356138  1.52422141  0.89951332  1.14025770  1.45688656  1.13179677  1.39654073  1.29294713  1.49274079  1.20916606  1.34199015  0.52511299  1.14665333  1.12720410  1.02323908  0.00000000

--------------------------------------------------------------------------------
n=16
(result of R-step: (2,6:9)0.70033905)
V=[0, 1, 2, 3, 4, 5, 6, 7, 8, 10, 11, 12, 13, 14, 16, 17]
total successes of this branch: 5
Matrix on 16 elements:

0    0.00000000  1.80032195  1.19621866  1.69094979  1.21553479  1.53614756  1.07260585  1.62505620  1.62786431  1.62691358  1.57957856  1.66193417  1.65478850  0.38328468  1.65644429  1.48832368
1    1.80032195  0.00000000  1.16794949  1.78876603  1.44069153  1.79681218  1.23084971  1.47859374  1.58264270  1.54741523  1.67747722  1.67940692  1.67061387  1.44226428  1.67265139  1.52356138
2    1.19621866  1.16794949  0.00000000  1.19351725  0.83819741  1.19539819  0.63331322  1.17791866  1.18333330  1.18150009  1.18874803  1.18807212  1.18767970  0.83865282  1.18777063  1.00924989
3    1.69094979  1.78876603  1.19351725  0.00000000  1.30723762  1.62342449  0.86707231  1.75427097  1.64585657  1.68256203  1.65172145  1.22795903  1.27880058  1.33140020  1.26701960  0.89951332
4    1.21553479  1.44069153  0.83819741  1.30723762  0.00000000  1.24338677  0.72264272  1.36128963  1.33545832  1.34420393  1.29162718  1.32398752  1.32341403  0.85847749  1.32354692  1.14025770
5    1.53614756  1.79681218  1.19539819  1.62342449  1.24338677  0.00000000  0.94720812  1.70488837  1.63950738  1.66164318  1.25027766  1.64074186  1.63264338  1.17907342  1.63451996  1.45688656
6    1.07260585  1.23084971  0.63331322  0.86707231  0.72264272  0.94720812  0.00000000  1.17504475  0.98306090  1.04806016  0.99546522  0.94908020  0.93355824  0.71453680  0.93715498  0.75092101
7    1.62505620  1.47859374  1.17791866  1.75427097  1.36128963  1.70488837  1.17504475  0.00000000  1.35011349  1.25075138  1.48758652  1.52611985  1.52260347  1.26709439  1.52341828  1.39654073
8    1.62786431  1.58264270  1.18333330  1.64585657  1.33545832  1.63950738  0.98306090  1.35011349  0.00000000  1.15599656  1.40815033  1.42389478  1.15287174  1.26944442  1.21567307  1.29294713
10    1.62691358  1.54741523  1.18150009  1.68256203  1.34420393  1.66164318  1.04806016  1.25075138  1.15599656  0.00000000  1.28420557  1.30590968  1.38072893  1.26798325  1.36339185  1.20916606
11    1.57957856  1.67747722  1.18874803  1.65172145  1.29162718  1.25027766  0.99546522  1.48758652  1.40815033  1.28420557  0.00000000  1.48519534  1.51210381  1.22163661  1.50586859  1.34199015
12    1.66193417  1.67940692  1.18807212  1.22795903  1.32398752  1.64074186  0.94908020  1.52611985  1.42389478  1.30590968  1.48519534  0.00000000  1.34027155  1.30036891  1.18516655  0.52511299
13    1.65478850  1.67061387  1.18767970  1.27880058  1.32341403  1.63264338  0.93355824  1.52260347  1.15287174  1.38072893  1.51210381  1.34027155  0.00000000  1.29588646  0.82601125  1.14665333
14    0.38328468  1.44226428  0.83865282  1.33140020  0.85847749  1.17907342  0.71453680  1.26709439  1.26944442  1.26798325  1.22163661  1.30036891  1.29588646  0.00000000  1.29692513  1.12720410
16    1.65644429  1.67265139  1.18777063  1.26701960  1.32354692  1.63451996  0.93715498  1.52341828  1.21567307  1.36339185  1.50586859  1.18516655  0.82601125  1.29692513  0.00000000  1.02323908
17    1.48832368  1.52356138  1.00924989  0.89951332  1.14025770  1.45688656  0.75092101  1.39654073  1.29294713  1.20916606  1.34199015  0.52511299  1.14665333  1.12720410  1.02323908  0.00000000

--------------------------------------------------------------------------------
n=15
(result of R-step: (3,12:17)0.22111264)
V=[0, 1, 2, 3, 4, 5, 6, 7, 8, 10, 11, 12, 13, 14, 16]
total successes of this branch: 5
Matrix on 15 elements:

0    0.00000000  1.80032195  1.19621866  1.41258993  1.21553479  1.53614756  1.07260585  1.62505620  1.62786431  1.62691358  1.57957856  1.38357432  1.65478850  0.38328468  1.65644429
1    1.80032195  0.00000000  1.16794949  1.51040617  1.44069153  1.79681218  1.23084971  1.47859374  1.58264270  1.54741523  1.67747722  1.40104706  1.67061387  1.44226428  1.67265139
2    1.19621866  1.16794949  0.00000000  0.91515740  0.83819741  1.19539819  0.63331322  1.17791866  1.18333330  1.18150009  1.18874803  0.90971227  1.18767970  0.83865282  1.18777063
3    1.41258993  1.51040617  0.91515740  0.00000000  1.02887777  1.34506464  0.58871246  1.47591111  1.36749672  1.40420218  1.37336160  0.67123932  1.00044073  1.05304034  0.98865975
4    1.21553479  1.44069153  0.83819741  1.02887777  0.00000000  1.24338677  0.72264272  1.36128963  1.33545832  1.34420393  1.29162718  1.04562767  1.32341403  0.85847749  1.32354692
5    1.53614756  1.79681218  1.19539819  1.34506464  1.24338677  0.00000000  0.94720812  1.70488837  1.63950738  1.66164318  1.25027766  1.36238201  1.63264338  1.17907342  1.63451996
6    1.07260585  1.23084971  0.63331322  0.58871246  0.72264272  0.94720812  0.00000000  1.17504475  0.98306090  1.04806016  0.99546522  0.67072035  0.93355824  0.71453680  0.93715498
7    1.62505620  1.47859374  1.17791866  1.47591111  1.36128963  1.70488837  1.17504475  0.00000000  1.35011349  1.25075138  1.48758652  1.24776000  1.52260347  1.26709439  1.52341828
8    1.62786431  1.58264270  1.18333330  1.36749672  1.33545832  1.63950738  0.98306090  1.35011349  0.00000000  1.15599656  1.40815033  1.14553493  1.15287174  1.26944442  1.21567307
10    1.62691358  1.54741523  1.18150009  1.40420218  1.34420393  1.66164318  1.04806016  1.25075138  1.15599656  0.00000000  1.28420557  1.02754982  1.38072893  1.26798325  1.36339185
11    1.57957856  1.67747722  1.18874803  1.37336160  1.29162718  1.25027766  0.99546522  1.48758652  1.40815033  1.28420557  0.00000000  1.20683549  1.51210381  1.22163661  1.50586859
12    1.38357432  1.40104706  0.90971227  0.67123932  1.04562767  1.36238201  0.67072035  1.24776000  1.14553493  1.02754982  1.20683549  0.00000000  1.06191170  1.02200905  0.90680669
13    1.65478850  1.67061387  1.18767970  1.00044073  1.32341403  1.63264338  0.93355824  1.52260347  1.15287174  1.38072893  1.51210381  1.06191170  0.00000000  1.29588646  0.82601125
14    0.38328468  1.44226428  0.83865282  1.05304034  0.85847749  1.17907342  0.71453680  1.26709439  1.26944442  1.26798325  1.22163661  1.02200905  1.29588646  0.00000000  1.29692513
16    1.65644429  1.67265139  1.18777063  0.98865975  1.32354692  1.63451996  0.93715498  1.52341828  1.21567307  1.36339185  1.50586859  0.90680669  0.82601125  1.29692513  0.00000000

--------------------------------------------------------------------------------
n=14
(result of R-step: (12,13:16)0.23171951)
V=[0, 1, 2, 3, 4, 5, 6, 7, 8, 10, 11, 12, 13, 14]
total successes of this branch: 5
Matrix on 14 elements:

0    0.00000000  1.80032195  1.19621866  1.41258993  1.21553479  1.53614756  1.07260585  1.62505620  1.62786431  1.62691358  1.57957856  1.32648105  1.31933538  0.38328468
1    1.80032195  0.00000000  1.16794949  1.51040617  1.44069153  1.79681218  1.23084971  1.47859374  1.58264270  1.54741523  1.67747722  1.34395379  1.33516075  1.44226428
2    1.19621866  1.16794949  0.00000000  0.91515740  0.83819741  1.19539819  0.63331322  1.17791866  1.18333330  1.18150009  1.18874803  0.85261900  0.85222658  0.83865282
3    1.41258993  1.51040617  0.91515740  0.00000000  1.02887777  1.34506464  0.58871246  1.47591111  1.36749672  1.40420218  1.37336160  0.61414605  0.66498761  1.05304034
4    1.21553479  1.44069153  0.83819741  1.02887777  0.00000000  1.24338677  0.72264272  1.36128963  1.33545832  1.34420393  1.29162718  0.98853440  0.98796091  0.85847749
5    1.53614756  1.79681218  1.19539819  1.34506464  1.24338677  0.00000000  0.94720812  1.70488837  1.63950738  1.66164318  1.25027766  1.30528874  1.29719026  1.17907342
6    1.07260585  1.23084971  0.63331322  0.58871246  0.72264272  0.94720812  0.00000000  1.17504475  0.98306090  1.04806016  0.99546522  0.61362708  0.59810512  0.71453680
7    1.62505620  1.47859374  1.17791866  1.47591111  1.36128963  1.70488837  1.17504475  0.00000000  1.35011349  1.25075138  1.48758652  1.19066673  1.18715035  1.26709439
8    1.62786431  1.58264270  1.18333330  1.36749672  1.33545832  1.63950738  0.98306090  1.35011349  0.00000000  1.15599656  1.40815033  1.08844166  0.81741862  1.26944442
10    1.62691358  1.54741523  1.18150009  1.40420218  1.34420393  1.66164318  1.04806016  1.25075138  1.15599656  0.00000000  1.28420557  0.97045655  1.04527581  1.26798325
11    1.57957856  1.67747722  1.18874803  1.37336160  1.29162718  1.25027766  0.99546522  1.48758652  1.40815033  1.28420557  0.00000000  1.14974222  1.17665069  1.22163661
12    1.32648105  1.34395379  0.85261900  0.61414605  0.98853440  1.30528874  0.61362708  1.19066673  1.08844166  0.97045655  1.14974222  0.00000000  0.66936531  0.96491578
13    1.31933538  1.33516075  0.85222658  0.66498761  0.98796091  1.29719026  0.59810512  1.18715035  0.81741862  1.04527581  1.17665069  0.66936531  0.00000000  0.96043334
14    0.38328468  1.44226428  0.83865282  1.05304034  0.85847749  1.17907342  0.71453680  1.26709439  1.26944442  1.26798325  1.22163661  0.96491578  0.96043334  0.00000000

--------------------------------------------------------------------------------
n=13
(result of R-step: (0,12:14)0.99563861)
V=[0, 1, 2, 3, 4, 5, 6, 7, 8, 10, 11, 12, 13]
total successes of this branch: 5
Matrix on 13 elements:

0    0.00000000  1.43193193  0.82782864  1.04419992  0.84714478  1.16775754  0.70421584  1.25666618  1.25947430  1.25852356  1.21118854  0.92515413  0.95094536
1    1.43193193  0.00000000  1.16794949  1.51040617  1.44069153  1.79681218  1.23084971  1.47859374  1.58264270  1.54741523  1.67747722  1.31101690  1.33516075
2    0.82782864  1.16794949  0.00000000  0.91515740  0.83819741  1.19539819  0.63331322  1.17791866  1.18333330  1.18150009  1.18874803  0.81968210  0.85222658
3    1.04419992  1.51040617  0.91515740  0.00000000  1.02887777  1.34506464  0.58871246  1.47591111  1.36749672  1.40420218  1.37336160  0.58120915  0.66498761
4    0.84714478  1.44069153  0.83819741  1.02887777  0.00000000  1.24338677  0.72264272  1.36128963  1.33545832  1.34420393  1.29162718  0.95559751  0.98796091
5    1.16775754  1.79681218  1.19539819  1.34506464  1.24338677  0.00000000  0.94720812  1.70488837  1.63950738  1.66164318  1.25027766  1.27235185  1.29719026
6    0.70421584  1.23084971  0.63331322  0.58871246  0.72264272  0.94720812  0.00000000  1.17504475  0.98306090  1.04806016  0.99546522  0.58069019  0.59810512
7    1.25666618  1.47859374  1.17791866  1.47591111  1.36128963  1.70488837  1.17504475  0.00000000  1.35011349  1.25075138  1.48758652  1.15772983  1.18715035
8    1.25947430  1.58264270  1.18333330  1.36749672  1.33545832  1.63950738  0.98306090  1.35011349  0.00000000  1.15599656  1.40815033  1.05550477  0.81741862
10    1.25852356  1.54741523  1.18150009  1.40420218  1.34420393  1.66164318  1.04806016  1.25075138  1.15599656  0.00000000  1.28420557  0.93751966  1.04527581
11    1.21118854  1.67747722  1.18874803  1.37336160  1.29162718  1.25027766  0.99546522  1.48758652  1.40815033  1.28420557  0.00000000  1.11680532  1.17665069
12    0.92515413  1.31101690  0.81968210  0.58120915  0.95559751  1.27235185  0.58069019  1.15772983  1.05550477  0.93751966  1.11680532  0.00000000  0.63642841
13    0.95094536  1.33516075  0.85222658  0.66498761  0.98796091  1.29719026  0.59810512  1.18715035  0.81741862  1.04527581  1.17665069  0.63642841  0.00000000

--------------------------------------------------------------------------------
n=12
(result of R-step: (3,8:13)0.42678903)
V=[0, 1, 2, 3, 4, 5, 6, 7, 8, 10, 11, 12]
total successes of this branch: 5
Matrix on 12 elements:

0    0.00000000  1.43193193  0.82782864  0.92965189  0.84714478  1.16775754  0.70421584  1.25666618  0.86656642  1.25852356  1.21118854  0.92515413
1    1.43193193  0.00000000  1.16794949  1.39585815  1.44069153  1.79681218  1.23084971  1.47859374  1.18973482  1.54741523  1.67747722  1.31101690
2    0.82782864  1.16794949  0.00000000  0.80060937  0.83819741  1.19539819  0.63331322  1.17791866  0.79042543  1.18150009  1.18874803  0.81968210
3    0.92965189  1.39585815  0.80060937  0.00000000  0.91432974  1.23051661  0.47416443  1.36136309  0.86004081  1.28965415  1.25881357  0.46666113
4    0.84714478  1.44069153  0.83819741  0.91432974  0.00000000  1.24338677  0.72264272  1.36128963  0.94255044  1.34420393  1.29162718  0.95559751
5    1.16775754  1.79681218  1.19539819  1.23051661  1.24338677  0.00000000  0.94720812  1.70488837  1.24659951  1.66164318  1.25027766  1.27235185
6    0.70421584  1.23084971  0.63331322  0.47416443  0.72264272  0.94720812  0.00000000  1.17504475  0.59015303  1.04806016  0.99546522  0.58069019
7    1.25666618  1.47859374  1.17791866  1.36136309  1.36128963  1.70488837  1.17504475  0.00000000  0.95720561  1.25075138  1.48758652  1.15772983
8    0.86656642  1.18973482  0.79042543  0.86004081  0.94255044  1.24659951  0.59015303  0.95720561  0.00000000  0.76308869  1.01524245  0.66259689
10    1.25852356  1.54741523  1.18150009  1.28965415  1.34420393  1.66164318  1.04806016  1.25075138  0.76308869  0.00000000  1.28420557  0.93751966
11    1.21118854  1.67747722  1.18874803  1.25881357  1.29162718  1.25027766  0.99546522  1.48758652  1.01524245  1.28420557  0.00000000  1.11680532
12    0.92515413  1.31101690  0.81968210  0.46666113  0.95559751  1.27235185  0.58069019  1.15772983  0.66259689  0.93751966  1.11680532  0.00000000

--------------------------------------------------------------------------------
n=11
(result of R-step: (3,10:12)0.54688731)
V=[0, 1, 2, 3, 4, 5, 6, 7, 8, 10, 11]
total successes of this branch: 5
Matrix on 11 elements:

0    0.00000000  1.43193193  0.82782864  0.89690643  0.84714478  1.16775754  0.70421584  1.25666618  0.86656642  0.83287023  1.21118854
1    1.43193193  0.00000000  1.16794949  1.36311269  1.44069153  1.79681218  1.23084971  1.47859374  1.18973482  1.12176189  1.67747722
2    0.82782864  1.16794949  0.00000000  0.76786391  0.83819741  1.19539819  0.63331322  1.17791866  0.79042543  0.75584675  1.18874803
3    0.89690643  1.36311269  0.76786391  0.00000000  0.88158428  1.19777115  0.44141897  1.32861763  0.82729536  0.83125536  1.22606812
4    0.84714478  1.44069153  0.83819741  0.88158428  0.00000000  1.24338677  0.72264272  1.36128963  0.94255044  0.91855060  1.29162718
5    1.16775754  1.79681218  1.19539819  1.19777115  1.24338677  0.00000000  0.94720812  1.70488837  1.24659951  1.23598985  1.25027766
6    0.70421584  1.23084971  0.63331322  0.44141897  0.72264272  0.94720812  0.00000000  1.17504475  0.59015303  0.62240683  0.99546522
7    1.25666618  1.47859374  1.17791866  1.32861763  1.36128963  1.70488837  1.17504475  0.00000000  0.95720561  0.82509804  1.48758652
8    0.86656642  1.18973482  0.79042543  0.82729536  0.94255044  1.24659951  0.59015303  0.95720561  0.00000000  0.33743535  1.01524245
10    0.83287023  1.12176189  0.75584675  0.83125536  0.91855060  1.23598985  0.62240683  0.82509804  0.33743535  0.00000000  0.85855223
11    1.21118854  1.67747722  1.18874803  1.22606812  1.29162718  1.25027766  0.99546522  1.48758652  1.01524245  0.85855223  0.00000000

--------------------------------------------------------------------------------
n=10
(result of R-step: (5,10:11)0.52150594)
V=[0, 1, 2, 3, 4, 5, 6, 7, 8, 10]
total successes of this branch: 5
Matrix on 10 elements:

0    0.00000000  1.43193193  0.82782864  0.89690643  0.84714478  0.73133752  0.70421584  1.25666618  0.86656642  0.82210354
1    1.43193193  0.00000000  1.16794949  1.36311269  1.44069153  1.36039216  1.23084971  1.47859374  1.18973482  1.11099520
2    0.82782864  1.16794949  0.00000000  0.76786391  0.83819741  0.75897817  0.63331322  1.17791866  0.79042543  0.74508007
3    0.89690643  1.36311269  0.76786391  0.00000000  0.88158428  0.76135113  0.44141897  1.32861763  0.82729536  0.82048867
4    0.84714478  1.44069153  0.83819741  0.88158428  0.00000000  0.80696675  0.72264272  1.36128963  0.94255044  0.90778391
5    0.73133752  1.36039216  0.75897817  0.76135113  0.80696675  0.00000000  0.51078809  1.26846835  0.81017948  0.78880314
6    0.70421584  1.23084971  0.63331322  0.44141897  0.72264272  0.51078809  0.00000000  1.17504475  0.59015303  0.61164014
7    1.25666618  1.47859374  1.17791866  1.32861763  1.36128963  1.26846835  1.17504475  0.00000000  0.95720561  0.81433136
8    0.86656642  1.18973482  0.79042543  0.82729536  0.94255044  0.81017948  0.59015303  0.95720561  0.00000000  0.32666866
10    0.82210354  1.11099520  0.74508007  0.82048867  0.90778391  0.78880314  0.61164014  0.81433136  0.32666866  0.00000000

--------------------------------------------------------------------------------
n=9
(result of R-step: (7,8:10)0.33856630)
V=[0, 1, 2, 3, 4, 5, 6, 7, 8]
total successes of this branch: 5
Matrix on 9 elements:

0    0.00000000  1.43193193  0.82782864  0.89690643  0.84714478  0.73133752  0.70421584  0.72834896  0.73115707
1    1.43193193  0.00000000  1.16794949  1.36311269  1.44069153  1.36039216  1.23084971  0.95027651  1.05432547
2    0.82782864  1.16794949  0.00000000  0.76786391  0.83819741  0.75897817  0.63331322  0.64960143  0.65501608
3    0.89690643  1.36311269  0.76786391  0.00000000  0.88158428  0.76135113  0.44141897  0.80030041  0.69188601
4    0.84714478  1.44069153  0.83819741  0.88158428  0.00000000  0.80696675  0.72264272  0.83297240  0.80714109
5    0.73133752  1.36039216  0.75897817  0.76135113  0.80696675  0.00000000  0.51078809  0.74015112  0.67477014
6    0.70421584  1.23084971  0.63331322  0.44141897  0.72264272  0.51078809  0.00000000  0.64672753  0.45474368
7    0.72834896  0.95027651  0.64960143  0.80030041  0.83297240  0.74015112  0.64672753  0.00000000  0.29347904
8    0.73115707  1.05432547  0.65501608  0.69188601  0.80714109  0.67477014  0.45474368  0.29347904  0.00000000

--------------------------------------------------------------------------------
n=8
(result of R-step: (6,7:8)0.33225713)
V=[0, 1, 2, 3, 4, 5, 6, 7]
total successes of this branch: 5
Matrix on 8 elements:

0    0.00000000  1.43193193  0.82782864  0.89690643  0.84714478  0.73133752  0.68605299  0.67760136
1    1.43193193  0.00000000  1.16794949  1.36311269  1.44069153  1.36039216  1.21268687  0.89952891
2    0.82782864  1.16794949  0.00000000  0.76786391  0.83819741  0.75897817  0.61515038  0.59885384
3    0.89690643  1.36311269  0.76786391  0.00000000  0.88158428  0.76135113  0.42325613  0.74955281
4    0.84714478  1.44069153  0.83819741  0.88158428  0.00000000  0.80696675  0.70447987  0.78222481
5    0.73133752  1.36039216  0.75897817  0.76135113  0.80696675  0.00000000  0.49262525  0.68940353
6    0.68605299  1.21268687  0.61515038  0.42325613  0.70447987  0.49262525  0.00000000  0.57781709
7    0.67760136  0.89952891  0.59885384  0.74955281  0.78222481  0.68940353  0.57781709  0.00000000

--------------------------------------------------------------------------------
n=7
(result of R-step: (0,1:7)0.35265167)
V=[0, 1, 2, 3, 4, 5, 6]
total successes of this branch: 5
Matrix on 7 elements:

0    0.00000000  0.49699396  0.54455466  0.61363246  0.56387080  0.44806354  0.40277902
1    0.49699396  0.00000000  0.51628550  0.71144870  0.78902753  0.70872817  0.56102287
2    0.54455466  0.51628550  0.00000000  0.76786391  0.83819741  0.75897817  0.61515038
3    0.61363246  0.71144870  0.76786391  0.00000000  0.88158428  0.76135113  0.42325613
4    0.56387080  0.78902753  0.83819741  0.88158428  0.00000000  0.80696675  0.70447987
5    0.44806354  0.70872817  0.75897817  0.76135113  0.80696675  0.00000000  0.49262525
6    0.40277902  0.56102287  0.61515038  0.42325613  0.70447987  0.49262525  0.00000000

--------------------------------------------------------------------------------
n=6
(result of R-step: (1,4:2)0.91424930)
V=[0, 1, 3, 4, 5, 6]
total successes of this branch: 0
Matrix on 6 elements:

0    0.00000000  0.27451642  0.61363246  0.12653577  0.44806354  0.40277902
1    0.27451642  0.00000000  0.48897116  0.12921497  0.48625063  0.33854534
3    0.61363246  0.48897116  0.00000000  0.44424926  0.76135113  0.42325613
4    0.12653577  0.12921497  0.44424926  0.00000000  0.36963172  0.26714485
5    0.44806354  0.48625063  0.76135113  0.36963172  0.00000000  0.49262525
6    0.40277902  0.33854534  0.42325613  0.26714485  0.49262525  0.00000000
reason of abort: no pseudometric

--------------------------------------------------------------------------------
n=6
(result of R-step: (3,5:6)0.62893329)
V=[0, 1, 2, 3, 4, 5]
total successes of this branch: 5
Matrix on 6 elements:

0    0.00000000  0.49699396  0.54455466  0.38295585  0.56387080  0.22815362
1    0.49699396  0.00000000  0.51628550  0.48077209  0.78902753  0.48881824
2    0.54455466  0.51628550  0.00000000  0.53718730  0.83819741  0.53906824
3    0.38295585  0.48077209  0.53718730  0.00000000  0.65090767  0.31076460
4    0.56387080  0.78902753  0.83819741  0.65090767  0.00000000  0.58705682
5    0.22815362  0.48881824  0.53906824  0.31076460  0.58705682  0.00000000

--------------------------------------------------------------------------------
n=5
(result of R-step: (0,3:5)0.69628009)
V=[0, 1, 2, 3, 4]
total successes of this branch: 5
Matrix on 5 elements:

0    0.00000000  0.41434682  0.46190753  0.22232753  0.48122367
1    0.41434682  0.00000000  0.51628550  0.40279090  0.78902753
2    0.46190753  0.51628550  0.00000000  0.45920612  0.83819741
3    0.22232753  0.40279090  0.45920612  0.00000000  0.57292649
4    0.48122367  0.78902753  0.83819741  0.57292649  0.00000000

--------------------------------------------------------------------------------
n=4
(result of R-step: (0,1:2)0.05689737)
V=[0, 1, 3, 4]
total successes of this branch: 1
Matrix on 4 elements:

0    0.00000000  0.14935165  0.18319704  0.44209317
1    0.14935165  0.00000000  0.17692623  0.56316286
3    0.18319704  0.17692623  0.00000000  0.57292649
4    0.44209317  0.56316286  0.57292649  0.00000000

--------------------------------------------------------------------------------
n=4
(result of R-step: (0,1:3)0.62748782)
V=[0, 1, 2, 4]
total successes of this branch: 0
Matrix on 4 elements:

0    0.00000000  0.11940879  0.38944703  0.40876317
1    0.11940879  0.00000000  0.29380796  0.56655000
2    0.38944703  0.29380796  0.00000000  0.83819741
4    0.40876317  0.56655000  0.83819741  0.00000000
reason of abort: no pseudometric

--------------------------------------------------------------------------------
n=4
(result of R-step: (0,2:3)0.59511944)
V=[0, 1, 2, 4]
total successes of this branch: 0
Matrix on 4 elements:

0    0.00000000  0.34029525  0.09499814  0.40717210
1    0.34029525  0.00000000  0.22342768  0.78902753
2    0.09499814  0.22342768  0.00000000  0.54533959
4    0.40717210  0.78902753  0.54533959  0.00000000
reason of abort: no pseudometric

--------------------------------------------------------------------------------
n=4
(result of R-step: (0,3:4)0.81826551)
V=[0, 1, 2, 3]
total successes of this branch: 1
Matrix on 4 elements:

0    0.00000000  0.37521633  0.42277704  0.14406654
1    0.37521633  0.00000000  0.51628550  0.36366041
2    0.42277704  0.51628550  0.00000000  0.42007563
3    0.14406654  0.36366041  0.42007563  0.00000000

--------------------------------------------------------------------------------
n=4
(result of R-step: (1,4:0)0.16926830)
V=[1, 2, 3, 4]
total successes of this branch: 0
Matrix on 4 elements:

1    0.00000000  0.27797438  0.16447978  0.14777843
2    0.27797438  0.00000000  0.45920612  0.43525943
3    0.16447978  0.45920612  0.00000000  0.16998850
4    0.14777843  0.43525943  0.16998850  0.00000000
reason of abort: no pseudometric

--------------------------------------------------------------------------------
n=4
(result of R-step: (1,4:2)0.91424930)
V=[0, 1, 3, 4]
total successes of this branch: 0
Matrix on 4 elements:

0    0.00000000  0.19186929  0.22232753  0.04388864
1    0.19186929  0.00000000  0.18031337  0.12921497
3    0.22232753  0.18031337  0.00000000  0.13559146
4    0.04388864  0.12921497  0.13559146  0.00000000
reason of abort: no pseudometric

--------------------------------------------------------------------------------
n=4
(result of R-step: (1,4:3)0.47089663)
V=[0, 1, 2, 4]
total successes of this branch: 1
Matrix on 4 elements:

0    0.00000000  0.18848214  0.46190753  0.07602861
1    0.18848214  0.00000000  0.29042082  0.15796780
2    0.46190753  0.29042082  0.00000000  0.43300235
4    0.07602861  0.15796780  0.43300235  0.00000000

--------------------------------------------------------------------------------
n=4
(result of R-step: (2,3:1)0.93736427)
V=[0, 2, 3, 4]
total successes of this branch: 1
Matrix on 4 elements:

0    0.00000000  0.18449285  0.18319704  0.48122367
2    0.18449285  0.00000000  0.14266094  0.56078273
3    0.18319704  0.14266094  0.00000000  0.53379600
4    0.48122367  0.56078273  0.53379600  0.00000000

--------------------------------------------------------------------------------
n=4
(result of R-step: (2,4:0)0.15143692)
V=[1, 2, 3, 4]
total successes of this branch: 1
Matrix on 4 elements:

1    0.00000000  0.23887081  0.40279090  0.38383248
2    0.23887081  0.00000000  0.18179144  0.15558767
3    0.40279090  0.18179144  0.00000000  0.16773143
4    0.38383248  0.15558767  0.16773143  0.00000000

--------------------------------------------------------------------------------
n=4
(result of R-step: (2,4:3)0.50247624)
V=[0, 1, 2, 4]
total successes of this branch: 0
Matrix on 4 elements:

0    0.00000000  0.41434682  0.17197021  0.07828568
1    0.41434682  0.00000000  0.22634818  0.38608955
2    0.17197021  0.22634818  0.00000000  0.14532210
4    0.07828568  0.38608955  0.14532210  0.00000000
reason of abort: no pseudometric
