n=20
V=[0, 1, 2, 3, 4, 5, 6, 7, 8, 9, 10, 11, 12, 13, 14, 15, 16, 17, 18, 19]
total successes of this branch: 3
Matrix on 20 elements:

0    0.00000000  1.57352342  1.47373237  1.32608178  1.36768372  1.38744379  1.34559027  1.38096368  1.32674791  1.43244753  1.37431432  1.41142686  1.53407794  1.44167457  1.38210894  1.38804746  1.34603381  1.37633567  1.33588647  1.37927364
1    1.57352342  0.00000000  1.40487862  1.51473033  1.45444091  1.42100506  1.48493276  1.47389831  1.43812209  1.16754230  1.26397696  1.22135298  0.68301257  1.31044991  1.32213459  1.30172068  1.44581030  1.26165542  1.49975450  1.43188618
2    1.47373237  1.40487862  0.00000000  1.46051334  1.21893102  1.23678150  1.38938349  1.29309354  1.26337433  1.43659809  1.29064953  1.40214878  1.40421432  0.93361027  1.42219830  1.41813715  1.24243596  1.29672240  1.42476449  1.17423841
3    1.32608178  1.51473033  1.46051334  0.00000000  1.42100583  1.43000314  1.14453387  1.17751816  1.41834012  1.05424512  1.43691950  1.12665334  1.42029351  1.28873371  0.80084507  0.86683946  1.41959600  1.42002068  0.29454136  1.40028674
4    1.36768372  1.45444091  1.21893102  1.42100583  0.00000000  1.13957715  1.33153274  1.34589438  1.16517740  1.43537830  1.22093344  1.38164297  1.43672585  1.30265054  1.39516498  1.39242602  0.69652313  1.22968657  1.37603793  0.21085696
5    1.38744379  1.42100506  1.23678150  1.43000314  1.13957715  0.00000000  1.29694206  1.35818242  0.90731940  1.42613521  1.00633321  1.32295739  1.39714559  1.28112123  1.35972998  1.35228147  1.01674193  1.02357832  1.21407161  1.16174860
6    1.34559027  1.48493276  1.38938349  1.14453387  1.33153274  1.29694206  0.00000000  1.23554477  1.30240181  1.29085842  1.33758497  1.29315407  1.43826427  1.33987096  1.24209974  1.25244110  1.31612613  1.33516502  1.16888631  1.33283884
7    1.38096368  1.47389831  1.29309354  1.17751816  1.34589438  1.35818242  1.23554477  0.00000000  1.36073914  1.30492072  1.38255077  1.31602143  1.43547967  1.30489054  1.26844249  1.27807989  1.35374540  1.37892721  1.20638548  1.33947154
8    1.32674791  1.43812209  1.26337433  1.41834012  1.16517740  0.90731940  1.30240181  1.36073914  0.00000000  1.42684363  0.70879867  1.24713274  1.39164568  1.25501761  1.30594626  1.29403324  0.63907685  0.73811934  1.33668699  1.17924996
9    1.43244753  1.16754230  1.43659809  1.05424512  1.43537830  1.42613521  1.29085842  1.30492072  1.42684363  0.00000000  1.37686285  0.70290239  1.05447424  1.05909261  0.82359639  0.79914911  1.43086453  1.34015522  1.11366735  1.37643696
10    1.37431432  1.26397696  1.29064953  1.43691950  1.22093344  1.00633321  1.33758497  1.38255077  0.70879867  1.37686285  0.00000000  1.24400375  1.25911657  1.26664907  1.31027458  1.29685103  0.95007837  0.21019416  1.36811854  1.22809433
11    1.41142686  1.22135298  1.40214878  1.12665334  1.38164297  1.32295739  1.29315407  1.31602143  1.24713274  0.70290239  1.24400375  0.00000000  1.04821878  0.90557183  0.50402701  0.43690724  1.31050393  1.18445328  1.15801966  1.30707125
12    1.53407794  0.68301257  1.40421432  1.42029351  1.43672585  1.39714559  1.43826427  1.43547967  1.39164568  1.05447424  1.25911657  1.04821878  0.00000000  1.22104538  1.17603468  1.15014482  1.41288409  1.24762990  1.41659484  1.40294169
13    1.44167457  1.31044991  0.93361027  1.28873371  1.30265054  1.28112123  1.33987096  1.30489054  1.25501761  1.05909261  1.26664907  0.90557183  1.22104538  0.00000000  1.03719641  1.01053508  1.27745870  1.24698279  1.28751735  1.09986835
14    1.38210894  1.32213459  1.42219830  0.80084507  1.39516498  1.35972998  1.24209974  1.26844249  1.30594626  0.82359639  1.31027458  0.50402701  1.17603468  1.03719641  0.00000000  0.23978257  1.34797947  1.26636185  0.89014614  1.33909283
15    1.38804746  1.30172068  1.41813715  0.86683946  1.39242602  1.35228147  1.25244110  1.27807989  1.29403324  0.79914911  1.29685103  0.43690724  1.15014482  1.01053508  0.23978257  0.00000000  1.34038858  1.25001371  0.94440550  1.33260667
16    1.34603381  1.44581030  1.24243596  1.41959600  0.69652313  1.01674193  1.31612613  1.35374540  0.63907685  1.43086453  0.95007837  1.31050393  1.41288409  1.27745870  1.34797947  1.34038858  0.00000000  0.96970915  1.35522622  0.78752081
17    1.37633567  1.26165542  1.29672240  1.42002068  1.22968657  1.02357832  1.33516502  1.37892721  0.73811934  1.34015522  0.21019416  1.18445328  1.24762990  1.24698279  1.26636185  1.25001371  0.96970915  0.00000000  1.35667538  1.23239585
18    1.33588647  1.49975450  1.42476449  0.29454136  1.37603793  1.21407161  1.16888631  1.20638548  1.33668699  1.11366735  1.36811854  1.15801966  1.41659484  1.28751735  0.89014614  0.94440550  1.35522622  1.35667538  0.00000000  1.36217207
19    1.37927364  1.43188618  1.17423841  1.40028674  0.21085696  1.16174860  1.33283884  1.33947154  1.17924996  1.37643696  1.22809433  1.30707125  1.40294169  1.09986835  1.33909283  1.33260667  0.78752081  1.23239585  1.36217207  0.00000000

--------------------------------------------------------------------------------
n=19
(result of R-step: (3,5:18)0.84021563)
V=[0, 1, 2, 3, 4, 5, 6, 7, 8, 9, 10, 11, 12, 13, 14, 15, 16, 17, 19]
total successes of this branch: 3
Matrix on 19 elements:

0    0.00000000  1.57352342  1.47373237  1.28677686  1.36768372  1.34813888  1.34559027  1.38096368  1.32674791  1.43244753  1.37431432  1.41142686  1.53407794  1.44167457  1.38210894  1.38804746  1.34603381  1.37633567  1.37927364
1    1.57352342  0.00000000  1.40487862  1.47542542  1.45444091  1.38170014  1.48493276  1.47389831  1.43812209  1.16754230  1.26397696  1.22135298  0.68301257  1.31044991  1.32213459  1.30172068  1.44581030  1.26165542  1.43188618
2    1.47373237  1.40487862  0.00000000  1.42120843  1.21893102  1.19747659  1.38938349  1.29309354  1.26337433  1.43659809  1.29064953  1.40214878  1.40421432  0.93361027  1.42219830  1.41813715  1.24243596  1.29672240  1.17423841
3    1.28677686  1.47542542  1.42120843  0.00000000  1.38170092  1.35139331  1.10522895  1.13821324  1.37903520  1.01494021  1.39761458  1.08734842  1.38098860  1.24942879  0.76154016  0.82753454  1.38029109  1.38071576  1.36098183
4    1.36768372  1.45444091  1.21893102  1.38170092  0.00000000  1.10027224  1.33153274  1.34589438  1.16517740  1.43537830  1.22093344  1.38164297  1.43672585  1.30265054  1.39516498  1.39242602  0.69652313  1.22968657  0.21085696
5    1.34813888  1.38170014  1.19747659  1.35139331  1.10027224  0.00000000  1.25763714  1.31887751  0.86801449  1.38683029  0.96702829  1.28365248  1.35784068  1.24181632  1.32042506  1.31297656  0.97743702  0.98427341  1.12244369
6    1.34559027  1.48493276  1.38938349  1.10522895  1.33153274  1.25763714  0.00000000  1.23554477  1.30240181  1.29085842  1.33758497  1.29315407  1.43826427  1.33987096  1.24209974  1.25244110  1.31612613  1.33516502  1.33283884
7    1.38096368  1.47389831  1.29309354  1.13821324  1.34589438  1.31887751  1.23554477  0.00000000  1.36073914  1.30492072  1.38255077  1.31602143  1.43547967  1.30489054  1.26844249  1.27807989  1.35374540  1.37892721  1.33947154
8    1.32674791  1.43812209  1.26337433  1.37903520  1.16517740  0.86801449  1.30240181  1.36073914  0.00000000  1.42684363  0.70879867  1.24713274  1.39164568  1.25501761  1.30594626  1.29403324  0.63907685  0.73811934  1.17924996
9    1.43244753  1.16754230  1.43659809  1.01494021  1.43537830  1.38683029  1.29085842  1.30492072  1.42684363  0.00000000  1.37686285  0.70290239  1.05447424  1.05909261  0.82359639  0.79914911  1.43086453  1.34015522  1.37643696
10    1.37431432  1.26397696  1.29064953  1.39761458  1.22093344  0.96702829  1.33758497  1.38255077  0.70879867  1.37686285  0.00000000  1.24400375  1.25911657  1.26664907  1.31027458  1.29685103  0.95007837  0.21019416  1.22809433
11    1.41142686  1.22135298  1.40214878  1.08734842  1.38164297  1.28365248  1.29315407  1.31602143  1.24713274  0.70290239  1.24400375  0.00000000  1.04821878  0.90557183  0.50402701  0.43690724  1.31050393  1.18445328  1.30707125
12    1.53407794  0.68301257  1.40421432  1.38098860  1.43672585  1.35784068  1.43826427  1.43547967  1.39164568  1.05447424  1.25911657  1.04821878  0.00000000  1.22104538  1.17603468  1.15014482  1.41288409  1.24762990  1.40294169
13    1.44167457  1.31044991  0.93361027  1.24942879  1.30265054  1.24181632  1.33987096  1.30489054  1.25501761  1.05909261  1.26664907  0.90557183  1.22104538  0.00000000  1.03719641  1.01053508  1.27745870  1.24698279  1.09986835
14    1.38210894  1.32213459  1.42219830  0.76154016  1.39516498  1.32042506  1.24209974  1.26844249  1.30594626  0.82359639  1.31027458  0.50402701  1.17603468  1.03719641  0.00000000  0.23978257  1.34797947  1.26636185  1.33909283
15    1.38804746  1.30172068  1.41813715  0.82753454  1.39242602  1.31297656  1.25244110  1.27807989  1.29403324  0.79914911  1.29685103  0.43690724  1.15014482  1.01053508  0.23978257  0.00000000  1.34038858  1.25001371  1.33260667
16    1.34603381  1.44581030  1.24243596  1.38029109  0.69652313  0.97743702  1.31612613  1.35374540  0.63907685  1.43086453  0.95007837  1.31050393  1.41288409  1.27745870  1.34797947  1.34038858  0.00000000  0.96970915  0.78752081
17    1.37633567  1.26165542  1.29672240  1.38071576  1.22968657  0.98427341  1.33516502  1.37892721  0.73811934  1.34015522  0.21019416  1.18445328  1.24762990  1.24698279  1.26636185  1.25001371  0.96970915  0.00000000  1.23239585
19    1.37927364  1.43188618  1.17423841  1.36098183  0.21085696  1.12244369  1.33283884  1.33947154  1.17924996  1.37643696  1.22809433  1.30707125  1.40294169  1.09986835  1.33909283  1.33260667  0.78752081  1.23239585  0.00000000

--------------------------------------------------------------------------------
n=18
(result of R-step: (4,13:19)0.84336012)
V=[0, 1, 2, 3, 4, 5, 6, 7, 8, 9, 10, 11, 12, 13, 14, 15, 16, 17]
total successes of this branch: 3
Matrix on 18 elements:

0    0.00000000  1.57352342  1.47373237  1.28677686  1.36364634  1.34813888  1.34559027  1.38096368  1.32674791  1.43244753  1.37431432  1.41142686  1.53407794  1.43763719  1.38210894  1.38804746  1.34603381  1.37633567
1    1.57352342  0.00000000  1.40487862  1.47542542  1.45040353  1.38170014  1.48493276  1.47389831  1.43812209  1.16754230  1.26397696  1.22135298  0.68301257  1.30641253  1.32213459  1.30172068  1.44581030  1.26165542
2    1.47373237  1.40487862  0.00000000  1.42120843  1.21489364  1.19747659  1.38938349  1.29309354  1.26337433  1.43659809  1.29064953  1.40214878  1.40421432  0.92957289  1.42219830  1.41813715  1.24243596  1.29672240
3    1.28677686  1.47542542  1.42120843  0.00000000  1.37766353  1.35139331  1.10522895  1.13821324  1.37903520  1.01494021  1.39761458  1.08734842  1.38098860  1.24539141  0.76154016  0.82753454  1.38029109  1.38071576
4    1.36364634  1.45040353  1.21489364  1.37766353  0.00000000  1.09623486  1.32749536  1.34185699  1.16114001  1.43134092  1.21689606  1.37760559  1.43268847  1.29457578  1.39112760  1.38838864  0.69248575  1.22564919
5    1.34813888  1.38170014  1.19747659  1.35139331  1.09623486  0.00000000  1.25763714  1.31887751  0.86801449  1.38683029  0.96702829  1.28365248  1.35784068  1.23777894  1.32042506  1.31297656  0.97743702  0.98427341
6    1.34559027  1.48493276  1.38938349  1.10522895  1.32749536  1.25763714  0.00000000  1.23554477  1.30240181  1.29085842  1.33758497  1.29315407  1.43826427  1.33583358  1.24209974  1.25244110  1.31612613  1.33516502
7    1.38096368  1.47389831  1.29309354  1.13821324  1.34185699  1.31887751  1.23554477  0.00000000  1.36073914  1.30492072  1.38255077  1.31602143  1.43547967  1.30085315  1.26844249  1.27807989  1.35374540  1.37892721
8    1.32674791  1.43812209  1.26337433  1.37903520  1.16114001  0.86801449  1.30240181  1.36073914  0.00000000  1.42684363  0.70879867  1.24713274  1.39164568  1.25098023  1.30594626  1.29403324  0.63907685  0.73811934
9    1.43244753  1.16754230  1.43659809  1.01494021  1.43134092  1.38683029  1.29085842  1.30492072  1.42684363  0.00000000  1.37686285  0.70290239  1.05447424  1.05505523  0.82359639  0.79914911  1.43086453  1.34015522
10    1.37431432  1.26397696  1.29064953  1.39761458  1.21689606  0.96702829  1.33758497  1.38255077  0.70879867  1.37686285  0.00000000  1.24400375  1.25911657  1.26261168  1.31027458  1.29685103  0.95007837  0.21019416
11    1.41142686  1.22135298  1.40214878  1.08734842  1.37760559  1.28365248  1.29315407  1.31602143  1.24713274  0.70290239  1.24400375  0.00000000  1.04821878  0.90153445  0.50402701  0.43690724  1.31050393  1.18445328
12    1.53407794  0.68301257  1.40421432  1.38098860  1.43268847  1.35784068  1.43826427  1.43547967  1.39164568  1.05447424  1.25911657  1.04821878  0.00000000  1.21700800  1.17603468  1.15014482  1.41288409  1.24762990
13    1.43763719  1.30641253  0.92957289  1.24539141  1.29457578  1.23777894  1.33583358  1.30085315  1.25098023  1.05505523  1.26261168  0.90153445  1.21700800  0.00000000  1.03315903  1.00649769  1.27342131  1.24294541
14    1.38210894  1.32213459  1.42219830  0.76154016  1.39112760  1.32042506  1.24209974  1.26844249  1.30594626  0.82359639  1.31027458  0.50402701  1.17603468  1.03315903  0.00000000  0.23978257  1.34797947  1.26636185
15    1.38804746  1.30172068  1.41813715  0.82753454  1.38838864  1.31297656  1.25244110  1.27807989  1.29403324  0.79914911  1.29685103  0.43690724  1.15014482  1.00649769  0.23978257  0.00000000  1.34038858  1.25001371
16    1.34603381  1.44581030  1.24243596  1.38029109  0.69248575  0.97743702  1.31612613  1.35374540  0.63907685  1.43086453  0.95007837  1.31050393  1.41288409  1.27342131  1.34797947  1.34038858  0.00000000  0.96970915
17    1.37633567  1.26165542  1.29672240  1.38071576  1.22564919  0.98427341  1.33516502  1.37892721  0.73811934  1.34015522  0.21019416  1.18445328  1.24762990  1.24294541  1.26636185  1.25001371  0.96970915  0.00000000

--------------------------------------------------------------------------------
n=17
(result of R-step: (4,8:16)0.47112540)
V=[0, 1, 2, 3, 4, 5, 6, 7, 8, 9, 10, 11, 12, 13, 14, 15, 17]
total successes of this branch: 3
Matrix on 17 elements:

0    0.00000000  1.57352342  1.47373237  1.28677686  1.28247243  1.34813888  1.34559027  1.38096368  1.24153662  1.43244753  1.37431432  1.41142686  1.53407794  1.43763719  1.38210894  1.38804746  1.37633567
1    1.57352342  0.00000000  1.40487862  1.47542542  1.36922962  1.38170014  1.48493276  1.47389831  1.35291080  1.16754230  1.26397696  1.22135298  0.68301257  1.30641253  1.32213459  1.30172068  1.26165542
2    1.47373237  1.40487862  0.00000000  1.42120843  1.13371973  1.19747659  1.38938349  1.29309354  1.17816304  1.43659809  1.29064953  1.40214878  1.40421432  0.92957289  1.42219830  1.41813715  1.29672240
3    1.28677686  1.47542542  1.42120843  0.00000000  1.29648963  1.35139331  1.10522895  1.13821324  1.29382391  1.01494021  1.39761458  1.08734842  1.38098860  1.24539141  0.76154016  0.82753454  1.38071576
4    1.28247243  1.36922962  1.13371973  1.29648963  0.00000000  1.01506095  1.24632145  1.26068309  0.99475481  1.35016701  1.13572215  1.29643168  1.35151456  1.21340187  1.30995369  1.30721473  1.14447528
5    1.34813888  1.38170014  1.19747659  1.35139331  1.01506095  0.00000000  1.25763714  1.31887751  0.78280320  1.38683029  0.96702829  1.28365248  1.35784068  1.23777894  1.32042506  1.31297656  0.98427341
6    1.34559027  1.48493276  1.38938349  1.10522895  1.24632145  1.25763714  0.00000000  1.23554477  1.21719052  1.29085842  1.33758497  1.29315407  1.43826427  1.33583358  1.24209974  1.25244110  1.33516502
7    1.38096368  1.47389831  1.29309354  1.13821324  1.26068309  1.31887751  1.23554477  0.00000000  1.27552785  1.30492072  1.38255077  1.31602143  1.43547967  1.30085315  1.26844249  1.27807989  1.37892721
8    1.24153662  1.35291080  1.17816304  1.29382391  0.99475481  0.78280320  1.21719052  1.27552785  0.00000000  1.34163234  0.62358738  1.16192145  1.30643438  1.16576894  1.22073497  1.20882195  0.65290805
9    1.43244753  1.16754230  1.43659809  1.01494021  1.35016701  1.38683029  1.29085842  1.30492072  1.34163234  0.00000000  1.37686285  0.70290239  1.05447424  1.05505523  0.82359639  0.79914911  1.34015522
10    1.37431432  1.26397696  1.29064953  1.39761458  1.13572215  0.96702829  1.33758497  1.38255077  0.62358738  1.37686285  0.00000000  1.24400375  1.25911657  1.26261168  1.31027458  1.29685103  0.21019416
11    1.41142686  1.22135298  1.40214878  1.08734842  1.29643168  1.28365248  1.29315407  1.31602143  1.16192145  0.70290239  1.24400375  0.00000000  1.04821878  0.90153445  0.50402701  0.43690724  1.18445328
12    1.53407794  0.68301257  1.40421432  1.38098860  1.35151456  1.35784068  1.43826427  1.43547967  1.30643438  1.05447424  1.25911657  1.04821878  0.00000000  1.21700800  1.17603468  1.15014482  1.24762990
13    1.43763719  1.30641253  0.92957289  1.24539141  1.21340187  1.23777894  1.33583358  1.30085315  1.16576894  1.05505523  1.26261168  0.90153445  1.21700800  0.00000000  1.03315903  1.00649769  1.24294541
14    1.38210894  1.32213459  1.42219830  0.76154016  1.30995369  1.32042506  1.24209974  1.26844249  1.22073497  0.82359639  1.31027458  0.50402701  1.17603468  1.03315903  0.00000000  0.23978257  1.26636185
15    1.38804746  1.30172068  1.41813715  0.82753454  1.30721473  1.31297656  1.25244110  1.27807989  1.20882195  0.79914911  1.29685103  0.43690724  1.15014482  1.00649769  0.23978257  0.00000000  1.25001371
17    1.37633567  1.26165542  1.29672240  1.38071576  1.14447528  0.98427341  1.33516502  1.37892721  0.65290805  1.34015522  0.21019416  1.18445328  1.24762990  1.24294541  1.26636185  1.25001371  0.00000000

--------------------------------------------------------------------------------
n=16
(result of R-step: (10,11:17)0.94553444)
V=[0, 1, 2, 3, 4, 5, 6, 7, 8, 9, 10, 11, 12, 13, 14, 15]
total successes of this branch: 3
Matrix on 16 elements:

0    0.00000000  1.57352342  1.47373237  1.28677686  1.28247243  1.34813888  1.34559027  1.38096368  1.24153662  1.43244753  1.29899247  1.33610502  1.53407794  1.43763719  1.38210894  1.38804746
1    1.57352342  0.00000000  1.40487862  1.47542542  1.36922962  1.38170014  1.48493276  1.47389831  1.35291080  1.16754230  1.18865511  1.14603114  0.68301257  1.30641253  1.32213459  1.30172068
2    1.47373237  1.40487862  0.00000000  1.42120843  1.13371973  1.19747659  1.38938349  1.29309354  1.17816304  1.43659809  1.21532768  1.32682693  1.40421432  0.92957289  1.42219830  1.41813715
3    1.28677686  1.47542542  1.42120843  0.00000000  1.29648963  1.35139331  1.10522895  1.13821324  1.29382391  1.01494021  1.32229274  1.01202658  1.38098860  1.24539141  0.76154016  0.82753454
4    1.28247243  1.36922962  1.13371973  1.29648963  0.00000000  1.01506095  1.24632145  1.26068309  0.99475481  1.35016701  1.06040030  1.22110983  1.35151456  1.21340187  1.30995369  1.30721473
5    1.34813888  1.38170014  1.19747659  1.35139331  1.01506095  0.00000000  1.25763714  1.31887751  0.78280320  1.38683029  0.89170645  1.20833063  1.35784068  1.23777894  1.32042506  1.31297656
6    1.34559027  1.48493276  1.38938349  1.10522895  1.24632145  1.25763714  0.00000000  1.23554477  1.21719052  1.29085842  1.26226312  1.21783223  1.43826427  1.33583358  1.24209974  1.25244110
7    1.38096368  1.47389831  1.29309354  1.13821324  1.26068309  1.31887751  1.23554477  0.00000000  1.27552785  1.30492072  1.30722893  1.24069959  1.43547967  1.30085315  1.26844249  1.27807989
8    1.24153662  1.35291080  1.17816304  1.29382391  0.99475481  0.78280320  1.21719052  1.27552785  0.00000000  1.34163234  0.54826553  1.08659961  1.30643438  1.16576894  1.22073497  1.20882195
9    1.43244753  1.16754230  1.43659809  1.01494021  1.35016701  1.38683029  1.29085842  1.30492072  1.34163234  0.00000000  1.30154101  0.62758054  1.05447424  1.05505523  0.82359639  0.79914911
10    1.29899247  1.18865511  1.21532768  1.32229274  1.06040030  0.89170645  1.26226312  1.30722893  0.54826553  1.30154101  0.00000000  1.09336006  1.18379472  1.18728984  1.23495273  1.22152919
11    1.33610502  1.14603114  1.32682693  1.01202658  1.22110983  1.20833063  1.21783223  1.24069959  1.08659961  0.62758054  1.09336006  0.00000000  0.97289694  0.82621260  0.42870517  0.36158539
12    1.53407794  0.68301257  1.40421432  1.38098860  1.35151456  1.35784068  1.43826427  1.43547967  1.30643438  1.05447424  1.18379472  0.97289694  0.00000000  1.21700800  1.17603468  1.15014482
13    1.43763719  1.30641253  0.92957289  1.24539141  1.21340187  1.23777894  1.33583358  1.30085315  1.16576894  1.05505523  1.18728984  0.82621260  1.21700800  0.00000000  1.03315903  1.00649769
14    1.38210894  1.32213459  1.42219830  0.76154016  1.30995369  1.32042506  1.24209974  1.26844249  1.22073497  0.82359639  1.23495273  0.42870517  1.17603468  1.03315903  0.00000000  0.23978257
15    1.38804746  1.30172068  1.41813715  0.82753454  1.30721473  1.31297656  1.25244110  1.27807989  1.20882195  0.79914911  1.22152919  0.36158539  1.15014482  1.00649769  0.23978257  0.00000000

--------------------------------------------------------------------------------
n=15
(result of R-step: (11,14:15)0.20255590)
V=[0, 1, 2, 3, 4, 5, 6, 7, 8, 9, 10, 11, 12, 13, 14]
total successes of this branch: 3
Matrix on 15 elements:

0    0.00000000  1.57352342  1.47373237  1.28677686  1.28247243  1.34813888  1.34559027  1.38096368  1.24153662  1.43244753  1.29899247  1.32509547  1.53407794  1.43763719  1.29577754
1    1.57352342  0.00000000  1.40487862  1.47542542  1.36922962  1.38170014  1.48493276  1.47389831  1.35291080  1.16754230  1.18865511  1.13502159  0.68301257  1.30641253  1.23580320
2    1.47373237  1.40487862  0.00000000  1.42120843  1.13371973  1.19747659  1.38938349  1.29309354  1.17816304  1.43659809  1.21532768  1.31581738  1.40421432  0.92957289  1.33586690
3    1.28677686  1.47542542  1.42120843  0.00000000  1.29648963  1.35139331  1.10522895  1.13821324  1.29382391  1.01494021  1.32229274  1.00101702  1.38098860  1.24539141  0.67520876
4    1.28247243  1.36922962  1.13371973  1.29648963  0.00000000  1.01506095  1.24632145  1.26068309  0.99475481  1.35016701  1.06040030  1.21010028  1.35151456  1.21340187  1.22362230
5    1.34813888  1.38170014  1.19747659  1.35139331  1.01506095  0.00000000  1.25763714  1.31887751  0.78280320  1.38683029  0.89170645  1.19732108  1.35784068  1.23777894  1.23409366
6    1.34559027  1.48493276  1.38938349  1.10522895  1.24632145  1.25763714  0.00000000  1.23554477  1.21719052  1.29085842  1.26226312  1.20682267  1.43826427  1.33583358  1.15576835
7    1.38096368  1.47389831  1.29309354  1.13821324  1.26068309  1.31887751  1.23554477  0.00000000  1.27552785  1.30492072  1.30722893  1.22969003  1.43547967  1.30085315  1.18211110
8    1.24153662  1.35291080  1.17816304  1.29382391  0.99475481  0.78280320  1.21719052  1.27552785  0.00000000  1.34163234  0.54826553  1.07559006  1.30643438  1.16576894  1.13440358
9    1.43244753  1.16754230  1.43659809  1.01494021  1.35016701  1.38683029  1.29085842  1.30492072  1.34163234  0.00000000  1.30154101  0.61657099  1.05447424  1.05505523  0.73726499
10    1.29899247  1.18865511  1.21532768  1.32229274  1.06040030  0.89170645  1.26226312  1.30722893  0.54826553  1.30154101  0.00000000  1.08235051  1.18379472  1.18728984  1.14862134
11    1.32509547  1.13502159  1.31581738  1.00101702  1.21010028  1.19732108  1.20682267  1.22969003  1.07559006  0.61657099  1.08235051  0.00000000  0.96188739  0.81520305  0.33136422
12    1.53407794  0.68301257  1.40421432  1.38098860  1.35151456  1.35784068  1.43826427  1.43547967  1.30643438  1.05447424  1.18379472  0.96188739  0.00000000  1.21700800  1.08970329
13    1.43763719  1.30641253  0.92957289  1.24539141  1.21340187  1.23777894  1.33583358  1.30085315  1.16576894  1.05505523  1.18728984  0.81520305  1.21700800  0.00000000  0.94682763
14    1.29577754  1.23580320  1.33586690  0.67520876  1.22362230  1.23409366  1.15576835  1.18211110  1.13440358  0.73726499  1.14862134  0.33136422  1.08970329  0.94682763  0.00000000

--------------------------------------------------------------------------------
n=14
(result of R-step: (3,11:14)0.34352212)
V=[0, 1, 2, 3, 4, 5, 6, 7, 8, 9, 10, 11, 12, 13]
total successes of this branch: 3
Matrix on 14 elements:

0    0.00000000  1.57352342  1.47373237  1.23697240  1.28247243  1.34813888  1.34559027  1.38096368  1.24153662  1.43244753  1.29899247  1.32231749  1.53407794  1.43763719
1    1.57352342  0.00000000  1.40487862  1.42562096  1.36922962  1.38170014  1.48493276  1.47389831  1.35291080  1.16754230  1.18865511  1.13224361  0.68301257  1.30641253
2    1.47373237  1.40487862  0.00000000  1.37140397  1.13371973  1.19747659  1.38938349  1.29309354  1.17816304  1.43659809  1.21532768  1.31303940  1.40421432  0.92957289
3    1.23697240  1.42562096  1.37140397  0.00000000  1.24668517  1.30158885  1.05542449  1.08840878  1.24401945  0.96513575  1.27248828  0.94843459  1.33118414  1.19558695
4    1.28247243  1.36922962  1.13371973  1.24668517  0.00000000  1.01506095  1.24632145  1.26068309  0.99475481  1.35016701  1.06040030  1.20732231  1.35151456  1.21340187
5    1.34813888  1.38170014  1.19747659  1.30158885  1.01506095  0.00000000  1.25763714  1.31887751  0.78280320  1.38683029  0.89170645  1.19454311  1.35784068  1.23777894
6    1.34559027  1.48493276  1.38938349  1.05542449  1.24632145  1.25763714  0.00000000  1.23554477  1.21719052  1.29085842  1.26226312  1.20404470  1.43826427  1.33583358
7    1.38096368  1.47389831  1.29309354  1.08840878  1.26068309  1.31887751  1.23554477  0.00000000  1.27552785  1.30492072  1.30722893  1.22691206  1.43547967  1.30085315
8    1.24153662  1.35291080  1.17816304  1.24401945  0.99475481  0.78280320  1.21719052  1.27552785  0.00000000  1.34163234  0.54826553  1.07281208  1.30643438  1.16576894
9    1.43244753  1.16754230  1.43659809  0.96513575  1.35016701  1.38683029  1.29085842  1.30492072  1.34163234  0.00000000  1.30154101  0.61379301  1.05447424  1.05505523
10    1.29899247  1.18865511  1.21532768  1.27248828  1.06040030  0.89170645  1.26226312  1.30722893  0.54826553  1.30154101  0.00000000  1.07957253  1.18379472  1.18728984
11    1.32231749  1.13224361  1.31303940  0.94843459  1.20732231  1.19454311  1.20404470  1.22691206  1.07281208  0.61379301  1.07957253  0.00000000  0.95910941  0.81242507
12    1.53407794  0.68301257  1.40421432  1.33118414  1.35151456  1.35784068  1.43826427  1.43547967  1.30643438  1.05447424  1.18379472  0.95910941  0.00000000  1.21700800
13    1.43763719  1.30641253  0.92957289  1.19558695  1.21340187  1.23777894  1.33583358  1.30085315  1.16576894  1.05505523  1.18728984  0.81242507  1.21700800  0.00000000

--------------------------------------------------------------------------------
n=13
(result of R-step: (2,11:13)0.48547405)
V=[0, 1, 2, 3, 4, 5, 6, 7, 8, 9, 10, 11, 12]
total successes of this branch: 3
Matrix on 13 elements:

0    0.00000000  1.57352342  1.25521571  1.23697240  1.28247243  1.34813888  1.34559027  1.38096368  1.24153662  1.43244753  1.29899247  1.19291020  1.53407794
1    1.57352342  0.00000000  1.18636195  1.42562096  1.36922962  1.38170014  1.48493276  1.47389831  1.35291080  1.16754230  1.18865511  1.00283632  0.68301257
2    1.25521571  1.18636195  0.00000000  1.15288731  0.91520307  0.97895992  1.17086683  1.07457688  0.95964638  1.21808143  0.99681102  0.96511545  1.18569766
3    1.23697240  1.42562096  1.15288731  0.00000000  1.24668517  1.30158885  1.05542449  1.08840878  1.24401945  0.96513575  1.27248828  0.81902730  1.33118414
4    1.28247243  1.36922962  0.91520307  1.24668517  0.00000000  1.01506095  1.24632145  1.26068309  0.99475481  1.35016701  1.06040030  1.07791502  1.35151456
5    1.34813888  1.38170014  0.97895992  1.30158885  1.01506095  0.00000000  1.25763714  1.31887751  0.78280320  1.38683029  0.89170645  1.06513582  1.35784068
6    1.34559027  1.48493276  1.17086683  1.05542449  1.24632145  1.25763714  0.00000000  1.23554477  1.21719052  1.29085842  1.26226312  1.07463741  1.43826427
7    1.38096368  1.47389831  1.07457688  1.08840878  1.26068309  1.31887751  1.23554477  0.00000000  1.27552785  1.30492072  1.30722893  1.09750477  1.43547967
8    1.24153662  1.35291080  0.95964638  1.24401945  0.99475481  0.78280320  1.21719052  1.27552785  0.00000000  1.34163234  0.54826553  0.94340479  1.30643438
9    1.43244753  1.16754230  1.21808143  0.96513575  1.35016701  1.38683029  1.29085842  1.30492072  1.34163234  0.00000000  1.30154101  0.48438572  1.05447424
10    1.29899247  1.18865511  0.99681102  1.27248828  1.06040030  0.89170645  1.26226312  1.30722893  0.54826553  1.30154101  0.00000000  0.95016524  1.18379472
11    1.19291020  1.00283632  0.96511545  0.81902730  1.07791502  1.06513582  1.07463741  1.09750477  0.94340479  0.48438572  0.95016524  0.00000000  0.82970212
12    1.53407794  0.68301257  1.18569766  1.33118414  1.35151456  1.35784068  1.43826427  1.43547967  1.30643438  1.05447424  1.18379472  0.82970212  0.00000000

--------------------------------------------------------------------------------
n=12
(result of R-step: (1,11:12)0.75665442)
V=[0, 1, 2, 3, 4, 5, 6, 7, 8, 9, 10, 11]
total successes of this branch: 3
Matrix on 12 elements:

0    0.00000000  1.31858423  1.25521571  1.23697240  1.28247243  1.34813888  1.34559027  1.38096368  1.24153662  1.43244753  1.29899247  1.15648768
1    1.31858423  0.00000000  0.93142277  1.17068177  1.11429043  1.12676096  1.22999358  1.21895913  1.09797161  0.91260312  0.93371592  0.71147461
2    1.25521571  0.93142277  0.00000000  1.15288731  0.91520307  0.97895992  1.17086683  1.07457688  0.95964638  1.21808143  0.99681102  0.92869293
3    1.23697240  1.17068177  1.15288731  0.00000000  1.24668517  1.30158885  1.05542449  1.08840878  1.24401945  0.96513575  1.27248828  0.78260477
4    1.28247243  1.11429043  0.91520307  1.24668517  0.00000000  1.01506095  1.24632145  1.26068309  0.99475481  1.35016701  1.06040030  1.04149249
5    1.34813888  1.12676096  0.97895992  1.30158885  1.01506095  0.00000000  1.25763714  1.31887751  0.78280320  1.38683029  0.89170645  1.02871329
6    1.34559027  1.22999358  1.17086683  1.05542449  1.24632145  1.25763714  0.00000000  1.23554477  1.21719052  1.29085842  1.26226312  1.03821488
7    1.38096368  1.21895913  1.07457688  1.08840878  1.26068309  1.31887751  1.23554477  0.00000000  1.27552785  1.30492072  1.30722893  1.06108224
8    1.24153662  1.09797161  0.95964638  1.24401945  0.99475481  0.78280320  1.21719052  1.27552785  0.00000000  1.34163234  0.54826553  0.90698226
9    1.43244753  0.91260312  1.21808143  0.96513575  1.35016701  1.38683029  1.29085842  1.30492072  1.34163234  0.00000000  1.30154101  0.44796320
10    1.29899247  0.93371592  0.99681102  1.27248828  1.06040030  0.89170645  1.26226312  1.30722893  0.54826553  1.30154101  0.00000000  0.91374272
11    1.15648768  0.71147461  0.92869293  0.78260477  1.04149249  1.02871329  1.03821488  1.06108224  0.90698226  0.44796320  0.91374272  0.00000000

--------------------------------------------------------------------------------
n=11
(result of R-step: (8,9:11)0.19887176)
V=[0, 1, 2, 3, 4, 5, 6, 7, 8, 9, 10]
total successes of this branch: 3
Matrix on 11 elements:

0    0.00000000  1.31858423  1.25521571  1.23697240  1.28247243  1.34813888  1.34559027  1.38096368  1.06515216  1.17085179  1.29899247
1    1.31858423  0.00000000  0.93142277  1.17068177  1.11429043  1.12676096  1.22999358  1.21895913  0.92158715  0.65100737  0.93371592
2    1.25521571  0.93142277  0.00000000  1.15288731  0.91520307  0.97895992  1.17086683  1.07457688  0.78326192  0.95648568  0.99681102
3    1.23697240  1.17068177  1.15288731  0.00000000  1.24668517  1.30158885  1.05542449  1.08840878  1.06763499  0.70354000  1.27248828
4    1.28247243  1.11429043  0.91520307  1.24668517  0.00000000  1.01506095  1.24632145  1.26068309  0.81837036  1.08857126  1.06040030
5    1.34813888  1.12676096  0.97895992  1.30158885  1.01506095  0.00000000  1.25763714  1.31887751  0.60641874  1.12523454  0.89170645
6    1.34559027  1.22999358  1.17086683  1.05542449  1.24632145  1.25763714  0.00000000  1.23554477  1.04080606  1.02926267  1.26226312
7    1.38096368  1.21895913  1.07457688  1.08840878  1.26068309  1.31887751  1.23554477  0.00000000  1.09914340  1.04332498  1.30722893
8    1.06515216  0.92158715  0.78326192  1.06763499  0.81837036  0.60641874  1.04080606  1.09914340  0.00000000  0.90365214  0.37188108
9    1.17085179  0.65100737  0.95648568  0.70354000  1.08857126  1.12523454  1.02926267  1.04332498  0.90365214  0.00000000  1.03994526
10    1.29899247  0.93371592  0.99681102  1.27248828  1.06040030  0.89170645  1.26226312  1.30722893  0.37188108  1.03994526  0.00000000

--------------------------------------------------------------------------------
n=10
(result of R-step: (1,8:10)0.19275174)
V=[0, 1, 2, 3, 4, 5, 6, 7, 8, 9]
total successes of this branch: 3
Matrix on 10 elements:

0    0.00000000  1.30619665  1.25521571  1.23697240  1.28247243  1.34813888  1.34559027  1.38096368  1.05942114  1.17085179
1    1.30619665  0.00000000  0.91903518  1.15829419  1.10190285  1.11437338  1.21760600  1.20657155  0.90346855  0.63861979
2    1.25521571  0.91903518  0.00000000  1.15288731  0.91520307  0.97895992  1.17086683  1.07457688  0.77753090  0.95648568
3    1.23697240  1.15829419  1.15288731  0.00000000  1.24668517  1.30158885  1.05542449  1.08840878  1.06190397  0.70354000
4    1.28247243  1.10190285  0.91520307  1.24668517  0.00000000  1.01506095  1.24632145  1.26068309  0.81263934  1.08857126
5    1.34813888  1.11437338  0.97895992  1.30158885  1.01506095  0.00000000  1.25763714  1.31887751  0.60068772  1.12523454
6    1.34559027  1.21760600  1.17086683  1.05542449  1.24632145  1.25763714  0.00000000  1.23554477  1.03507504  1.02926267
7    1.38096368  1.20657155  1.07457688  1.08840878  1.26068309  1.31887751  1.23554477  0.00000000  1.09341238  1.04332498
8    1.05942114  0.90346855  0.77753090  1.06190397  0.81263934  0.60068772  1.03507504  1.09341238  0.00000000  0.89792112
9    1.17085179  0.63861979  0.95648568  0.70354000  1.08857126  1.12523454  1.02926267  1.04332498  0.89792112  0.00000000

--------------------------------------------------------------------------------
n=9
(result of R-step: (0,5:8)0.11222930)
V=[0, 1, 2, 3, 4, 5, 6, 7, 9]
total successes of this branch: 3
Matrix on 9 elements:

0    0.00000000  0.88288489  0.83190395  0.81366064  0.85916067  0.54082027  0.92227851  0.95765192  0.74754003
1    0.88288489  0.00000000  0.91903518  1.15829419  1.10190285  0.73036653  1.21760600  1.20657155  0.63861979
2    0.83190395  0.91903518  0.00000000  1.15288731  0.91520307  0.59495308  1.17086683  1.07457688  0.95648568
3    0.81366064  1.15829419  1.15288731  0.00000000  1.24668517  0.91758200  1.05542449  1.08840878  0.70354000
4    0.85916067  1.10190285  0.91520307  1.24668517  0.00000000  0.63105410  1.24632145  1.26068309  1.08857126
5    0.54082027  0.73036653  0.59495308  0.91758200  0.63105410  0.00000000  0.87363029  0.93487066  0.74122770
6    0.92227851  1.21760600  1.17086683  1.05542449  1.24632145  0.87363029  0.00000000  1.23554477  1.02926267
7    0.95765192  1.20657155  1.07457688  1.08840878  1.26068309  0.93487066  1.23554477  0.00000000  1.04332498
9    0.74754003  0.63861979  0.95648568  0.70354000  1.08857126  0.74122770  1.02926267  1.04332498  0.00000000

--------------------------------------------------------------------------------
n=8
(result of R-step: (1,3:9)0.42986199)
V=[0, 1, 2, 3, 4, 5, 6, 7]
total successes of this branch: 3
Matrix on 8 elements:

0    0.00000000  0.79668311  0.83190395  0.54924147  0.85916067  0.54082027  0.92227851  0.95765192
1    0.79668311  0.00000000  0.83283340  0.80767324  1.01570107  0.64416475  1.13140422  1.12036977
2    0.83190395  0.83283340  0.00000000  0.88846813  0.91520307  0.59495308  1.17086683  1.07457688
3    0.54924147  0.80767324  0.88846813  0.00000000  0.98226599  0.65316283  0.79100532  0.82398961
4    0.85916067  1.01570107  0.91520307  0.98226599  0.00000000  0.63105410  1.24632145  1.26068309
5    0.54082027  0.64416475  0.59495308  0.65316283  0.63105410  0.00000000  0.87363029  0.93487066
6    0.92227851  1.13140422  1.17086683  0.79100532  1.24632145  0.87363029  0.00000000  1.23554477
7    0.95765192  1.12036977  1.07457688  0.82398961  1.26068309  0.93487066  1.23554477  0.00000000

--------------------------------------------------------------------------------
n=7
(result of R-step: (2,3:7)0.37170122)
V=[0, 1, 2, 3, 4, 5, 6]
total successes of this branch: 3
Matrix on 7 elements:

0    0.00000000  0.79668311  0.54537143  0.39772084  0.85916067  0.54082027  0.92227851
1    0.79668311  0.00000000  0.54630089  0.65615260  1.01570107  0.64416475  1.13140422
2    0.54537143  0.54630089  0.00000000  0.45041499  0.62867055  0.30842056  0.88433432
3    0.39772084  0.65615260  0.45041499  0.00000000  0.83074536  0.50164220  0.63948469
4    0.85916067  1.01570107  0.62867055  0.83074536  0.00000000  0.63105410  1.24632145
5    0.54082027  0.64416475  0.30842056  0.50164220  0.63105410  0.00000000  0.87363029
6    0.92227851  1.13140422  0.88433432  0.63948469  1.24632145  0.87363029  0.00000000

--------------------------------------------------------------------------------
n=6
(result of R-step: (3,5:6)0.68207543)
V=[0, 1, 2, 3, 4, 5]
total successes of this branch: 3
Matrix on 6 elements:

0    0.00000000  0.79668311  0.54537143  0.39703362  0.85916067  0.45839564
1    0.79668311  0.00000000  0.54630089  0.65546539  1.01570107  0.56174012
2    0.54537143  0.54630089  0.00000000  0.44972777  0.62867055  0.22599593
3    0.39703362  0.65546539  0.44972777  0.00000000  0.83005815  0.41853035
4    0.85916067  1.01570107  0.62867055  0.83005815  0.00000000  0.54862947
5    0.45839564  0.56174012  0.22599593  0.41853035  0.54862947  0.00000000

--------------------------------------------------------------------------------
n=5
(result of R-step: (0,3:2)0.82257444)
V=[0, 1, 3, 4, 5]
total successes of this branch: 0
reason of abort: negative delta/dxy

--------------------------------------------------------------------------------
n=5
(result of R-step: (1,4:5)0.09599738)
V=[0, 1, 2, 3, 4]
total successes of this branch: 3
Matrix on 5 elements:

0    0.00000000  0.59714101  0.54537143  0.39703362  0.39130131
1    0.59714101  0.00000000  0.34675878  0.45592329  0.34829961
2    0.54537143  0.34675878  0.00000000  0.44972777  0.16081119
3    0.39703362  0.45592329  0.44972777  0.00000000  0.36219879
4    0.39130131  0.34829961  0.16081119  0.36219879  0.00000000

--------------------------------------------------------------------------------
n=4
(result of R-step: (0,1:3)0.57238781)
V=[0, 1, 2, 4]
total successes of this branch: 1
Matrix on 4 elements:

0    0.00000000  0.31803641  0.41224201  0.25817188
1    0.31803641  0.00000000  0.20078362  0.20232444
2    0.41224201  0.20078362  0.00000000  0.16081119
4    0.25817188  0.20232444  0.16081119  0.00000000

--------------------------------------------------------------------------------
n=4
(result of R-step: (0,2:1)0.64019411)
V=[0, 2, 3, 4]
total successes of this branch: 0
reason of abort: negative delta/dxy

--------------------------------------------------------------------------------
n=4
(result of R-step: (0,2:4)0.29388568)
V=[0, 1, 2, 3]
total successes of this branch: 1
Matrix on 4 elements:

0    0.00000000  0.46401158  0.36085000  0.26390420
1    0.46401158  0.00000000  0.29536678  0.45592329
2    0.36085000  0.29536678  0.00000000  0.39833577
3    0.26390420  0.45592329  0.39833577  0.00000000

--------------------------------------------------------------------------------
n=4
(result of R-step: (0,3:2)0.82257444)
V=[0, 1, 3, 4]
total successes of this branch: 0
reason of abort: negative delta/dxy

--------------------------------------------------------------------------------
n=4
(result of R-step: (0,4:1)0.26370145)
V=[0, 2, 3, 4]
total successes of this branch: 0
reason of abort: negative delta/dxy

--------------------------------------------------------------------------------
n=4
(result of R-step: (1,3:4)0.93436604)
V=[0, 1, 2, 3]
total successes of this branch: 0
reason of abort: negative delta/dxy

--------------------------------------------------------------------------------
n=4
(result of R-step: (1,4:2)0.59350683)
V=[0, 1, 3, 4]
total successes of this branch: 0
reason of abort: negative delta/dxy

--------------------------------------------------------------------------------
n=4
(result of R-step: (2,3:1)0.61192742)
V=[0, 2, 3, 4]
total successes of this branch: 1
Matrix on 4 elements:

0    0.00000000  0.49397942  0.30505712  0.39130131
2    0.49397942  0.00000000  0.30635926  0.10941918
3    0.30505712  0.30635926  0.00000000  0.27022228
4    0.39130131  0.10941918  0.27022228  0.00000000

--------------------------------------------------------------------------------
n=4
(result of R-step: (2,3:4)0.39569109)
V=[0, 1, 2, 3]
total successes of this branch: 0
reason of abort: negative delta/dxy

--------------------------------------------------------------------------------
n=4
(result of R-step: (3,4:0)0.74861640)
V=[1, 2, 3, 4]
total successes of this branch: 0
reason of abort: negative delta/dxy
