n=20
V=[0, 1, 2, 3, 4, 5, 6, 7, 8, 9, 10, 11, 12, 13, 14, 15, 16, 17, 18, 19]
total successes of this branch: 5
Matrix on 20 elements:

0    0.00000000  1.62503444  1.53949324  1.53203638  1.58564231  1.60117082  1.56085725  1.54709331  1.53933186  1.56179460  1.53612037  1.53846916  1.61009589  0.76832352  1.58065969  1.59538949  1.56727767  1.61408730  1.53862897  1.59193150
1    1.62503444  0.00000000  1.56013778  1.56336524  1.46715442  1.42163169  1.51709255  1.54482480  1.56020763  1.50691721  1.52124701  1.54974170  1.10986183  1.58685792  1.29719528  1.38655768  1.38235907  0.29780683  1.55136399  1.44050917
2    1.53949324  1.56013778  0.00000000  1.39701004  1.48076862  1.51205620  1.20668964  1.04247310  0.86675674  1.21185196  1.40417375  1.01112224  1.53003886  1.43359671  1.25412882  1.43935603  1.12869716  1.49070863  0.87010860  1.43824173
3    1.53203638  1.56336524  1.39701004  0.00000000  1.48675787  1.51695674  1.43855743  1.41179017  1.38528019  1.44038033  0.64639306  1.18679409  1.53431366  1.50241234  1.47231918  1.50437507  1.44413582  1.51574361  1.21959797  1.46830606
4    1.58564231  1.46715442  1.48076862  1.48675787  0.00000000  1.39719680  1.24452037  1.39672531  1.48089824  1.24777207  1.48589699  1.48224104  1.42336117  1.47643969  1.44729526  1.41131770  1.45817595  1.46906230  1.48201127  1.40972838
5    1.60117082  1.42163169  1.51205620  1.51695674  1.39719680  0.00000000  1.45888378  1.49314056  1.51216226  1.45833969  1.51277057  1.51232567  0.89979918  1.55500655  1.15452807  0.49550205  1.27033056  1.43310096  1.51228362  0.27022661
6    1.56085725  1.51709255  1.20668964  1.43855743  1.24452037  1.45888378  0.00000000  1.11601386  1.21170783  0.83059409  1.44200628  1.27357255  1.48065404  1.32482980  1.36877863  1.43348648  1.31791887  1.48629672  1.26313557  1.43157749
7    1.54709331  1.54482480  1.04247310  1.41179017  1.39672531  1.49314056  1.11601386  0.00000000  1.05046603  1.12227690  1.41763235  1.14909735  1.51247063  1.40978892  1.32028739  1.44441966  1.23291883  1.49478064  1.13245880  1.44244452
8    1.53933186  1.56020763  0.86675674  1.38528019  1.48089824  1.51216226  1.21170783  1.05046603  0.00000000  1.21679788  1.39296208  0.80674100  1.53013138  1.43508605  1.04504577  1.38049944  0.76445664  1.46492335  0.81610637  1.40821583
9    1.56179460  1.50691721  1.21185196  1.44038033  1.24777207  1.45833969  0.83059409  1.12227690  1.21679788  0.00000000  1.44330228  1.27764340  1.47650784  1.18286415  1.36847449  1.43301002  1.31936138  1.47792298  1.26737675  1.43171343
10    1.53612037  1.52124701  1.40417375  0.64639306  1.48589699  1.51277057  1.44200628  1.41763235  1.39296208  1.44330228  0.00000000  1.17764655  1.51594078  1.50612075  1.46478449  1.49924507  1.44152828  1.47779489  1.21299578  1.46338880
11    1.53846916  1.54974170  1.01112224  1.18679409  1.48224104  1.51232567  1.27357255  1.14909735  0.80674100  1.27764340  1.17764655  0.00000000  1.52631938  1.45416799  1.22699140  1.43190051  1.09091369  1.36850057  0.24848319  1.29766704
12    1.61009589  1.10986183  1.53003886  1.53431366  1.42336117  0.89979918  1.48065404  1.51247063  1.53013138  1.47650784  1.51594078  1.52631938  0.00000000  1.56691906  0.84908106  0.88550362  1.06960617  1.16252754  1.52689980  0.99211924
13    0.76832352  1.58685792  1.43359671  1.50241234  1.47643969  1.55500655  1.32482980  1.40978892  1.43508605  1.18286415  1.50612075  1.45416799  1.56691906  0.00000000  1.51207957  1.54290702  1.48714895  1.57007779  1.45095787  1.54014761
14    1.58065969  1.29719528  1.25412882  1.47231918  1.44729526  1.15452807  1.36877863  1.32028739  1.04504577  1.36847449  1.46478449  1.22699140  0.84908106  1.51207957  0.00000000  0.89586574  0.45908817  1.28831721  1.23122615  1.16520581
15    1.59538949  1.38655768  1.43935603  1.50437507  1.41131770  0.49550205  1.43348648  1.44441966  1.38049944  1.43301002  1.49924507  1.43190051  0.88550362  1.54290702  0.89586574  0.00000000  1.05279086  1.39229179  1.43306394  0.63348382
16    1.56727767  1.38235907  1.12869716  1.44413582  1.45817595  1.27033056  1.31791887  1.23291883  0.76445664  1.31936138  1.44152828  1.09091369  1.06960617  1.48714895  0.45908817  1.05279086  0.00000000  1.34550254  1.09680974  1.24389282
17    1.61408730  0.29780683  1.49070863  1.51574361  1.46906230  1.43310096  1.48629672  1.49478064  1.46492335  1.47792298  1.47779489  1.36850057  1.16252754  1.57007779  1.28831721  1.39229179  1.34550254  0.00000000  1.38757096  1.42358185
18    1.53862897  1.55136399  0.87010860  1.21959797  1.48201127  1.51228362  1.26313557  1.13245880  0.81610637  1.26737675  1.21299578  0.24848319  1.52689980  1.45095787  1.23122615  1.43306394  1.09680974  1.38757096  0.00000000  1.32605796
19    1.59193150  1.44050917  1.43824173  1.46830606  1.40972838  0.27022661  1.43157749  1.44244452  1.40821583  1.43171343  1.46338880  1.29766704  0.99211924  1.54014761  1.16520581  0.63348382  1.24389282  1.42358185  1.32605796  0.00000000

--------------------------------------------------------------------------------
n=19
(result of R-step: (0,9:13)0.67679124)
V=[0, 1, 2, 3, 4, 5, 6, 7, 8, 9, 10, 11, 12, 14, 15, 16, 17, 18, 19]
total successes of this branch: 5
Matrix on 19 elements:

0    0.00000000  1.43033791  1.34479671  1.33733985  1.39094578  1.40647428  1.36616072  1.35239678  1.34463533  1.17240153  1.34142384  1.34377263  1.41539935  1.38596315  1.40069296  1.37258114  1.41939076  1.34393244  1.39723496
1    1.43033791  0.00000000  1.56013778  1.56336524  1.46715442  1.42163169  1.51709255  1.54482480  1.56020763  1.31222068  1.52124701  1.54974170  1.10986183  1.29719528  1.38655768  1.38235907  0.29780683  1.55136399  1.44050917
2    1.34479671  1.56013778  0.00000000  1.39701004  1.48076862  1.51205620  1.20668964  1.04247310  0.86675674  1.01715543  1.40417375  1.01112224  1.53003886  1.25412882  1.43935603  1.12869716  1.49070863  0.87010860  1.43824173
3    1.33733985  1.56336524  1.39701004  0.00000000  1.48675787  1.51695674  1.43855743  1.41179017  1.38528019  1.24568379  0.64639306  1.18679409  1.53431366  1.47231918  1.50437507  1.44413582  1.51574361  1.21959797  1.46830606
4    1.39094578  1.46715442  1.48076862  1.48675787  0.00000000  1.39719680  1.24452037  1.39672531  1.48089824  1.05307553  1.48589699  1.48224104  1.42336117  1.44729526  1.41131770  1.45817595  1.46906230  1.48201127  1.40972838
5    1.40647428  1.42163169  1.51205620  1.51695674  1.39719680  0.00000000  1.45888378  1.49314056  1.51216226  1.26364316  1.51277057  1.51232567  0.89979918  1.15452807  0.49550205  1.27033056  1.43310096  1.51228362  0.27022661
6    1.36616072  1.51709255  1.20668964  1.43855743  1.24452037  1.45888378  0.00000000  1.11601386  1.21170783  0.63589755  1.44200628  1.27357255  1.48065404  1.36877863  1.43348648  1.31791887  1.48629672  1.26313557  1.43157749
7    1.35239678  1.54482480  1.04247310  1.41179017  1.39672531  1.49314056  1.11601386  0.00000000  1.05046603  0.92758037  1.41763235  1.14909735  1.51247063  1.32028739  1.44441966  1.23291883  1.49478064  1.13245880  1.44244452
8    1.34463533  1.56020763  0.86675674  1.38528019  1.48089824  1.51216226  1.21170783  1.05046603  0.00000000  1.02210135  1.39296208  0.80674100  1.53013138  1.04504577  1.38049944  0.76445664  1.46492335  0.81610637  1.40821583
9    1.17240153  1.31222068  1.01715543  1.24568379  1.05307553  1.26364316  0.63589755  0.92758037  1.02210135  0.00000000  1.24860574  1.08294687  1.28181130  1.17377796  1.23831349  1.12466484  1.28322644  1.07268022  1.23701689
10    1.34142384  1.52124701  1.40417375  0.64639306  1.48589699  1.51277057  1.44200628  1.41763235  1.39296208  1.24860574  0.00000000  1.17764655  1.51594078  1.46478449  1.49924507  1.44152828  1.47779489  1.21299578  1.46338880
11    1.34377263  1.54974170  1.01112224  1.18679409  1.48224104  1.51232567  1.27357255  1.14909735  0.80674100  1.08294687  1.17764655  0.00000000  1.52631938  1.22699140  1.43190051  1.09091369  1.36850057  0.24848319  1.29766704
12    1.41539935  1.10986183  1.53003886  1.53431366  1.42336117  0.89979918  1.48065404  1.51247063  1.53013138  1.28181130  1.51594078  1.52631938  0.00000000  0.84908106  0.88550362  1.06960617  1.16252754  1.52689980  0.99211924
14    1.38596315  1.29719528  1.25412882  1.47231918  1.44729526  1.15452807  1.36877863  1.32028739  1.04504577  1.17377796  1.46478449  1.22699140  0.84908106  0.00000000  0.89586574  0.45908817  1.28831721  1.23122615  1.16520581
15    1.40069296  1.38655768  1.43935603  1.50437507  1.41131770  0.49550205  1.43348648  1.44441966  1.38049944  1.23831349  1.49924507  1.43190051  0.88550362  0.89586574  0.00000000  1.05279086  1.39229179  1.43306394  0.63348382
16    1.37258114  1.38235907  1.12869716  1.44413582  1.45817595  1.27033056  1.31791887  1.23291883  0.76445664  1.12466484  1.44152828  1.09091369  1.06960617  0.45908817  1.05279086  0.00000000  1.34550254  1.09680974  1.24389282
17    1.41939076  0.29780683  1.49070863  1.51574361  1.46906230  1.43310096  1.48629672  1.49478064  1.46492335  1.28322644  1.47779489  1.36850057  1.16252754  1.28831721  1.39229179  1.34550254  0.00000000  1.38757096  1.42358185
18    1.34393244  1.55136399  0.87010860  1.21959797  1.48201127  1.51228362  1.26313557  1.13245880  0.81610637  1.07268022  1.21299578  0.24848319  1.52689980  1.23122615  1.43306394  1.09680974  1.38757096  0.00000000  1.32605796
19    1.39723496  1.44050917  1.43824173  1.46830606  1.40972838  0.27022661  1.43157749  1.44244452  1.40821583  1.23701689  1.46338880  1.29766704  0.99211924  1.16520581  0.63348382  1.24389282  1.42358185  1.32605796  0.00000000

--------------------------------------------------------------------------------
n=18
(result of R-step: (5,11:19)0.85264631)
V=[0, 1, 2, 3, 4, 5, 6, 7, 8, 9, 10, 11, 12, 14, 15, 16, 17, 18]
total successes of this branch: 5
Matrix on 18 elements:

0    0.00000000  1.43033791  1.34479671  1.33733985  1.39094578  1.37869029  1.36616072  1.35239678  1.34463533  1.17240153  1.34142384  1.31598863  1.41539935  1.38596315  1.40069296  1.37258114  1.41939076  1.34393244
1    1.43033791  0.00000000  1.56013778  1.56336524  1.46715442  1.39384770  1.51709255  1.54482480  1.56020763  1.31222068  1.52124701  1.52195771  1.10986183  1.29719528  1.38655768  1.38235907  0.29780683  1.55136399
2    1.34479671  1.56013778  0.00000000  1.39701004  1.48076862  1.48427220  1.20668964  1.04247310  0.86675674  1.01715543  1.40417375  0.98333824  1.53003886  1.25412882  1.43935603  1.12869716  1.49070863  0.87010860
3    1.33733985  1.56336524  1.39701004  0.00000000  1.48675787  1.48917275  1.43855743  1.41179017  1.38528019  1.24568379  0.64639306  1.15901009  1.53431366  1.47231918  1.50437507  1.44413582  1.51574361  1.21959797
4    1.39094578  1.46715442  1.48076862  1.48675787  0.00000000  1.36941280  1.24452037  1.39672531  1.48089824  1.05307553  1.48589699  1.45445705  1.42336117  1.44729526  1.41131770  1.45817595  1.46906230  1.48201127
5    1.37869029  1.39384770  1.48427220  1.48917275  1.36941280  0.00000000  1.43109979  1.46535657  1.48437826  1.23585916  1.48498657  1.45675768  0.87201518  1.12674408  0.46771805  1.24254656  1.40531696  1.48449962
6    1.36616072  1.51709255  1.20668964  1.43855743  1.24452037  1.43109979  0.00000000  1.11601386  1.21170783  0.63589755  1.44200628  1.24578855  1.48065404  1.36877863  1.43348648  1.31791887  1.48629672  1.26313557
7    1.35239678  1.54482480  1.04247310  1.41179017  1.39672531  1.46535657  1.11601386  0.00000000  1.05046603  0.92758037  1.41763235  1.12131335  1.51247063  1.32028739  1.44441966  1.23291883  1.49478064  1.13245880
8    1.34463533  1.56020763  0.86675674  1.38528019  1.48089824  1.48437826  1.21170783  1.05046603  0.00000000  1.02210135  1.39296208  0.77895701  1.53013138  1.04504577  1.38049944  0.76445664  1.46492335  0.81610637
9    1.17240153  1.31222068  1.01715543  1.24568379  1.05307553  1.23585916  0.63589755  0.92758037  1.02210135  0.00000000  1.24860574  1.05516288  1.28181130  1.17377796  1.23831349  1.12466484  1.28322644  1.07268022
10    1.34142384  1.52124701  1.40417375  0.64639306  1.48589699  1.48498657  1.44200628  1.41763235  1.39296208  1.24860574  0.00000000  1.14986255  1.51594078  1.46478449  1.49924507  1.44152828  1.47779489  1.21299578
11    1.31598863  1.52195771  0.98333824  1.15901009  1.45445705  1.45675768  1.24578855  1.12131335  0.77895701  1.05516288  1.14986255  0.00000000  1.49853538  1.19920740  1.40411652  1.06312969  1.34071658  0.22069919
12    1.41539935  1.10986183  1.53003886  1.53431366  1.42336117  0.87201518  1.48065404  1.51247063  1.53013138  1.28181130  1.51594078  1.49853538  0.00000000  0.84908106  0.88550362  1.06960617  1.16252754  1.52689980
14    1.38596315  1.29719528  1.25412882  1.47231918  1.44729526  1.12674408  1.36877863  1.32028739  1.04504577  1.17377796  1.46478449  1.19920740  0.84908106  0.00000000  0.89586574  0.45908817  1.28831721  1.23122615
15    1.40069296  1.38655768  1.43935603  1.50437507  1.41131770  0.46771805  1.43348648  1.44441966  1.38049944  1.23831349  1.49924507  1.40411652  0.88550362  0.89586574  0.00000000  1.05279086  1.39229179  1.43306394
16    1.37258114  1.38235907  1.12869716  1.44413582  1.45817595  1.24254656  1.31791887  1.23291883  0.76445664  1.12466484  1.44152828  1.06312969  1.06960617  0.45908817  1.05279086  0.00000000  1.34550254  1.09680974
17    1.41939076  0.29780683  1.49070863  1.51574361  1.46906230  1.40531696  1.48629672  1.49478064  1.46492335  1.28322644  1.47779489  1.34071658  1.16252754  1.28831721  1.39229179  1.34550254  0.00000000  1.38757096
18    1.34393244  1.55136399  0.87010860  1.21959797  1.48201127  1.48449962  1.26313557  1.13245880  0.81610637  1.07268022  1.21299578  0.22069919  1.52689980  1.23122615  1.43306394  1.09680974  1.38757096  0.00000000

--------------------------------------------------------------------------------
n=17
(result of R-step: (2,11:18)0.15604849)
V=[0, 1, 2, 3, 4, 5, 6, 7, 8, 9, 10, 11, 12, 14, 15, 16, 17]
total successes of this branch: 5
Matrix on 17 elements:

0    0.00000000  1.43033791  1.29106194  1.33733985  1.39094578  1.37869029  1.36616072  1.35239678  1.34463533  1.17240153  1.34142384  1.29003786  1.41539935  1.38596315  1.40069296  1.37258114  1.41939076
1    1.43033791  0.00000000  1.50640301  1.56336524  1.46715442  1.39384770  1.51709255  1.54482480  1.56020763  1.31222068  1.52124701  1.49600693  1.10986183  1.29719528  1.38655768  1.38235907  0.29780683
2    1.29106194  1.50640301  0.00000000  1.34327526  1.42703384  1.43053743  1.15295487  0.98873833  0.81302197  0.96342066  1.35043898  0.90365270  1.47630409  1.20039405  1.38562126  1.07496239  1.43697386
3    1.33733985  1.56336524  1.34327526  0.00000000  1.48675787  1.48917275  1.43855743  1.41179017  1.38528019  1.24568379  0.64639306  1.13305932  1.53431366  1.47231918  1.50437507  1.44413582  1.51574361
4    1.39094578  1.46715442  1.42703384  1.48675787  0.00000000  1.36941280  1.24452037  1.39672531  1.48089824  1.05307553  1.48589699  1.42850627  1.42336117  1.44729526  1.41131770  1.45817595  1.46906230
5    1.37869029  1.39384770  1.43053743  1.48917275  1.36941280  0.00000000  1.43109979  1.46535657  1.48437826  1.23585916  1.48498657  1.43080690  0.87201518  1.12674408  0.46771805  1.24254656  1.40531696
6    1.36616072  1.51709255  1.15295487  1.43855743  1.24452037  1.43109979  0.00000000  1.11601386  1.21170783  0.63589755  1.44200628  1.21983778  1.48065404  1.36877863  1.43348648  1.31791887  1.48629672
7    1.35239678  1.54482480  0.98873833  1.41179017  1.39672531  1.46535657  1.11601386  0.00000000  1.05046603  0.92758037  1.41763235  1.09536258  1.51247063  1.32028739  1.44441966  1.23291883  1.49478064
8    1.34463533  1.56020763  0.81302197  1.38528019  1.48089824  1.48437826  1.21170783  1.05046603  0.00000000  1.02210135  1.39296208  0.75300623  1.53013138  1.04504577  1.38049944  0.76445664  1.46492335
9    1.17240153  1.31222068  0.96342066  1.24568379  1.05307553  1.23585916  0.63589755  0.92758037  1.02210135  0.00000000  1.24860574  1.02921210  1.28181130  1.17377796  1.23831349  1.12466484  1.28322644
10    1.34142384  1.52124701  1.35043898  0.64639306  1.48589699  1.48498657  1.44200628  1.41763235  1.39296208  1.24860574  0.00000000  1.12391177  1.51594078  1.46478449  1.49924507  1.44152828  1.47779489
11    1.29003786  1.49600693  0.90365270  1.13305932  1.42850627  1.43080690  1.21983778  1.09536258  0.75300623  1.02921210  1.12391177  0.00000000  1.47258461  1.17325663  1.37816574  1.03717892  1.31476580
12    1.41539935  1.10986183  1.47630409  1.53431366  1.42336117  0.87201518  1.48065404  1.51247063  1.53013138  1.28181130  1.51594078  1.47258461  0.00000000  0.84908106  0.88550362  1.06960617  1.16252754
14    1.38596315  1.29719528  1.20039405  1.47231918  1.44729526  1.12674408  1.36877863  1.32028739  1.04504577  1.17377796  1.46478449  1.17325663  0.84908106  0.00000000  0.89586574  0.45908817  1.28831721
15    1.40069296  1.38655768  1.38562126  1.50437507  1.41131770  0.46771805  1.43348648  1.44441966  1.38049944  1.23831349  1.49924507  1.37816574  0.88550362  0.89586574  0.00000000  1.05279086  1.39229179
16    1.37258114  1.38235907  1.07496239  1.44413582  1.45817595  1.24254656  1.31791887  1.23291883  0.76445664  1.12466484  1.44152828  1.03717892  1.06960617  0.45908817  1.05279086  0.00000000  1.34550254
17    1.41939076  0.29780683  1.43697386  1.51574361  1.46906230  1.40531696  1.48629672  1.49478064  1.46492335  1.28322644  1.47779489  1.31476580  1.16252754  1.28831721  1.39229179  1.34550254  0.00000000

--------------------------------------------------------------------------------
n=16
(result of R-step: (1,11:17)0.87353882)
V=[0, 1, 2, 3, 4, 5, 6, 7, 8, 9, 10, 11, 12, 14, 15, 16]
total successes of this branch: 5
Matrix on 16 elements:

0    0.00000000  1.37205506  1.29106194  1.33733985  1.39094578  1.37869029  1.36616072  1.35239678  1.34463533  1.17240153  1.34142384  1.28548978  1.41539935  1.38596315  1.40069296  1.37258114
1    1.37205506  0.00000000  1.44812016  1.50508239  1.40887157  1.33556484  1.45880969  1.48654195  1.50192478  1.25393783  1.46296416  1.43317600  1.05157897  1.23891243  1.32827483  1.32407622
2    1.29106194  1.44812016  0.00000000  1.34327526  1.42703384  1.43053743  1.15295487  0.98873833  0.81302197  0.96342066  1.35043898  0.89910462  1.47630409  1.20039405  1.38562126  1.07496239
3    1.33733985  1.50508239  1.34327526  0.00000000  1.48675787  1.48917275  1.43855743  1.41179017  1.38528019  1.24568379  0.64639306  1.12851124  1.53431366  1.47231918  1.50437507  1.44413582
4    1.39094578  1.40887157  1.42703384  1.48675787  0.00000000  1.36941280  1.24452037  1.39672531  1.48089824  1.05307553  1.48589699  1.42395819  1.42336117  1.44729526  1.41131770  1.45817595
5    1.37869029  1.33556484  1.43053743  1.48917275  1.36941280  0.00000000  1.43109979  1.46535657  1.48437826  1.23585916  1.48498657  1.42625882  0.87201518  1.12674408  0.46771805  1.24254656
6    1.36616072  1.45880969  1.15295487  1.43855743  1.24452037  1.43109979  0.00000000  1.11601386  1.21170783  0.63589755  1.44200628  1.21528970  1.48065404  1.36877863  1.43348648  1.31791887
7    1.35239678  1.48654195  0.98873833  1.41179017  1.39672531  1.46535657  1.11601386  0.00000000  1.05046603  0.92758037  1.41763235  1.09081450  1.51247063  1.32028739  1.44441966  1.23291883
8    1.34463533  1.50192478  0.81302197  1.38528019  1.48089824  1.48437826  1.21170783  1.05046603  0.00000000  1.02210135  1.39296208  0.74845815  1.53013138  1.04504577  1.38049944  0.76445664
9    1.17240153  1.25393783  0.96342066  1.24568379  1.05307553  1.23585916  0.63589755  0.92758037  1.02210135  0.00000000  1.24860574  1.02466402  1.28181130  1.17377796  1.23831349  1.12466484
10    1.34142384  1.46296416  1.35043898  0.64639306  1.48589699  1.48498657  1.44200628  1.41763235  1.39296208  1.24860574  0.00000000  1.11936370  1.51594078  1.46478449  1.49924507  1.44152828
11    1.28548978  1.43317600  0.89910462  1.12851124  1.42395819  1.42625882  1.21528970  1.09081450  0.74845815  1.02466402  1.11936370  0.00000000  1.46803653  1.16870855  1.37361766  1.03263084
12    1.41539935  1.05157897  1.47630409  1.53431366  1.42336117  0.87201518  1.48065404  1.51247063  1.53013138  1.28181130  1.51594078  1.46803653  0.00000000  0.84908106  0.88550362  1.06960617
14    1.38596315  1.23891243  1.20039405  1.47231918  1.44729526  1.12674408  1.36877863  1.32028739  1.04504577  1.17377796  1.46478449  1.16870855  0.84908106  0.00000000  0.89586574  0.45908817
15    1.40069296  1.32827483  1.38562126  1.50437507  1.41131770  0.46771805  1.43348648  1.44441966  1.38049944  1.23831349  1.49924507  1.37361766  0.88550362  0.89586574  0.00000000  1.05279086
16    1.37258114  1.32407622  1.07496239  1.44413582  1.45817595  1.24254656  1.31791887  1.23291883  0.76445664  1.12466484  1.44152828  1.03263084  1.06960617  0.45908817  1.05279086  0.00000000

--------------------------------------------------------------------------------
n=15
(result of R-step: (8,14:16)0.32380150)
V=[0, 1, 2, 3, 4, 5, 6, 7, 8, 9, 10, 11, 12, 14, 15]
total successes of this branch: 5
Matrix on 15 elements:

0    0.00000000  1.37205506  1.29106194  1.33733985  1.39094578  1.37869029  1.36616072  1.35239678  1.25538581  1.17240153  1.34142384  1.28548978  1.41539935  1.29671363  1.40069296
1    1.37205506  0.00000000  1.44812016  1.50508239  1.40887157  1.33556484  1.45880969  1.48654195  1.41267526  1.25393783  1.46296416  1.43317600  1.05157897  1.14966291  1.32827483
2    1.29106194  1.44812016  0.00000000  1.34327526  1.42703384  1.43053743  1.15295487  0.98873833  0.72377245  0.96342066  1.35043898  0.89910462  1.47630409  1.11114453  1.38562126
3    1.33733985  1.50508239  1.34327526  0.00000000  1.48675787  1.48917275  1.43855743  1.41179017  1.29603067  1.24568379  0.64639306  1.12851124  1.53431366  1.38306966  1.50437507
4    1.39094578  1.40887157  1.42703384  1.48675787  0.00000000  1.36941280  1.24452037  1.39672531  1.39164872  1.05307553  1.48589699  1.42395819  1.42336117  1.35804574  1.41131770
5    1.37869029  1.33556484  1.43053743  1.48917275  1.36941280  0.00000000  1.43109979  1.46535657  1.39512874  1.23585916  1.48498657  1.42625882  0.87201518  1.03749456  0.46771805
6    1.36616072  1.45880969  1.15295487  1.43855743  1.24452037  1.43109979  0.00000000  1.11601386  1.12245831  0.63589755  1.44200628  1.21528970  1.48065404  1.27952911  1.43348648
7    1.35239678  1.48654195  0.98873833  1.41179017  1.39672531  1.46535657  1.11601386  0.00000000  0.96121651  0.92758037  1.41763235  1.09081450  1.51247063  1.23103787  1.44441966
8    1.25538581  1.41267526  0.72377245  1.29603067  1.39164872  1.39512874  1.12245831  0.96121651  0.00000000  0.93285183  1.30371256  0.65920863  1.44088186  0.86654673  1.29124992
9    1.17240153  1.25393783  0.96342066  1.24568379  1.05307553  1.23585916  0.63589755  0.92758037  0.93285183  0.00000000  1.24860574  1.02466402  1.28181130  1.08452844  1.23831349
10    1.34142384  1.46296416  1.35043898  0.64639306  1.48589699  1.48498657  1.44200628  1.41763235  1.30371256  1.24860574  0.00000000  1.11936370  1.51594078  1.37553497  1.49924507
11    1.28548978  1.43317600  0.89910462  1.12851124  1.42395819  1.42625882  1.21528970  1.09081450  0.65920863  1.02466402  1.11936370  0.00000000  1.46803653  1.07945903  1.37361766
12    1.41539935  1.05157897  1.47630409  1.53431366  1.42336117  0.87201518  1.48065404  1.51247063  1.44088186  1.28181130  1.51594078  1.46803653  0.00000000  0.75983154  0.88550362
14    1.29671363  1.14966291  1.11114453  1.38306966  1.35804574  1.03749456  1.27952911  1.23103787  0.86654673  1.08452844  1.37553497  1.07945903  0.75983154  0.00000000  0.80661622
15    1.40069296  1.32827483  1.38562126  1.50437507  1.41131770  0.46771805  1.43348648  1.44441966  1.29124992  1.23831349  1.49924507  1.37361766  0.88550362  0.80661622  0.00000000

--------------------------------------------------------------------------------
n=14
(result of R-step: (5,14:15)0.71813707)
V=[0, 1, 2, 3, 4, 5, 6, 7, 8, 9, 10, 11, 12, 14]
total successes of this branch: 5
Matrix on 14 elements:

0    0.00000000  1.37205506  1.29106194  1.33733985  1.39094578  1.28805442  1.36616072  1.35239678  1.25538581  1.17240153  1.34142384  1.28548978  1.41539935  1.26754329
1    1.37205506  0.00000000  1.44812016  1.50508239  1.40887157  1.24492898  1.45880969  1.48654195  1.41267526  1.25393783  1.46296416  1.43317600  1.05157897  1.12049257
2    1.29106194  1.44812016  0.00000000  1.34327526  1.42703384  1.33990157  1.15295487  0.98873833  0.72377245  0.96342066  1.35043898  0.89910462  1.47630409  1.08197419
3    1.33733985  1.50508239  1.34327526  0.00000000  1.48675787  1.39853688  1.43855743  1.41179017  1.29603067  1.24568379  0.64639306  1.12851124  1.53431366  1.35389932
4    1.39094578  1.40887157  1.42703384  1.48675787  0.00000000  1.27877694  1.24452037  1.39672531  1.39164872  1.05307553  1.48589699  1.42395819  1.42336117  1.32887540
5    1.28805442  1.24492898  1.33990157  1.39853688  1.27877694  0.00000000  1.34046392  1.37472070  1.30449288  1.14522330  1.39435071  1.33562296  0.78137932  0.91768835
6    1.36616072  1.45880969  1.15295487  1.43855743  1.24452037  1.34046392  0.00000000  1.11601386  1.12245831  0.63589755  1.44200628  1.21528970  1.48065404  1.25035877
7    1.35239678  1.48654195  0.98873833  1.41179017  1.39672531  1.37472070  1.11601386  0.00000000  0.96121651  0.92758037  1.41763235  1.09081450  1.51247063  1.20186753
8    1.25538581  1.41267526  0.72377245  1.29603067  1.39164872  1.30449288  1.12245831  0.96121651  0.00000000  0.93285183  1.30371256  0.65920863  1.44088186  0.83737639
9    1.17240153  1.25393783  0.96342066  1.24568379  1.05307553  1.14522330  0.63589755  0.92758037  0.93285183  0.00000000  1.24860574  1.02466402  1.28181130  1.05535810
10    1.34142384  1.46296416  1.35043898  0.64639306  1.48589699  1.39435071  1.44200628  1.41763235  1.30371256  1.24860574  0.00000000  1.11936370  1.51594078  1.34636463
11    1.28548978  1.43317600  0.89910462  1.12851124  1.42395819  1.33562296  1.21528970  1.09081450  0.65920863  1.02466402  1.11936370  0.00000000  1.46803653  1.05028869
12    1.41539935  1.05157897  1.47630409  1.53431366  1.42336117  0.78137932  1.48065404  1.51247063  1.44088186  1.28181130  1.51594078  1.46803653  0.00000000  0.73066120
14    1.26754329  1.12049257  1.08197419  1.35389932  1.32887540  0.91768835  1.25035877  1.20186753  0.83737639  1.05535810  1.34636463  1.05028869  0.73066120  0.00000000

--------------------------------------------------------------------------------
n=13
(result of R-step: (8,12:14)0.41597690)
V=[0, 1, 2, 3, 4, 5, 6, 7, 8, 9, 10, 11, 12]
total successes of this branch: 5
Matrix on 13 elements:

0    0.00000000  1.37205506  1.29106194  1.33733985  1.39094578  1.28805442  1.36616072  1.35239678  1.16263760  1.17240153  1.34142384  1.28548978  1.23340163
1    1.37205506  0.00000000  1.44812016  1.50508239  1.40887157  1.24492898  1.45880969  1.48654195  1.31992705  1.25393783  1.46296416  1.43317600  0.86958125
2    1.29106194  1.44812016  0.00000000  1.34327526  1.42703384  1.33990157  1.15295487  0.98873833  0.63102425  0.96342066  1.35043898  0.89910462  1.29430636
3    1.33733985  1.50508239  1.34327526  0.00000000  1.48675787  1.39853688  1.43855743  1.41179017  1.20328246  1.24568379  0.64639306  1.12851124  1.35231594
4    1.39094578  1.40887157  1.42703384  1.48675787  0.00000000  1.27877694  1.24452037  1.39672531  1.29890051  1.05307553  1.48589699  1.42395819  1.24136344
5    1.28805442  1.24492898  1.33990157  1.39853688  1.27877694  0.00000000  1.34046392  1.37472070  1.21174467  1.14522330  1.39435071  1.33562296  0.59938159
6    1.36616072  1.45880969  1.15295487  1.43855743  1.24452037  1.34046392  0.00000000  1.11601386  1.02971011  0.63589755  1.44200628  1.21528970  1.29865631
7    1.35239678  1.48654195  0.98873833  1.41179017  1.39672531  1.37472070  1.11601386  0.00000000  0.86846831  0.92758037  1.41763235  1.09081450  1.33047290
8    1.16263760  1.31992705  0.63102425  1.20328246  1.29890051  1.21174467  1.02971011  0.86846831  0.00000000  0.84010362  1.21096436  0.56646043  1.16613593
9    1.17240153  1.25393783  0.96342066  1.24568379  1.05307553  1.14522330  0.63589755  0.92758037  0.84010362  0.00000000  1.24860574  1.02466402  1.09981358
10    1.34142384  1.46296416  1.35043898  0.64639306  1.48589699  1.39435071  1.44200628  1.41763235  1.21096436  1.24860574  0.00000000  1.11936370  1.33394306
11    1.28548978  1.43317600  0.89910462  1.12851124  1.42395819  1.33562296  1.21528970  1.09081450  0.56646043  1.02466402  1.11936370  0.00000000  1.28603880
12    1.23340163  0.86958125  1.29430636  1.35231594  1.24136344  0.59938159  1.29865631  1.33047290  1.16613593  1.09981358  1.33394306  1.28603880  0.00000000

--------------------------------------------------------------------------------
n=12
(result of R-step: (1,5:12)0.37400309)
V=[0, 1, 2, 3, 4, 5, 6, 7, 8, 9, 10, 11]
total successes of this branch: 5
Matrix on 12 elements:

0    0.00000000  1.13632326  1.29106194  1.33733985  1.39094578  1.11245963  1.36616072  1.35239678  1.16263760  1.17240153  1.34142384  1.28548978
1    1.13632326  0.00000000  1.21238835  1.26935058  1.17313977  0.83360238  1.22307789  1.25081015  1.08419525  1.01820602  1.22723236  1.19744419
2    1.29106194  1.21238835  0.00000000  1.34327526  1.42703384  1.16430677  1.15295487  0.98873833  0.63102425  0.96342066  1.35043898  0.89910462
3    1.33733985  1.26935058  1.34327526  0.00000000  1.48675787  1.22294209  1.43855743  1.41179017  1.20328246  1.24568379  0.64639306  1.12851124
4    1.39094578  1.17313977  1.42703384  1.48675787  0.00000000  1.10318214  1.24452037  1.39672531  1.29890051  1.05307553  1.48589699  1.42395819
5    1.11245963  0.83360238  1.16430677  1.22294209  1.10318214  0.00000000  1.16486913  1.19912591  1.03614988  0.96962850  1.21875591  1.16002816
6    1.36616072  1.22307789  1.15295487  1.43855743  1.24452037  1.16486913  0.00000000  1.11601386  1.02971011  0.63589755  1.44200628  1.21528970
7    1.35239678  1.25081015  0.98873833  1.41179017  1.39672531  1.19912591  1.11601386  0.00000000  0.86846831  0.92758037  1.41763235  1.09081450
8    1.16263760  1.08419525  0.63102425  1.20328246  1.29890051  1.03614988  1.02971011  0.86846831  0.00000000  0.84010362  1.21096436  0.56646043
9    1.17240153  1.01820602  0.96342066  1.24568379  1.05307553  0.96962850  0.63589755  0.92758037  0.84010362  0.00000000  1.24860574  1.02466402
10    1.34142384  1.22723236  1.35043898  0.64639306  1.48589699  1.21875591  1.44200628  1.41763235  1.21096436  1.24860574  0.00000000  1.11936370
11    1.28548978  1.19744419  0.89910462  1.12851124  1.42395819  1.16002816  1.21528970  1.09081450  0.56646043  1.02466402  1.11936370  0.00000000

--------------------------------------------------------------------------------
n=11
(result of R-step: (8,10:11)0.73137155)
V=[0, 1, 2, 3, 4, 5, 6, 7, 8, 9, 10]
total successes of this branch: 5
Matrix on 11 elements:

0    0.00000000  1.13632326  1.29106194  1.33733985  1.39094578  1.11245963  1.36616072  1.35239678  1.04892260  1.17240153  1.04571111
1    1.13632326  0.00000000  1.21238835  1.26935058  1.17313977  0.83360238  1.22307789  1.25081015  0.97048024  1.01820602  0.93151963
2    1.29106194  1.21238835  0.00000000  1.34327526  1.42703384  1.16430677  1.15295487  0.98873833  0.51730924  0.96342066  1.05472625
3    1.33733985  1.26935058  1.34327526  0.00000000  1.48675787  1.22294209  1.43855743  1.41179017  1.08956746  1.24568379  0.35068033
4    1.39094578  1.17313977  1.42703384  1.48675787  0.00000000  1.10318214  1.24452037  1.39672531  1.18518551  1.05307553  1.19018426
5    1.11245963  0.83360238  1.16430677  1.22294209  1.10318214  0.00000000  1.16486913  1.19912591  0.92243487  0.96962850  0.92304318
6    1.36616072  1.22307789  1.15295487  1.43855743  1.24452037  1.16486913  0.00000000  1.11601386  0.91599510  0.63589755  1.14629355
7    1.35239678  1.25081015  0.98873833  1.41179017  1.39672531  1.19912591  1.11601386  0.00000000  0.75475330  0.92758037  1.12191962
8    1.04892260  0.97048024  0.51730924  1.08956746  1.18518551  0.92243487  0.91599510  0.75475330  0.00000000  0.72638861  0.80153662
9    1.17240153  1.01820602  0.96342066  1.24568379  1.05307553  0.96962850  0.63589755  0.92758037  0.72638861  0.00000000  0.95289301
10    1.04571111  0.93151963  1.05472625  0.35068033  1.19018426  0.92304318  1.14629355  1.12191962  0.80153662  0.95289301  0.00000000

--------------------------------------------------------------------------------
n=10
(result of R-step: (1,3:10)0.04391476)
V=[0, 1, 2, 3, 4, 5, 6, 7, 8, 9]
total successes of this branch: 5
Matrix on 10 elements:

0    0.00000000  1.12820049  1.29106194  1.03520243  1.39094578  1.11245963  1.36616072  1.35239678  1.04892260  1.17240153
1    1.12820049  0.00000000  1.20426559  0.95909040  1.16501700  0.82547962  1.21495513  1.24268738  0.96235748  1.01008326
2    1.29106194  1.20426559  0.00000000  1.04113784  1.42703384  1.16430677  1.15295487  0.98873833  0.51730924  0.96342066
3    1.03520243  0.95909040  1.04113784  0.00000000  1.18462045  0.92080467  1.13642001  1.10965275  0.78743004  0.94354637
4    1.39094578  1.16501700  1.42703384  1.18462045  0.00000000  1.10318214  1.24452037  1.39672531  1.18518551  1.05307553
5    1.11245963  0.82547962  1.16430677  0.92080467  1.10318214  0.00000000  1.16486913  1.19912591  0.92243487  0.96962850
6    1.36616072  1.21495513  1.15295487  1.13642001  1.24452037  1.16486913  0.00000000  1.11601386  0.91599510  0.63589755
7    1.35239678  1.24268738  0.98873833  1.10965275  1.39672531  1.19912591  1.11601386  0.00000000  0.75475330  0.92758037
8    1.04892260  0.96235748  0.51730924  0.78743004  1.18518551  0.92243487  0.91599510  0.75475330  0.00000000  0.72638861
9    1.17240153  1.01008326  0.96342066  0.94354637  1.05307553  0.96962850  0.63589755  0.92758037  0.72638861  0.00000000

--------------------------------------------------------------------------------
n=9
(result of R-step: (1,6:9)0.01460559)
V=[0, 1, 2, 3, 4, 5, 6, 7, 8]
total successes of this branch: 5
Matrix on 9 elements:

0    0.00000000  1.02012853  1.29106194  1.03520243  1.39094578  1.11245963  0.95595134  1.35239678  1.04892260
1    1.02012853  0.00000000  1.09619363  0.85101844  1.05694505  0.71740766  0.69667379  1.13461543  0.85428552
2    1.29106194  1.09619363  0.00000000  1.04113784  1.42703384  1.16430677  0.74274549  0.98873833  0.51730924
3    1.03520243  0.85101844  1.04113784  0.00000000  1.18462045  0.92080467  0.72621064  1.10965275  0.78743004
4    1.39094578  1.05694505  1.42703384  1.18462045  0.00000000  1.10318214  0.83431099  1.39672531  1.18518551
5    1.11245963  0.71740766  1.16430677  0.92080467  1.10318214  0.00000000  0.75465975  1.19912591  0.92243487
6    0.95595134  0.69667379  0.74274549  0.72621064  0.83431099  0.75465975  0.00000000  0.70580449  0.50578572
7    1.35239678  1.13461543  0.98873833  1.10965275  1.39672531  1.19912591  0.70580449  0.00000000  0.75475330
8    1.04892260  0.85428552  0.51730924  0.78743004  1.18518551  0.92243487  0.50578572  0.75475330  0.00000000

--------------------------------------------------------------------------------
n=8
(result of R-step: (2,3:8)0.97835754)
V=[0, 1, 2, 3, 4, 5, 6, 7]
total successes of this branch: 5
Matrix on 8 elements:

0    0.00000000  1.02012853  0.91728326  0.90982640  1.39094578  1.11245963  0.95595134  1.35239678
1    1.02012853  0.00000000  0.72241496  0.72564241  1.05694505  0.71740766  0.69667379  1.13461543
2    0.91728326  0.72241496  0.00000000  0.54198314  1.05325517  0.79052810  0.36896682  0.61495965
3    0.90982640  0.72564241  0.54198314  0.00000000  1.05924442  0.79542864  0.60083461  0.98427672
4    1.39094578  1.05694505  1.05325517  1.05924442  0.00000000  1.10318214  0.83431099  1.39672531
5    1.11245963  0.71740766  0.79052810  0.79542864  1.10318214  0.00000000  0.75465975  1.19912591
6    0.95595134  0.69667379  0.36896682  0.60083461  0.83431099  0.75465975  0.00000000  0.70580449
7    1.35239678  1.13461543  0.61495965  0.98427672  1.39672531  1.19912591  0.70580449  0.00000000

--------------------------------------------------------------------------------
n=7
(result of R-step: (2,6:7)0.64425849)
V=[0, 1, 2, 3, 4, 5, 6]
total successes of this branch: 5
Matrix on 7 elements:

0    0.00000000  1.02012853  0.86889805  0.90982640  1.39094578  1.11245963  0.89026206
1    1.02012853  0.00000000  0.67402974  0.72564241  1.05694505  0.71740766  0.63098451
2    0.86889805  0.67402974  0.00000000  0.49359793  1.00486995  0.74214288  0.25489232
3    0.90982640  0.72564241  0.49359793  0.00000000  1.05924442  0.79542864  0.53514533
4    1.39094578  1.05694505  1.00486995  1.05924442  0.00000000  1.10318214  0.76862170
5    1.11245963  0.71740766  0.74214288  0.79542864  1.10318214  0.00000000  0.68897047
6    0.89026206  0.63098451  0.25489232  0.53514533  0.76862170  0.68897047  0.00000000

--------------------------------------------------------------------------------
n=6
(result of R-step: (2,4:6)0.53706516)
V=[0, 1, 2, 3, 4, 5]
total successes of this branch: 5
Matrix on 6 elements:

0    0.00000000  1.02012853  0.85957602  0.90982640  0.90572508  1.11245963
1    1.02012853  0.00000000  0.66470771  0.72564241  0.57172435  0.71740766
2    0.85957602  0.66470771  0.00000000  0.48427589  0.51032722  0.73282085
3    0.90982640  0.72564241  0.48427589  0.00000000  0.57402372  0.79542864
4    0.90572508  0.57172435  0.51032722  0.57402372  0.00000000  0.61796145
5    1.11245963  0.71740766  0.73282085  0.79542864  0.61796145  0.00000000

--------------------------------------------------------------------------------
n=5
(result of R-step: (0,2:3)0.06908450)
V=[0, 1, 2, 4, 5]
total successes of this branch: 5
Matrix on 5 elements:

0    0.00000000  0.48995803  0.12073358  0.37555458  0.58228913
1    0.48995803  0.00000000  0.45603577  0.57172435  0.71740766
2    0.12073358  0.45603577  0.00000000  0.30165529  0.52414891
4    0.37555458  0.57172435  0.30165529  0.00000000  0.61796145
5    0.58228913  0.71740766  0.52414891  0.61796145  0.00000000

--------------------------------------------------------------------------------
n=4
(result of R-step: (0,1:4)0.27441937)
V=[0, 1, 2, 5]
total successes of this branch: 0
reason of abort: negative delta/dxy

--------------------------------------------------------------------------------
n=4
(result of R-step: (0,4:2)0.47459635)
V=[0, 1, 4, 5]
total successes of this branch: 1
Matrix on 4 elements:

0    0.00000000  0.48964364  0.18462385  0.58197474
1    0.48964364  0.00000000  0.38110801  0.71740766
4    0.18462385  0.38110801  0.00000000  0.42734511
5    0.58197474  0.71740766  0.42734511  0.00000000

--------------------------------------------------------------------------------
n=4
(result of R-step: (0,5:1)0.13586890)
V=[0, 2, 4, 5]
total successes of this branch: 1
Matrix on 4 elements:

0    0.00000000  0.12041919  0.37524019  0.20495196
2    0.12041919  0.00000000  0.30165529  0.14712613
4    0.37524019  0.30165529  0.00000000  0.24093867
5    0.20495196  0.14712613  0.24093867  0.00000000

--------------------------------------------------------------------------------
n=4
(result of R-step: (0,5:4)0.43650731)
V=[0, 1, 2, 5]
total successes of this branch: 0
Matrix on 4 elements:

0    0.00000000  0.38246980  0.01324535  0.11083179
1    0.38246980  0.00000000  0.45603577  0.35343854
2    0.01324535  0.45603577  0.00000000  0.16017980
5    0.11083179  0.35343854  0.16017980  0.00000000
reason of abort: no pseudometric

--------------------------------------------------------------------------------
n=4
(result of R-step: (1,2:0)0.20516874)
V=[1, 2, 4, 5]
total successes of this branch: 1
Matrix on 4 elements:

1    0.00000000  0.18494801  0.30609669  0.45178000
2    0.18494801  0.00000000  0.29619518  0.51868880
4    0.30609669  0.29619518  0.00000000  0.61796145
5    0.45178000  0.51868880  0.61796145  0.00000000

--------------------------------------------------------------------------------
n=4
(result of R-step: (1,2:4)0.91499910)
V=[0, 1, 2, 5]
total successes of this branch: 0
reason of abort: negative delta/dxy

--------------------------------------------------------------------------------
n=4
(result of R-step: (1,4:5)0.39420326)
V=[0, 1, 2, 4]
total successes of this branch: 1
Matrix on 4 elements:

0    0.00000000  0.22433038  0.12073358  0.18493824
1    0.22433038  0.00000000  0.19040812  0.11548036
2    0.12073358  0.19040812  0.00000000  0.11103895
4    0.18493824  0.11548036  0.11103895  0.00000000

--------------------------------------------------------------------------------
n=4
(result of R-step: (2,5:0)0.27227524)
V=[1, 2, 4, 5]
total successes of this branch: 0
reason of abort: negative delta/dxy

--------------------------------------------------------------------------------
n=4
(result of R-step: (2,5:1)0.31734384)
V=[0, 2, 4, 5]
total successes of this branch: 0
Matrix on 4 elements:

0    0.00000000  0.05127962  0.37555458  0.21832001
2    0.05127962  0.00000000  0.23220133  0.09072584
4    0.37555458  0.23220133  0.00000000  0.25399233
5    0.21832001  0.09072584  0.25399233  0.00000000
reason of abort: no pseudometric

--------------------------------------------------------------------------------
n=4
(result of R-step: (2,5:4)0.30497614)
V=[0, 1, 2, 5]
total successes of this branch: 1
Matrix on 4 elements:

0    0.00000000  0.48995803  0.11527347  0.20526635
1    0.48995803  0.00000000  0.45057566  0.34038488
2    0.11527347  0.45057566  0.00000000  0.14166602
5    0.20526635  0.34038488  0.14166602  0.00000000
