n=20
V=[0, 1, 2, 3, 4, 5, 6, 7, 8, 9, 10, 11, 12, 13, 14, 15, 16, 17, 18, 19]
total successes of this branch: 2
Matrix on 20 elements:

0    0.00000000  2.34184074  2.33148975  1.99709182  2.06940824  2.04041643  2.29250706  1.48993398  1.50934794  1.58273895  1.75164972  2.30153741  1.49010792  2.24538104  1.57230794  0.87154236  1.87618994  1.57513958  1.77488869  1.89707923
1    2.34184074  0.00000000  2.03352162  2.27441713  2.17936984  2.21747450  1.68982010  2.33133792  2.33532051  2.31214186  2.23871992  1.11549613  2.33137360  2.06556383  2.31543623  2.33354848  2.03295966  2.31438473  2.25660808  2.07467842
2    2.33148975  2.03352162  0.00000000  2.23789598  2.19502530  2.21221225  2.06276766  2.30181134  2.32243872  2.28670597  1.94120892  2.05741428  2.30199616  0.81550421  2.29178464  2.31902048  2.20080539  2.28453383  2.24929963  2.20721386
3    1.99709182  2.27441713  2.23789598  0.00000000  1.91635220  1.84158873  2.20957662  2.00529477  1.94487464  1.97769582  2.07763150  2.12099602  2.00475341  2.20797214  1.97303097  1.98953558  2.06886452  1.97401888  1.96155753  1.72092303
4    2.06940824  2.17936984  2.19502530  1.91635220  0.00000000  1.80462758  2.07111606  2.07368735  2.05460688  2.02832699  2.11142229  2.14862141  2.07351640  2.17585447  2.03206213  2.05767980  2.06234000  2.03266996  1.20731611  2.03711639
5    2.04041643  2.21747450  2.21221225  1.84158873  1.80462758  0.00000000  2.14271375  2.04626862  2.02118871  1.93656000  2.09787549  2.17353107  2.04604391  2.18051137  1.94858821  2.01157805  2.07811263  1.94957149  1.92744237  2.03724629
6    2.29250706  1.68982010  2.06276766  2.20957662  2.07111606  2.14271375  0.00000000  2.28468104  2.28448724  2.26074700  2.21566811  1.75058293  2.28467930  2.08553591  2.26412118  2.28359256  1.42074531  2.26337016  2.17966111  1.55703872
7    1.48993398  2.33133792  2.30181134  2.00529477  2.07368735  2.04626862  2.28468104  0.00000000  1.53977217  1.50522901  1.50288455  2.29322141  0.80646184  2.21020185  1.51013861  1.49627918  1.88869725  1.51309143  1.17823535  1.90884284
8    1.50934794  2.33532051  2.32243872  1.94487464  2.05460688  2.02118871  2.28448724  1.53977217  0.00000000  1.62093343  1.78317393  2.28967492  1.53314248  2.24176339  1.47085706  1.49725999  1.30425444  1.47403333  1.79294058  1.41494010
9    1.58273895  2.31214186  2.28670597  1.97769582  2.02832699  1.93656000  2.26074700  1.50522901  1.62093343  0.00000000  1.74826082  2.27304300  1.50626570  2.09552692  0.71509468  1.31025782  1.92063049  0.72095656  1.76246086  1.93049018
10    1.75164972  2.23871992  1.94120892  2.07763150  2.11142229  2.09787549  2.21566811  1.50288455  1.78317393  1.74826082  0.00000000  2.21988766  1.50539588  1.91901928  1.75322299  1.75214380  1.98575988  1.75392415  1.80213114  2.00163336
11    2.30153741  1.11549613  2.05741428  2.12099602  2.14862141  2.17353107  1.75058293  2.29322141  2.28967492  2.27304300  2.21988766  0.00000000  2.29318963  2.08221226  2.27540688  2.29333120  2.03715717  2.27459380  2.22211480  2.05164275
12    1.49010792  2.33137360  2.30199616  2.00475341  2.07351640  2.04604391  2.28467930  0.80646184  1.53314248  1.50626570  1.50539588  2.29318963  0.00000000  2.21048464  1.51008567  1.49638188  1.88517218  1.51303938  1.42953208  1.90583329
13    2.24538104  2.06556383  0.81550421  2.20797214  2.17585447  2.18051137  2.08553591  2.21020185  2.24176339  2.09552692  1.91901928  2.08221226  2.21048464  0.00000000  2.11631139  2.20484710  2.16858439  2.11145957  2.19331163  2.17538976
14    1.57230794  2.31543623  2.29178464  1.97303097  2.03206213  1.94858821  2.26412118  1.51013861  1.47085706  0.71509468  1.75322299  2.27540688  1.51008567  2.11631139  0.00000000  1.25147928  1.84243237  0.35504140  1.76679292  1.86499705
15    0.87154236  2.33354848  2.31902048  1.98953558  2.05767980  2.01157805  2.28359256  1.49627918  1.49725999  1.31025782  1.75214380  2.29333120  1.49638188  2.20484710  1.25147928  0.00000000  1.86558847  1.25546105  1.77234624  1.88700392
16    1.87618994  2.03295966  2.20080539  2.06886452  2.06234000  2.07811263  1.42074531  1.88869725  1.30425444  1.92063049  1.98575988  2.03715717  1.88517218  2.16858439  1.84243237  1.86558847  0.00000000  1.84376905  1.97408555  0.40300989
17    1.57513958  2.31438473  2.28453383  1.97401888  2.03266996  1.94957149  2.26337016  1.51309143  1.47403333  0.72095656  1.75392415  2.27459380  1.51303938  2.11145957  0.35504140  1.25546105  1.84376905  0.00000000  1.76859260  1.86627347
18    1.77488869  2.25660808  2.24929963  1.96155753  1.20731611  1.92744237  2.17966111  1.17823535  1.79294058  1.76246086  1.80213114  2.22211480  1.42953208  2.19331163  1.76679292  1.77234624  1.97408555  1.76859260  0.00000000  1.97192097
19    1.89707923  2.07467842  2.20721386  1.72092303  2.03711639  2.03724629  1.55703872  1.90884284  1.41494010  1.93049018  2.00163336  2.05164275  1.90583329  2.17538976  1.86499705  1.88700392  0.40300989  1.86627347  1.97192097  0.00000000

--------------------------------------------------------------------------------
n=19
(result of R-step: (2,14:17)0.00372985)
V=[0, 1, 2, 3, 4, 5, 6, 7, 8, 9, 10, 11, 12, 13, 14, 15, 16, 18, 19]
total successes of this branch: 2
Matrix on 19 elements:

0    0.00000000  2.34184074  2.15759446  1.99709182  2.06940824  2.04041643  2.29250706  1.48993398  1.50934794  1.58273895  1.75164972  2.30153741  1.49010792  2.24538104  1.39841265  0.87154236  1.87618994  1.77488869  1.89707923
1    2.34184074  0.00000000  1.85962633  2.27441713  2.17936984  2.21747450  1.68982010  2.33133792  2.33532051  2.31214186  2.23871992  1.11549613  2.33137360  2.06556383  2.14154093  2.33354848  2.03295966  2.25660808  2.07467842
2    2.15759446  1.85962633  0.00000000  2.06400069  2.02113001  2.03831696  1.88887236  2.12791605  2.14854343  2.11281068  1.76731363  1.88351899  2.12810086  0.64160891  1.94399405  2.14512518  2.02691010  2.07540434  2.03331857
3    1.99709182  2.27441713  2.06400069  0.00000000  1.91635220  1.84158873  2.20957662  2.00529477  1.94487464  1.97769582  2.07763150  2.12099602  2.00475341  2.20797214  1.79913568  1.98953558  2.06886452  1.96155753  1.72092303
4    2.06940824  2.17936984  2.02113001  1.91635220  0.00000000  1.80462758  2.07111606  2.07368735  2.05460688  2.02832699  2.11142229  2.14862141  2.07351640  2.17585447  1.85816684  2.05767980  2.06234000  1.20731611  2.03711639
5    2.04041643  2.21747450  2.03831696  1.84158873  1.80462758  0.00000000  2.14271375  2.04626862  2.02118871  1.93656000  2.09787549  2.17353107  2.04604391  2.18051137  1.77469292  2.01157805  2.07811263  1.92744237  2.03724629
6    2.29250706  1.68982010  1.88887236  2.20957662  2.07111606  2.14271375  0.00000000  2.28468104  2.28448724  2.26074700  2.21566811  1.75058293  2.28467930  2.08553591  2.09022588  2.28359256  1.42074531  2.17966111  1.55703872
7    1.48993398  2.33133792  2.12791605  2.00529477  2.07368735  2.04626862  2.28468104  0.00000000  1.53977217  1.50522901  1.50288455  2.29322141  0.80646184  2.21020185  1.33624331  1.49627918  1.88869725  1.17823535  1.90884284
8    1.50934794  2.33532051  2.14854343  1.94487464  2.05460688  2.02118871  2.28448724  1.53977217  0.00000000  1.62093343  1.78317393  2.28967492  1.53314248  2.24176339  1.29696176  1.49725999  1.30425444  1.79294058  1.41494010
9    1.58273895  2.31214186  2.11281068  1.97769582  2.02832699  1.93656000  2.26074700  1.50522901  1.62093343  0.00000000  1.74826082  2.27304300  1.50626570  2.09552692  0.54119939  1.31025782  1.92063049  1.76246086  1.93049018
10    1.75164972  2.23871992  1.76731363  2.07763150  2.11142229  2.09787549  2.21566811  1.50288455  1.78317393  1.74826082  0.00000000  2.21988766  1.50539588  1.91901928  1.57932770  1.75214380  1.98575988  1.80213114  2.00163336
11    2.30153741  1.11549613  1.88351899  2.12099602  2.14862141  2.17353107  1.75058293  2.29322141  2.28967492  2.27304300  2.21988766  0.00000000  2.29318963  2.08221226  2.10151159  2.29333120  2.03715717  2.22211480  2.05164275
12    1.49010792  2.33137360  2.12810086  2.00475341  2.07351640  2.04604391  2.28467930  0.80646184  1.53314248  1.50626570  1.50539588  2.29318963  0.00000000  2.21048464  1.33619038  1.49638188  1.88517218  1.42953208  1.90583329
13    2.24538104  2.06556383  0.64160891  2.20797214  2.17585447  2.18051137  2.08553591  2.21020185  2.24176339  2.09552692  1.91901928  2.08221226  2.21048464  0.00000000  1.94241610  2.20484710  2.16858439  2.19331163  2.17538976
14    1.39841265  2.14154093  1.94399405  1.79913568  1.85816684  1.77469292  2.09022588  1.33624331  1.29696176  0.54119939  1.57932770  2.10151159  1.33619038  1.94241610  0.00000000  1.07758398  1.66853707  1.59289762  1.69110176
15    0.87154236  2.33354848  2.14512518  1.98953558  2.05767980  2.01157805  2.28359256  1.49627918  1.49725999  1.31025782  1.75214380  2.29333120  1.49638188  2.20484710  1.07758398  0.00000000  1.86558847  1.77234624  1.88700392
16    1.87618994  2.03295966  2.02691010  2.06886452  2.06234000  2.07811263  1.42074531  1.88869725  1.30425444  1.92063049  1.98575988  2.03715717  1.88517218  2.16858439  1.66853707  1.86558847  0.00000000  1.97408555  0.40300989
18    1.77488869  2.25660808  2.07540434  1.96155753  1.20731611  1.92744237  2.17966111  1.17823535  1.79294058  1.76246086  1.80213114  2.22211480  1.42953208  2.19331163  1.59289762  1.77234624  1.97408555  0.00000000  1.97192097
19    1.89707923  2.07467842  2.03331857  1.72092303  2.03711639  2.03724629  1.55703872  1.90884284  1.41494010  1.93049018  2.00163336  2.05164275  1.90583329  2.17538976  1.69110176  1.88700392  0.40300989  1.97192097  0.00000000

--------------------------------------------------------------------------------
n=18
(result of R-step: (0,14:15)0.68595294)
V=[0, 1, 2, 3, 4, 5, 6, 7, 8, 9, 10, 11, 12, 13, 14, 16, 18, 19]
total successes of this branch: 2
Matrix on 18 elements:

0    0.00000000  2.06648390  1.88223761  1.72173497  1.79405139  1.76505958  2.01715021  1.21457713  1.23399109  1.30738210  1.47629287  2.02618056  1.21475107  1.97002419  1.02159425  1.60083309  1.49953184  1.62172239
1    2.06648390  0.00000000  1.85962633  2.27441713  2.17936984  2.21747450  1.68982010  2.33133792  2.33532051  2.31214186  2.23871992  1.11549613  2.33137360  2.06556383  2.04007938  2.03295966  2.25660808  2.07467842
2    1.88223761  1.85962633  0.00000000  2.06400069  2.02113001  2.03831696  1.88887236  2.12791605  2.14854343  2.11281068  1.76731363  1.88351899  2.12810086  0.64160891  1.84253250  2.02691010  2.07540434  2.03331857
3    1.72173497  2.27441713  2.06400069  0.00000000  1.91635220  1.84158873  2.20957662  2.00529477  1.94487464  1.97769582  2.07763150  2.12099602  2.00475341  2.20797214  1.69767413  2.06886452  1.96155753  1.72092303
4    1.79405139  2.17936984  2.02113001  1.91635220  0.00000000  1.80462758  2.07111606  2.07368735  2.05460688  2.02832699  2.11142229  2.14862141  2.07351640  2.17585447  1.75670528  2.06234000  1.20731611  2.03711639
5    1.76505958  2.21747450  2.03831696  1.84158873  1.80462758  0.00000000  2.14271375  2.04626862  2.02118871  1.93656000  2.09787549  2.17353107  2.04604391  2.18051137  1.67323136  2.07811263  1.92744237  2.03724629
6    2.01715021  1.68982010  1.88887236  2.20957662  2.07111606  2.14271375  0.00000000  2.28468104  2.28448724  2.26074700  2.21566811  1.75058293  2.28467930  2.08553591  1.98876433  1.42074531  2.17966111  1.55703872
7    1.21457713  2.33133792  2.12791605  2.00529477  2.07368735  2.04626862  2.28468104  0.00000000  1.53977217  1.50522901  1.50288455  2.29322141  0.80646184  2.21020185  1.23478176  1.88869725  1.17823535  1.90884284
8    1.23399109  2.33532051  2.14854343  1.94487464  2.05460688  2.02118871  2.28448724  1.53977217  0.00000000  1.62093343  1.78317393  2.28967492  1.53314248  2.24176339  1.19550021  1.30425444  1.79294058  1.41494010
9    1.30738210  2.31214186  2.11281068  1.97769582  2.02832699  1.93656000  2.26074700  1.50522901  1.62093343  0.00000000  1.74826082  2.27304300  1.50626570  2.09552692  0.43973783  1.92063049  1.76246086  1.93049018
10    1.47629287  2.23871992  1.76731363  2.07763150  2.11142229  2.09787549  2.21566811  1.50288455  1.78317393  1.74826082  0.00000000  2.21988766  1.50539588  1.91901928  1.47786615  1.98575988  1.80213114  2.00163336
11    2.02618056  1.11549613  1.88351899  2.12099602  2.14862141  2.17353107  1.75058293  2.29322141  2.28967492  2.27304300  2.21988766  0.00000000  2.29318963  2.08221226  2.00005003  2.03715717  2.22211480  2.05164275
12    1.21475107  2.33137360  2.12810086  2.00475341  2.07351640  2.04604391  2.28467930  0.80646184  1.53314248  1.50626570  1.50539588  2.29318963  0.00000000  2.21048464  1.23472883  1.88517218  1.42953208  1.90583329
13    1.97002419  2.06556383  0.64160891  2.20797214  2.17585447  2.18051137  2.08553591  2.21020185  2.24176339  2.09552692  1.91901928  2.08221226  2.21048464  0.00000000  1.84095454  2.16858439  2.19331163  2.17538976
14    1.02159425  2.04007938  1.84253250  1.69767413  1.75670528  1.67323136  1.98876433  1.23478176  1.19550021  0.43973783  1.47786615  2.00005003  1.23472883  1.84095454  0.00000000  1.56707552  1.49143607  1.58964020
16    1.60083309  2.03295966  2.02691010  2.06886452  2.06234000  2.07811263  1.42074531  1.88869725  1.30425444  1.92063049  1.98575988  2.03715717  1.88517218  2.16858439  1.56707552  0.00000000  1.97408555  0.40300989
18    1.49953184  2.25660808  2.07540434  1.96155753  1.20731611  1.92744237  2.17966111  1.17823535  1.79294058  1.76246086  1.80213114  2.22211480  1.42953208  2.19331163  1.49143607  1.97408555  0.00000000  1.97192097
19    1.62172239  2.07467842  2.03331857  1.72092303  2.03711639  2.03724629  1.55703872  1.90884284  1.41494010  1.93049018  2.00163336  2.05164275  1.90583329  2.17538976  1.58964020  0.40300989  1.97192097  0.00000000

--------------------------------------------------------------------------------
n=17
(result of R-step: (3,16:19)0.17277891)
V=[0, 1, 2, 3, 4, 5, 6, 7, 8, 9, 10, 11, 12, 13, 14, 16, 18]
total successes of this branch: 2
Matrix on 17 elements:

0    0.00000000  2.06648390  1.88223761  1.69420077  1.79405139  1.76505958  2.01715021  1.21457713  1.23399109  1.30738210  1.47629287  2.02618056  1.21475107  1.97002419  1.02159425  1.57329889  1.49953184
1    2.06648390  0.00000000  1.85962633  2.24688293  2.17936984  2.21747450  1.68982010  2.33133792  2.33532051  2.31214186  2.23871992  1.11549613  2.33137360  2.06556383  2.04007938  2.00542546  2.25660808
2    1.88223761  1.85962633  0.00000000  2.03646649  2.02113001  2.03831696  1.88887236  2.12791605  2.14854343  2.11281068  1.76731363  1.88351899  2.12810086  0.64160891  1.84253250  1.99937590  2.07540434
3    1.69420077  2.24688293  2.03646649  0.00000000  1.88881800  1.81405453  2.18204242  1.97776056  1.91734044  1.95016162  2.05009730  2.09346182  1.97721921  2.18043794  1.67013993  2.01379612  1.93402333
4    1.79405139  2.17936984  2.02113001  1.88881800  0.00000000  1.80462758  2.07111606  2.07368735  2.05460688  2.02832699  2.11142229  2.14862141  2.07351640  2.17585447  1.75670528  2.03480580  1.20731611
5    1.76505958  2.21747450  2.03831696  1.81405453  1.80462758  0.00000000  2.14271375  2.04626862  2.02118871  1.93656000  2.09787549  2.17353107  2.04604391  2.18051137  1.67323136  2.05057843  1.92744237
6    2.01715021  1.68982010  1.88887236  2.18204242  2.07111606  2.14271375  0.00000000  2.28468104  2.28448724  2.26074700  2.21566811  1.75058293  2.28467930  2.08553591  1.98876433  1.39321111  2.17966111
7    1.21457713  2.33133792  2.12791605  1.97776056  2.07368735  2.04626862  2.28468104  0.00000000  1.53977217  1.50522901  1.50288455  2.29322141  0.80646184  2.21020185  1.23478176  1.86116305  1.17823535
8    1.23399109  2.33532051  2.14854343  1.91734044  2.05460688  2.02118871  2.28448724  1.53977217  0.00000000  1.62093343  1.78317393  2.28967492  1.53314248  2.24176339  1.19550021  1.27672024  1.79294058
9    1.30738210  2.31214186  2.11281068  1.95016162  2.02832699  1.93656000  2.26074700  1.50522901  1.62093343  0.00000000  1.74826082  2.27304300  1.50626570  2.09552692  0.43973783  1.89309629  1.76246086
10    1.47629287  2.23871992  1.76731363  2.05009730  2.11142229  2.09787549  2.21566811  1.50288455  1.78317393  1.74826082  0.00000000  2.21988766  1.50539588  1.91901928  1.47786615  1.95822568  1.80213114
11    2.02618056  1.11549613  1.88351899  2.09346182  2.14862141  2.17353107  1.75058293  2.29322141  2.28967492  2.27304300  2.21988766  0.00000000  2.29318963  2.08221226  2.00005003  2.00962297  2.22211480
12    1.21475107  2.33137360  2.12810086  1.97721921  2.07351640  2.04604391  2.28467930  0.80646184  1.53314248  1.50626570  1.50539588  2.29318963  0.00000000  2.21048464  1.23472883  1.85763798  1.42953208
13    1.97002419  2.06556383  0.64160891  2.18043794  2.17585447  2.18051137  2.08553591  2.21020185  2.24176339  2.09552692  1.91901928  2.08221226  2.21048464  0.00000000  1.84095454  2.14105019  2.19331163
14    1.02159425  2.04007938  1.84253250  1.67013993  1.75670528  1.67323136  1.98876433  1.23478176  1.19550021  0.43973783  1.47786615  2.00005003  1.23472883  1.84095454  0.00000000  1.53954132  1.49143607
16    1.57329889  2.00542546  1.99937590  2.01379612  2.03480580  2.05057843  1.39321111  1.86116305  1.27672024  1.89309629  1.95822568  2.00962297  1.85763798  2.14105019  1.53954132  0.00000000  1.94655134
18    1.49953184  2.25660808  2.07540434  1.93402333  1.20731611  1.92744237  2.17966111  1.17823535  1.79294058  1.76246086  1.80213114  2.22211480  1.42953208  2.19331163  1.49143607  1.94655134  0.00000000

--------------------------------------------------------------------------------
n=16
(result of R-step: (1,3:11)0.88309366)
V=[0, 1, 2, 3, 4, 5, 6, 7, 8, 9, 10, 12, 13, 14, 16, 18]
total successes of this branch: 2
Matrix on 16 elements:

0    0.00000000  1.58544638  1.88223761  1.24069746  1.79405139  1.76505958  2.01715021  1.21457713  1.23399109  1.30738210  1.47629287  1.21475107  1.97002419  1.02159425  1.57329889  1.49953184
1    1.58544638  0.00000000  1.37858881  1.31234210  1.69833233  1.73643698  1.20878259  1.85030040  1.85428300  1.83110435  1.75768240  1.85033609  1.58452632  1.55904186  1.52438795  1.77557056
2    1.88223761  1.37858881  0.00000000  1.58296318  2.02113001  2.03831696  1.88887236  2.12791605  2.14854343  2.11281068  1.76731363  2.12810086  0.64160891  1.84253250  1.99937590  2.07540434
3    1.24069746  1.31234210  1.58296318  0.00000000  1.43531469  1.36055122  1.72853911  1.52425725  1.46383713  1.49665831  1.59659399  1.52371590  1.72693463  1.21663661  1.56029281  1.48052002
4    1.79405139  1.69833233  2.02113001  1.43531469  0.00000000  1.80462758  2.07111606  2.07368735  2.05460688  2.02832699  2.11142229  2.07351640  2.17585447  1.75670528  2.03480580  1.20731611
5    1.76505958  1.73643698  2.03831696  1.36055122  1.80462758  0.00000000  2.14271375  2.04626862  2.02118871  1.93656000  2.09787549  2.04604391  2.18051137  1.67323136  2.05057843  1.92744237
6    2.01715021  1.20878259  1.88887236  1.72853911  2.07111606  2.14271375  0.00000000  2.28468104  2.28448724  2.26074700  2.21566811  2.28467930  2.08553591  1.98876433  1.39321111  2.17966111
7    1.21457713  1.85030040  2.12791605  1.52425725  2.07368735  2.04626862  2.28468104  0.00000000  1.53977217  1.50522901  1.50288455  0.80646184  2.21020185  1.23478176  1.86116305  1.17823535
8    1.23399109  1.85428300  2.14854343  1.46383713  2.05460688  2.02118871  2.28448724  1.53977217  0.00000000  1.62093343  1.78317393  1.53314248  2.24176339  1.19550021  1.27672024  1.79294058
9    1.30738210  1.83110435  2.11281068  1.49665831  2.02832699  1.93656000  2.26074700  1.50522901  1.62093343  0.00000000  1.74826082  1.50626570  2.09552692  0.43973783  1.89309629  1.76246086
10    1.47629287  1.75768240  1.76731363  1.59659399  2.11142229  2.09787549  2.21566811  1.50288455  1.78317393  1.74826082  0.00000000  1.50539588  1.91901928  1.47786615  1.95822568  1.80213114
12    1.21475107  1.85033609  2.12810086  1.52371590  2.07351640  2.04604391  2.28467930  0.80646184  1.53314248  1.50626570  1.50539588  0.00000000  2.21048464  1.23472883  1.85763798  1.42953208
13    1.97002419  1.58452632  0.64160891  1.72693463  2.17585447  2.18051137  2.08553591  2.21020185  2.24176339  2.09552692  1.91901928  2.21048464  0.00000000  1.84095454  2.14105019  2.19331163
14    1.02159425  1.55904186  1.84253250  1.21663661  1.75670528  1.67323136  1.98876433  1.23478176  1.19550021  0.43973783  1.47786615  1.23472883  1.84095454  0.00000000  1.53954132  1.49143607
16    1.57329889  1.52438795  1.99937590  1.56029281  2.03480580  2.05057843  1.39321111  1.86116305  1.27672024  1.89309629  1.95822568  1.85763798  2.14105019  1.53954132  0.00000000  1.94655134
18    1.49953184  1.77557056  2.07540434  1.48052002  1.20731611  1.92744237  2.17966111  1.17823535  1.79294058  1.76246086  1.80213114  1.42953208  2.19331163  1.49143607  1.94655134  0.00000000

--------------------------------------------------------------------------------
n=15
(result of R-step: (4,7:18)0.49174697)
V=[0, 1, 2, 3, 4, 5, 6, 7, 8, 9, 10, 12, 13, 14, 16]
total successes of this branch: 2
Matrix on 15 elements:

0    0.00000000  1.58544638  1.88223761  1.24069746  1.63811934  1.76505958  2.01715021  1.05864508  1.23399109  1.30738210  1.47629287  1.21475107  1.97002419  1.02159425  1.57329889
1    1.58544638  0.00000000  1.37858881  1.31234210  1.54240028  1.73643698  1.20878259  1.69436836  1.85428300  1.83110435  1.75768240  1.85033609  1.58452632  1.55904186  1.52438795
2    1.88223761  1.37858881  0.00000000  1.58296318  1.86519796  2.03831696  1.88887236  1.97198400  2.14854343  2.11281068  1.76731363  2.12810086  0.64160891  1.84253250  1.99937590
3    1.24069746  1.31234210  1.58296318  0.00000000  1.27938264  1.36055122  1.72853911  1.36832520  1.46383713  1.49665831  1.59659399  1.52371590  1.72693463  1.21663661  1.56029281
4    1.63811934  1.54240028  1.86519796  1.27938264  0.00000000  1.64869553  1.91518401  1.76182326  1.89867483  1.87239494  1.95549024  1.91758435  2.01992242  1.60077323  1.87887375
5    1.76505958  1.73643698  2.03831696  1.36055122  1.64869553  0.00000000  2.14271375  1.89033657  2.02118871  1.93656000  2.09787549  2.04604391  2.18051137  1.67323136  2.05057843
6    2.01715021  1.20878259  1.88887236  1.72853911  1.91518401  2.14271375  0.00000000  2.12874899  2.28448724  2.26074700  2.21566811  2.28467930  2.08553591  1.98876433  1.39321111
7    1.05864508  1.69436836  1.97198400  1.36832520  1.76182326  1.89033657  2.12874899  0.00000000  1.38384012  1.34929697  1.34695250  0.65052979  2.05426980  1.07884971  1.70523100
8    1.23399109  1.85428300  2.14854343  1.46383713  1.89867483  2.02118871  2.28448724  1.38384012  0.00000000  1.62093343  1.78317393  1.53314248  2.24176339  1.19550021  1.27672024
9    1.30738210  1.83110435  2.11281068  1.49665831  1.87239494  1.93656000  2.26074700  1.34929697  1.62093343  0.00000000  1.74826082  1.50626570  2.09552692  0.43973783  1.89309629
10    1.47629287  1.75768240  1.76731363  1.59659399  1.95549024  2.09787549  2.21566811  1.34695250  1.78317393  1.74826082  0.00000000  1.50539588  1.91901928  1.47786615  1.95822568
12    1.21475107  1.85033609  2.12810086  1.52371590  1.91758435  2.04604391  2.28467930  0.65052979  1.53314248  1.50626570  1.50539588  0.00000000  2.21048464  1.23472883  1.85763798
13    1.97002419  1.58452632  0.64160891  1.72693463  2.01992242  2.18051137  2.08553591  2.05426980  2.24176339  2.09552692  1.91901928  2.21048464  0.00000000  1.84095454  2.14105019
14    1.02159425  1.55904186  1.84253250  1.21663661  1.60077323  1.67323136  1.98876433  1.07884971  1.19550021  0.43973783  1.47786615  1.23472883  1.84095454  0.00000000  1.53954132
16    1.57329889  1.52438795  1.99937590  1.56029281  1.87887375  2.05057843  1.39321111  1.70523100  1.27672024  1.89309629  1.95822568  1.85763798  2.14105019  1.53954132  0.00000000

--------------------------------------------------------------------------------
n=14
(result of R-step: (6,8:16)0.46841311)
V=[0, 1, 2, 3, 4, 5, 6, 7, 8, 9, 10, 12, 13, 14]
total successes of this branch: 2
Matrix on 14 elements:

0    0.00000000  1.58544638  1.88223761  1.24069746  1.63811934  1.76505958  1.79689396  1.05864508  1.01373484  1.30738210  1.47629287  1.21475107  1.97002419  1.02159425
1    1.58544638  0.00000000  1.37858881  1.31234210  1.54240028  1.73643698  0.98852633  1.69436836  1.63402675  1.83110435  1.75768240  1.85033609  1.58452632  1.55904186
2    1.88223761  1.37858881  0.00000000  1.58296318  1.86519796  2.03831696  1.66861611  1.97198400  1.92828718  2.11281068  1.76731363  2.12810086  0.64160891  1.84253250
3    1.24069746  1.31234210  1.58296318  0.00000000  1.27938264  1.36055122  1.50828286  1.36832520  1.24358088  1.49665831  1.59659399  1.52371590  1.72693463  1.21663661
4    1.63811934  1.54240028  1.86519796  1.27938264  0.00000000  1.64869553  1.69492776  1.76182326  1.67841858  1.87239494  1.95549024  1.91758435  2.01992242  1.60077323
5    1.76505958  1.73643698  2.03831696  1.36055122  1.64869553  0.00000000  1.92245749  1.89033657  1.80093246  1.93656000  2.09787549  2.04604391  2.18051137  1.67323136
6    1.79689396  0.98852633  1.66861611  1.50828286  1.69492776  1.92245749  0.00000000  1.90849273  1.84397473  2.04049074  1.99541186  2.06442305  1.86527965  1.76850807
7    1.05864508  1.69436836  1.97198400  1.36832520  1.76182326  1.89033657  1.90849273  0.00000000  1.16358387  1.34929697  1.34695250  0.65052979  2.05426980  1.07884971
8    1.01373484  1.63402675  1.92828718  1.24358088  1.67841858  1.80093246  1.84397473  1.16358387  0.00000000  1.40067718  1.56291768  1.31288623  2.02150714  0.97524395
9    1.30738210  1.83110435  2.11281068  1.49665831  1.87239494  1.93656000  2.04049074  1.34929697  1.40067718  0.00000000  1.74826082  1.50626570  2.09552692  0.43973783
10    1.47629287  1.75768240  1.76731363  1.59659399  1.95549024  2.09787549  1.99541186  1.34695250  1.56291768  1.74826082  0.00000000  1.50539588  1.91901928  1.47786615
12    1.21475107  1.85033609  2.12810086  1.52371590  1.91758435  2.04604391  2.06442305  0.65052979  1.31288623  1.50626570  1.50539588  0.00000000  2.21048464  1.23472883
13    1.97002419  1.58452632  0.64160891  1.72693463  2.01992242  2.18051137  1.86527965  2.05426980  2.02150714  2.09552692  1.91901928  2.21048464  0.00000000  1.84095454
14    1.02159425  1.55904186  1.84253250  1.21663661  1.60077323  1.67323136  1.76850807  1.07884971  0.97524395  0.43973783  1.47786615  1.23472883  1.84095454  0.00000000

--------------------------------------------------------------------------------
n=13
(result of R-step: (1,4:6)0.81891412)
V=[0, 1, 2, 3, 4, 5, 7, 8, 9, 10, 12, 13, 14]
total successes of this branch: 2
Matrix on 13 elements:

0    0.00000000  1.27570073  1.88223761  1.24069746  1.00326823  1.76505958  1.05864508  1.01373484  1.30738210  1.47629287  1.21475107  1.97002419  1.02159425
1    1.27570073  0.00000000  1.06884317  1.00259645  0.59780352  1.42669134  1.38462271  1.32428110  1.52135870  1.44793676  1.54059044  1.27478067  1.24929622
2    1.88223761  1.06884317  0.00000000  1.58296318  1.23034685  2.03831696  1.97198400  1.92828718  2.11281068  1.76731363  2.12810086  0.64160891  1.84253250
3    1.24069746  1.00259645  1.58296318  0.00000000  0.64453153  1.36055122  1.36832520  1.24358088  1.49665831  1.59659399  1.52371590  1.72693463  1.21663661
4    1.00326823  0.59780352  1.23034685  0.64453153  0.00000000  1.01384441  1.12697214  1.04356747  1.23754383  1.32063913  1.28273324  1.38507131  0.96592212
5    1.76505958  1.42669134  2.03831696  1.36055122  1.01384441  0.00000000  1.89033657  1.80093246  1.93656000  2.09787549  2.04604391  2.18051137  1.67323136
7    1.05864508  1.38462271  1.97198400  1.36832520  1.12697214  1.89033657  0.00000000  1.16358387  1.34929697  1.34695250  0.65052979  2.05426980  1.07884971
8    1.01373484  1.32428110  1.92828718  1.24358088  1.04356747  1.80093246  1.16358387  0.00000000  1.40067718  1.56291768  1.31288623  2.02150714  0.97524395
9    1.30738210  1.52135870  2.11281068  1.49665831  1.23754383  1.93656000  1.34929697  1.40067718  0.00000000  1.74826082  1.50626570  2.09552692  0.43973783
10    1.47629287  1.44793676  1.76731363  1.59659399  1.32063913  2.09787549  1.34695250  1.56291768  1.74826082  0.00000000  1.50539588  1.91901928  1.47786615
12    1.21475107  1.54059044  2.12810086  1.52371590  1.28273324  2.04604391  0.65052979  1.31288623  1.50626570  1.50539588  0.00000000  2.21048464  1.23472883
13    1.97002419  1.27478067  0.64160891  1.72693463  1.38507131  2.18051137  2.05426980  2.02150714  2.09552692  1.91901928  2.21048464  0.00000000  1.84095454
14    1.02159425  1.24929622  1.84253250  1.21663661  0.96592212  1.67323136  1.07884971  0.97524395  0.43973783  1.47786615  1.23472883  1.84095454  0.00000000

--------------------------------------------------------------------------------
n=12
(result of R-step: (8,9:14)0.14212920)
V=[0, 1, 2, 3, 4, 5, 7, 8, 9, 10, 12, 13]
total successes of this branch: 2
Matrix on 12 elements:

0    0.00000000  1.27570073  1.88223761  1.24069746  1.00326823  1.76505958  1.05864508  0.95148194  1.02487295  1.47629287  1.21475107  1.97002419
1    1.27570073  0.00000000  1.06884317  1.00259645  0.59780352  1.42669134  1.38462271  1.26202820  1.23884955  1.44793676  1.54059044  1.27478067
2    1.88223761  1.06884317  0.00000000  1.58296318  1.23034685  2.03831696  1.97198400  1.86603428  1.83030152  1.76731363  2.12810086  0.64160891
3    1.24069746  1.00259645  1.58296318  0.00000000  0.64453153  1.36055122  1.36832520  1.18132798  1.21414916  1.59659399  1.52371590  1.72693463
4    1.00326823  0.59780352  1.23034685  0.64453153  0.00000000  1.01384441  1.12697214  0.98131457  0.95503468  1.32063913  1.28273324  1.38507131
5    1.76505958  1.42669134  2.03831696  1.36055122  1.01384441  0.00000000  1.89033657  1.73867956  1.65405085  2.09787549  2.04604391  2.18051137
7    1.05864508  1.38462271  1.97198400  1.36832520  1.12697214  1.89033657  0.00000000  1.10133097  1.06678781  1.34695250  0.65052979  2.05426980
8    0.95148194  1.26202820  1.86603428  1.18132798  0.98131457  1.73867956  1.10133097  0.00000000  1.05591512  1.50066478  1.25063333  1.95925424
9    1.02487295  1.23884955  1.83030152  1.21414916  0.95503468  1.65405085  1.06678781  1.05591512  0.00000000  1.46575167  1.22375655  1.81301776
10    1.47629287  1.44793676  1.76731363  1.59659399  1.32063913  2.09787549  1.34695250  1.50066478  1.46575167  0.00000000  1.50539588  1.91901928
12    1.21475107  1.54059044  2.12810086  1.52371590  1.28273324  2.04604391  0.65052979  1.25063333  1.22375655  1.50539588  0.00000000  2.21048464
13    1.97002419  1.27478067  0.64160891  1.72693463  1.38507131  2.18051137  2.05426980  1.95925424  1.81301776  1.91901928  2.21048464  0.00000000

--------------------------------------------------------------------------------
n=11
(result of R-step: (2,9:13)0.88499684)
V=[0, 1, 2, 3, 4, 5, 7, 8, 9, 10, 12]
total successes of this branch: 2
Matrix on 11 elements:

0    0.00000000  1.27570073  1.74397033  1.24069746  1.00326823  1.76505958  1.05864508  0.95148194  0.99521952  1.47629287  1.21475107
1    1.27570073  0.00000000  0.93057588  1.00259645  0.59780352  1.42669134  1.38462271  1.26202820  1.20919613  1.44793676  1.54059044
2    1.74397033  0.93057588  0.00000000  1.44469589  1.09207957  1.90004967  1.83371671  1.72776699  1.66238082  1.62904635  1.98983358
3    1.24069746  1.00259645  1.44469589  0.00000000  0.64453153  1.36055122  1.36832520  1.18132798  1.18449573  1.59659399  1.52371590
4    1.00326823  0.59780352  1.09207957  0.64453153  0.00000000  1.01384441  1.12697214  0.98131457  0.92538125  1.32063913  1.28273324
5    1.76505958  1.42669134  1.90004967  1.36055122  1.01384441  0.00000000  1.89033657  1.73867956  1.62439743  2.09787549  2.04604391
7    1.05864508  1.38462271  1.83371671  1.36832520  1.12697214  1.89033657  0.00000000  1.10133097  1.03713439  1.34695250  0.65052979
8    0.95148194  1.26202820  1.72776699  1.18132798  0.98131457  1.73867956  1.10133097  0.00000000  1.02626170  1.50066478  1.25063333
9    0.99521952  1.20919613  1.66238082  1.18449573  0.92538125  1.62439743  1.03713439  1.02626170  0.00000000  1.43609825  1.19410312
10    1.47629287  1.44793676  1.62904635  1.59659399  1.32063913  2.09787549  1.34695250  1.50066478  1.43609825  0.00000000  1.50539588
12    1.21475107  1.54059044  1.98983358  1.52371590  1.28273324  2.04604391  0.65052979  1.25063333  1.19410312  1.50539588  0.00000000

--------------------------------------------------------------------------------
n=10
(result of R-step: (7,8:12)0.99104023)
V=[0, 1, 2, 3, 4, 5, 7, 8, 9, 10]
total successes of this branch: 2
Matrix on 10 elements:

0    0.00000000  1.27570073  1.74397033  1.24069746  1.00326823  1.76505958  0.81466105  0.83407502  0.99521952  1.47629287
1    1.27570073  0.00000000  0.93057588  1.00259645  0.59780352  1.42669134  1.14063868  1.14462128  1.20919613  1.44793676
2    1.74397033  0.93057588  0.00000000  1.44469589  1.09207957  1.90004967  1.58973269  1.61036007  1.66238082  1.62904635
3    1.24069746  1.00259645  1.44469589  0.00000000  0.64453153  1.36055122  1.12434118  1.06392106  1.18449573  1.59659399
4    1.00326823  0.59780352  1.09207957  0.64453153  0.00000000  1.01384441  0.88298812  0.86390765  0.92538125  1.32063913
5    1.76505958  1.42669134  1.90004967  1.36055122  1.01384441  0.00000000  1.64635255  1.62127263  1.62439743  2.09787549
7    0.81466105  1.14063868  1.58973269  1.12434118  0.88298812  1.64635255  0.00000000  0.73994002  0.79315036  1.10296848
8    0.83407502  1.14462128  1.61036007  1.06392106  0.86390765  1.62127263  0.73994002  0.00000000  0.90885478  1.38325786
9    0.99521952  1.20919613  1.66238082  1.18449573  0.92538125  1.62439743  0.79315036  0.90885478  0.00000000  1.43609825
10    1.47629287  1.44793676  1.62904635  1.59659399  1.32063913  2.09787549  1.10296848  1.38325786  1.43609825  0.00000000

--------------------------------------------------------------------------------
n=9
(result of R-step: (0,3:8)0.90329455)
V=[0, 1, 2, 3, 4, 5, 7, 9, 10]
total successes of this branch: 2
Matrix on 9 elements:

0    0.00000000  0.82249220  1.29076179  0.53996106  0.55005969  1.31185105  0.36145252  0.54201099  1.02308434
1    0.82249220  0.00000000  0.93057588  0.75506858  0.59780352  1.42669134  1.14063868  1.20919613  1.44793676
2    1.29076179  0.93057588  0.00000000  1.19716803  1.09207957  1.90004967  1.58973269  1.66238082  1.62904635
3    0.53996106  0.75506858  1.19716803  0.00000000  0.39700366  1.11302335  0.87681331  0.93696786  1.34906612
4    0.55005969  0.59780352  1.09207957  0.39700366  0.00000000  1.01384441  0.88298812  0.92538125  1.32063913
5    1.31185105  1.42669134  1.90004967  1.11302335  1.01384441  0.00000000  1.64635255  1.62439743  2.09787549
7    0.36145252  1.14063868  1.58973269  0.87681331  0.88298812  1.64635255  0.00000000  0.79315036  1.10296848
9    0.54201099  1.20919613  1.66238082  0.93696786  0.92538125  1.62439743  0.79315036  0.00000000  1.43609825
10    1.02308434  1.44793676  1.62904635  1.34906612  1.32063913  2.09787549  1.10296848  1.43609825  0.00000000

--------------------------------------------------------------------------------
n=8
(result of R-step: (2,7:10)0.31099037)
V=[0, 1, 2, 3, 4, 5, 7, 9]
total successes of this branch: 2
Matrix on 8 elements:

0    0.00000000  0.82249220  1.03178330  0.53996106  0.55005969  1.31185105  0.19022753  0.54201099
1    0.82249220  0.00000000  0.67159739  0.75506858  0.59780352  1.42669134  0.96941369  1.20919613
2    1.03178330  0.67159739  0.00000000  0.93818953  0.83310107  1.64107118  1.15952920  1.40340233
3    0.53996106  0.75506858  0.93818953  0.00000000  0.39700366  1.11302335  0.70558832  0.93696786
4    0.55005969  0.59780352  0.83310107  0.39700366  0.00000000  1.01384441  0.71176313  0.92538125
5    1.31185105  1.42669134  1.64107118  1.11302335  1.01384441  0.00000000  1.47512755  1.62439743
7    0.19022753  0.96941369  1.15952920  0.70558832  0.71176313  1.47512755  0.00000000  0.62192537
9    0.54201099  1.20919613  1.40340233  0.93696786  0.92538125  1.62439743  0.62192537  0.00000000

--------------------------------------------------------------------------------
n=7
(result of R-step: (5,7:9)0.16858843)
V=[0, 1, 2, 3, 4, 5, 7]
total successes of this branch: 2
Matrix on 7 elements:

0    0.00000000  0.82249220  1.03178330  0.53996106  0.55005969  0.61409085  0.06360840
1    0.82249220  0.00000000  0.67159739  0.75506858  0.59780352  0.72893114  0.84279456
2    1.03178330  0.67159739  0.00000000  0.93818953  0.83310107  0.94331098  1.03291008
3    0.53996106  0.75506858  0.93818953  0.00000000  0.39700366  0.41526315  0.57896919
4    0.55005969  0.59780352  0.83310107  0.39700366  0.00000000  0.31608422  0.58514400
5    0.61409085  0.72893114  0.94331098  0.41526315  0.31608422  0.00000000  0.65074823
7    0.06360840  0.84279456  1.03291008  0.57896919  0.58514400  0.65074823  0.00000000

--------------------------------------------------------------------------------
n=6
(result of R-step: (0,2:7)0.96593521)
V=[0, 1, 2, 3, 4, 5]
total successes of this branch: 2
Matrix on 6 elements:

0    0.00000000  0.82092980  0.87123419  0.53839866  0.54849729  0.61252845
1    0.82092980  0.00000000  0.51261068  0.75506858  0.59780352  0.72893114
2    0.87123419  0.51261068  0.00000000  0.77920282  0.67411436  0.78432427
3    0.53839866  0.75506858  0.77920282  0.00000000  0.39700366  0.41526315
4    0.54849729  0.59780352  0.67411436  0.39700366  0.00000000  0.31608422
5    0.61252845  0.72893114  0.78432427  0.41526315  0.31608422  0.00000000

--------------------------------------------------------------------------------
n=5
(result of R-step: (0,1:2)0.31175582)
V=[0, 1, 3, 4, 5]
total successes of this branch: 0
Matrix on 5 elements:

0    0.00000000  0.35695838  0.19429653  0.20439516  0.26842632
1    0.35695838  0.00000000  0.63519929  0.47793422  0.60906184
3    0.19429653  0.63519929  0.00000000  0.39700366  0.41526315
4    0.20439516  0.47793422  0.39700366  0.00000000  0.31608422
5    0.26842632  0.60906184  0.41526315  0.31608422  0.00000000
reason of abort: no pseudometric

--------------------------------------------------------------------------------
n=5
(result of R-step: (3,4:5)0.40090211)
V=[0, 1, 2, 3, 4]
total successes of this branch: 2
Matrix on 5 elements:

0    0.00000000  0.82092980  0.87123419  0.40203199  0.47434840
1    0.82092980  0.00000000  0.51261068  0.61870191  0.52365463
2    0.87123419  0.51261068  0.00000000  0.64283615  0.59996547
3    0.40203199  0.61870191  0.64283615  0.00000000  0.18648810
4    0.47434840  0.52365463  0.59996547  0.18648810  0.00000000

--------------------------------------------------------------------------------
n=4
(result of R-step: (0,1:2)0.31175582)
V=[0, 1, 3, 4]
total successes of this branch: 0
Matrix on 4 elements:

0    0.00000000  0.35695838  0.05792986  0.13024627
1    0.35695838  0.00000000  0.49883262  0.40378533
3    0.05792986  0.49883262  0.00000000  0.18648810
4    0.13024627  0.40378533  0.18648810  0.00000000
reason of abort: no pseudometric

--------------------------------------------------------------------------------
n=4
(result of R-step: (0,1:4)0.90313668)
V=[0, 1, 2, 3]
total successes of this branch: 0
Matrix on 4 elements:

0    0.00000000  0.37448145  0.52169591  0.05249371
1    0.37448145  0.00000000  0.41570060  0.52179184
2    0.52169591  0.41570060  0.00000000  0.64283615
3    0.05249371  0.52179184  0.64283615  0.00000000
reason of abort: no pseudometric

--------------------------------------------------------------------------------
n=4
(result of R-step: (0,2:4)0.85116040)
V=[0, 1, 2, 3]
total successes of this branch: 0
Matrix on 4 elements:

0    0.00000000  0.47078467  0.15226748  0.05188686
1    0.47078467  0.00000000  0.14378910  0.61870191
2    0.15226748  0.14378910  0.00000000  0.27401457
3    0.05188686  0.61870191  0.27401457  0.00000000
reason of abort: no pseudometric

--------------------------------------------------------------------------------
n=4
(result of R-step: (1,3:0)0.12722140)
V=[1, 2, 3, 4]
total successes of this branch: 1
Matrix on 4 elements:

1    0.00000000  0.37122524  0.43242860  0.38226919
2    0.37122524  0.00000000  0.59794827  0.59996547
3    0.43242860  0.59794827  0.00000000  0.14160022
4    0.38226919  0.59996547  0.14160022  0.00000000

--------------------------------------------------------------------------------
n=4
(result of R-step: (1,3:2)0.68180536)
V=[0, 1, 3, 4]
total successes of this branch: 0
Matrix on 4 elements:

0    0.00000000  0.72401973  0.34325280  0.47434840
1    0.72401973  0.00000000  0.46301265  0.42674455
3    0.34325280  0.46301265  0.00000000  0.12770891
4    0.47434840  0.42674455  0.12770891  0.00000000
reason of abort: no pseudometric

--------------------------------------------------------------------------------
n=4
(result of R-step: (1,3:4)0.20976545)
V=[0, 1, 2, 3]
total successes of this branch: 1
Matrix on 4 elements:

0    0.00000000  0.70106050  0.87123419  0.35631158
1    0.70106050  0.00000000  0.39274138  0.45311221
2    0.87123419  0.39274138  0.00000000  0.59711574
3    0.35631158  0.45311221  0.59711574  0.00000000

--------------------------------------------------------------------------------
n=4
(result of R-step: (1,4:2)0.69438968)
V=[0, 1, 3, 4]
total successes of this branch: 0
Matrix on 4 elements:

0    0.00000000  0.67954436  0.40203199  0.34326339
1    0.67954436  0.00000000  0.47731647  0.25118418
3    0.40203199  0.47731647  0.00000000  0.05540309
4    0.34326339  0.25118418  0.05540309  0.00000000
reason of abort: no pseudometric

--------------------------------------------------------------------------------
n=4
(result of R-step: (2,3:0)0.16481445)
V=[1, 2, 3, 4]
total successes of this branch: 0
Matrix on 4 elements:

1    0.00000000  0.16484546  0.57298151  0.52365463
2    0.16484546  0.00000000  0.24935052  0.25220025
3    0.57298151  0.24935052  0.00000000  0.14076769
4    0.52365463  0.25220025  0.14076769  0.00000000
reason of abort: no pseudometric

--------------------------------------------------------------------------------
n=4
(result of R-step: (2,3:4)0.29091885)
V=[0, 1, 2, 3]
total successes of this branch: 0
Matrix on 4 elements:

0    0.00000000  0.82092980  0.51318619  0.35714411
1    0.82092980  0.00000000  0.15456268  0.57381404
2    0.51318619  0.15456268  0.00000000  0.23990028
3    0.35714411  0.57381404  0.23990028  0.00000000
reason of abort: no pseudometric

--------------------------------------------------------------------------------
n=4
(result of R-step: (3,4:0)0.49843137)
V=[1, 2, 3, 4]
total successes of this branch: 0
reason of abort: negative delta/dxy
