n=20
V=[0, 1, 2, 3, 4, 5, 6, 7, 8, 9, 10, 11, 12, 13, 14, 15, 16, 17, 18, 19]
total successes of this branch: 1
Matrix on 20 elements:

0    0.00000000  1.55746666  1.53690814  1.52457695  1.53117776  1.53624056  1.29071195  1.53066770  1.54733140  1.53724861  1.53125727  1.53078356  1.54012427  1.53161421  1.54020721  1.53779636  1.53902831  1.53143794  1.53144460  1.54639959
1    1.55746666  0.00000000  1.47928891  1.39029400  1.43793245  1.47447095  1.50559777  1.43425131  0.93029741  1.26672906  1.21014623  1.39021344  0.95364142  1.42562428  1.16800954  1.33411682  1.01296758  1.42723086  1.32323147  0.94913451
2    1.53690814  1.47928891  0.00000000  1.48876136  1.19603086  0.93307276  1.15953597  1.21865084  1.48220793  1.26144308  1.48683738  1.27135096  1.48428363  1.20073348  1.32622236  0.59988840  1.44897236  1.20407016  1.33668692  1.48247630
3    1.52457695  1.39029400  1.48876136  0.00000000  1.23463260  1.45915574  1.48369140  1.20282201  1.18540269  1.27057918  0.68350749  1.10077388  0.90322612  1.23721687  1.24558575  1.32704961  0.94382376  1.23081164  0.97410024  1.13760098
4    1.53117776  1.43793245  1.19603086  1.23463260  0.00000000  1.16135721  1.30005519  0.85477494  1.37528373  0.86776461  1.27592542  0.93753331  1.33073462  0.47740715  1.01668652  1.23323303  1.19882157  0.54768299  0.85685429  1.36952400
5    1.53624056  1.47447095  0.93307276  1.45915574  1.16135721  0.00000000  1.12709832  1.18436882  1.46975143  1.23366395  1.46226646  1.23897722  1.46639540  1.16655549  1.30293936  1.08036456  1.42902791  1.16987280  1.30707410  1.46931753
6    1.29071195  1.50559777  1.15953597  1.48369140  1.30005519  1.12709832  0.00000000  1.31424520  1.49884712  1.34752073  1.48814086  1.34841665  1.49404677  1.30346759  1.39192460  1.25192038  1.47028260  1.30547466  1.39122231  1.49822648
7    1.53066770  1.43425131  1.21865084  1.20282201  0.85477494  1.18436882  1.31424520  0.00000000  1.36293425  0.98859227  1.24982828  0.62788375  1.31222113  0.86439534  1.09843586  1.24449286  1.25618349  0.74443030  1.04754885  1.35637757
8    1.54733140  0.93029741  1.48220793  1.18540269  1.37528373  1.46975143  1.49884712  1.36293425  0.00000000  1.27252392  1.13358752  1.31786637  1.06481169  1.36789612  1.01280434  1.36693241  1.10284484  1.36697209  1.25655524  0.06589995
9    1.53724861  1.26672906  1.26144308  1.27057918  0.86776461  1.23366395  1.34752073  0.98859227  1.27252392  0.00000000  1.26979717  1.04385057  1.26875919  0.83752718  0.64713093  1.26346362  1.21963693  0.86565949  1.04293715  1.27244429
10    1.53125727  1.21014623  1.48683738  0.68350749  1.27592542  1.46226646  1.48814086  1.24982828  1.13358752  1.26979717  0.00000000  1.09772334  0.93245527  1.27548484  1.22982902  1.33372943  0.97453073  1.27070692  0.72972447  1.11515652
11    1.53078356  1.39021344  1.27135096  1.10077388  0.93753331  1.23897722  1.34841665  0.62788375  1.31786637  1.04385057  1.09772334  0.00000000  1.23759507  0.94517667  1.12425533  1.26202834  1.20083719  0.88608836  1.01766518  1.30897632
12    1.54012427  0.95364142  1.48428363  0.90322612  1.33073462  1.46639540  1.49404677  1.31222113  1.06481169  1.26875919  0.93245527  1.23759507  0.00000000  1.32627908  1.20891464  1.14683867  0.38581563  1.32366112  1.13913832  1.05819468
13    1.53161421  1.42562428  1.20073348  1.23721687  0.47740715  1.16655549  1.30346759  0.86439534  1.36789612  0.83752718  1.27548484  0.94517667  1.32627908  0.00000000  0.99315394  1.23540637  1.22229138  0.34017108  0.67273311  1.36254474
14    1.54020721  1.16800954  1.32622236  1.24558575  1.01668652  1.30293936  1.39192460  1.09843586  1.01280434  0.64713093  1.22982902  1.12425533  1.20891464  0.99315394  0.00000000  1.29382459  1.18536649  1.01276021  1.10561935  1.02233685
15    1.53779636  1.33411682  0.59988840  1.32704961  1.23323303  1.08036456  1.25192038  1.24449286  1.36693241  1.26346362  1.33372943  1.26202834  1.14683867  1.23540637  1.29382459  0.00000000  1.15742207  1.23709851  1.28212841  1.36529919
16    1.53902831  1.01296758  1.44897236  0.94382376  1.19882157  1.42902791  1.47028260  1.25618349  1.10284484  1.21963693  0.97453073  1.20083719  0.38581563  1.22229138  1.18536649  1.15742207  0.00000000  1.22860298  1.10455823  1.09633284
17    1.53143794  1.42723086  1.20407016  1.23081164  0.54768299  1.16987280  1.30547466  0.74443030  1.36697209  0.86565949  1.27070692  0.88608836  1.32366112  0.34017108  1.01276021  1.23709851  1.22860298  0.00000000  0.78235152  1.36139625
18    1.53144460  1.32323147  1.33668692  0.97410024  0.85685429  1.30707410  1.39122231  1.04754885  1.25655524  1.04293715  0.72972447  1.01766518  1.13913832  0.67273311  1.10561935  1.28212841  1.10455823  0.78235152  0.00000000  1.24498857
19    1.54639959  0.94913451  1.48247630  1.13760098  1.36952400  1.46931753  1.49822648  1.35637757  0.06589995  1.27244429  1.11515652  1.30897632  1.05819468  1.36254474  1.02233685  1.36529919  1.09633284  1.36139625  1.24498857  0.00000000

--------------------------------------------------------------------------------
n=19
(result of R-step: (0,5:6)0.37504130)
V=[0, 1, 2, 3, 4, 5, 7, 8, 9, 10, 11, 12, 13, 14, 15, 16, 17, 18, 19]
total successes of this branch: 1
Matrix on 19 elements:

0    0.00000000  1.11668181  1.09612329  1.08379209  1.09039291  0.65467085  1.08988285  1.10654654  1.09646375  1.09047242  1.08999870  1.09933942  1.09082935  1.09942236  1.09701151  1.09824346  1.09065309  1.09065974  1.10561474
1    1.11668181  0.00000000  1.47928891  1.39029400  1.43793245  1.03368609  1.43425131  0.93029741  1.26672906  1.21014623  1.39021344  0.95364142  1.42562428  1.16800954  1.33411682  1.01296758  1.42723086  1.32323147  0.94913451
2    1.09612329  1.47928891  0.00000000  1.48876136  1.19603086  0.49228791  1.21865084  1.48220793  1.26144308  1.48683738  1.27135096  1.48428363  1.20073348  1.32622236  0.59988840  1.44897236  1.20407016  1.33668692  1.48247630
3    1.08379209  1.39029400  1.48876136  0.00000000  1.23463260  1.01837089  1.20282201  1.18540269  1.27057918  0.68350749  1.10077388  0.90322612  1.23721687  1.24558575  1.32704961  0.94382376  1.23081164  0.97410024  1.13760098
4    1.09039291  1.43793245  1.19603086  1.23463260  0.00000000  0.72057236  0.85477494  1.37528373  0.86776461  1.27592542  0.93753331  1.33073462  0.47740715  1.01668652  1.23323303  1.19882157  0.54768299  0.85685429  1.36952400
5    0.65467085  1.03368609  0.49228791  1.01837089  0.72057236  0.00000000  0.74358396  1.02896657  0.79287909  1.02148161  0.79819236  1.02561055  0.72577064  0.86215451  0.63957971  0.98824305  0.72908795  0.86628925  1.02853267
7    1.08988285  1.43425131  1.21865084  1.20282201  0.85477494  0.74358396  0.00000000  1.36293425  0.98859227  1.24982828  0.62788375  1.31222113  0.86439534  1.09843586  1.24449286  1.25618349  0.74443030  1.04754885  1.35637757
8    1.10654654  0.93029741  1.48220793  1.18540269  1.37528373  1.02896657  1.36293425  0.00000000  1.27252392  1.13358752  1.31786637  1.06481169  1.36789612  1.01280434  1.36693241  1.10284484  1.36697209  1.25655524  0.06589995
9    1.09646375  1.26672906  1.26144308  1.27057918  0.86776461  0.79287909  0.98859227  1.27252392  0.00000000  1.26979717  1.04385057  1.26875919  0.83752718  0.64713093  1.26346362  1.21963693  0.86565949  1.04293715  1.27244429
10    1.09047242  1.21014623  1.48683738  0.68350749  1.27592542  1.02148161  1.24982828  1.13358752  1.26979717  0.00000000  1.09772334  0.93245527  1.27548484  1.22982902  1.33372943  0.97453073  1.27070692  0.72972447  1.11515652
11    1.08999870  1.39021344  1.27135096  1.10077388  0.93753331  0.79819236  0.62788375  1.31786637  1.04385057  1.09772334  0.00000000  1.23759507  0.94517667  1.12425533  1.26202834  1.20083719  0.88608836  1.01766518  1.30897632
12    1.09933942  0.95364142  1.48428363  0.90322612  1.33073462  1.02561055  1.31222113  1.06481169  1.26875919  0.93245527  1.23759507  0.00000000  1.32627908  1.20891464  1.14683867  0.38581563  1.32366112  1.13913832  1.05819468
13    1.09082935  1.42562428  1.20073348  1.23721687  0.47740715  0.72577064  0.86439534  1.36789612  0.83752718  1.27548484  0.94517667  1.32627908  0.00000000  0.99315394  1.23540637  1.22229138  0.34017108  0.67273311  1.36254474
14    1.09942236  1.16800954  1.32622236  1.24558575  1.01668652  0.86215451  1.09843586  1.01280434  0.64713093  1.22982902  1.12425533  1.20891464  0.99315394  0.00000000  1.29382459  1.18536649  1.01276021  1.10561935  1.02233685
15    1.09701151  1.33411682  0.59988840  1.32704961  1.23323303  0.63957971  1.24449286  1.36693241  1.26346362  1.33372943  1.26202834  1.14683867  1.23540637  1.29382459  0.00000000  1.15742207  1.23709851  1.28212841  1.36529919
16    1.09824346  1.01296758  1.44897236  0.94382376  1.19882157  0.98824305  1.25618349  1.10284484  1.21963693  0.97453073  1.20083719  0.38581563  1.22229138  1.18536649  1.15742207  0.00000000  1.22860298  1.10455823  1.09633284
17    1.09065309  1.42723086  1.20407016  1.23081164  0.54768299  0.72908795  0.74443030  1.36697209  0.86565949  1.27070692  0.88608836  1.32366112  0.34017108  1.01276021  1.23709851  1.22860298  0.00000000  0.78235152  1.36139625
18    1.09065974  1.32323147  1.33668692  0.97410024  0.85685429  0.86628925  1.04754885  1.25655524  1.04293715  0.72972447  1.01766518  1.13913832  0.67273311  1.10561935  1.28212841  1.10455823  0.78235152  0.00000000  1.24498857
19    1.10561474  0.94913451  1.48247630  1.13760098  1.36952400  1.02853267  1.35637757  0.06589995  1.27244429  1.11515652  1.30897632  1.05819468  1.36254474  1.02233685  1.36529919  1.09633284  1.36139625  1.24498857  0.00000000

--------------------------------------------------------------------------------
n=18
(result of R-step: (3,8:19)0.04095051)
V=[0, 1, 2, 3, 4, 5, 7, 8, 9, 10, 11, 12, 13, 14, 15, 16, 17, 18]
total successes of this branch: 1
Matrix on 18 elements:

0    0.00000000  1.11668181  1.09612329  1.07474297  1.09039291  0.65467085  1.08988285  1.09749742  1.09646375  1.09047242  1.08999870  1.09933942  1.09082935  1.09942236  1.09701151  1.09824346  1.09065309  1.09065974
1    1.11668181  0.00000000  1.47928891  1.38124488  1.43793245  1.03368609  1.43425131  0.92124829  1.26672906  1.21014623  1.39021344  0.95364142  1.42562428  1.16800954  1.33411682  1.01296758  1.42723086  1.32323147
2    1.09612329  1.47928891  0.00000000  1.47971224  1.19603086  0.49228791  1.21865084  1.47315881  1.26144308  1.48683738  1.27135096  1.48428363  1.20073348  1.32622236  0.59988840  1.44897236  1.20407016  1.33668692
3    1.07474297  1.38124488  1.47971224  0.00000000  1.22558348  1.00932177  1.19377289  1.16730445  1.26153006  0.67445836  1.09172476  0.89417700  1.22816775  1.23653662  1.31800048  0.93477464  1.22176252  0.96505112
4    1.09039291  1.43793245  1.19603086  1.22558348  0.00000000  0.72057236  0.85477494  1.36623461  0.86776461  1.27592542  0.93753331  1.33073462  0.47740715  1.01668652  1.23323303  1.19882157  0.54768299  0.85685429
5    0.65467085  1.03368609  0.49228791  1.00932177  0.72057236  0.00000000  0.74358396  1.01991745  0.79287909  1.02148161  0.79819236  1.02561055  0.72577064  0.86215451  0.63957971  0.98824305  0.72908795  0.86628925
7    1.08988285  1.43425131  1.21865084  1.19377289  0.85477494  0.74358396  0.00000000  1.35388512  0.98859227  1.24982828  0.62788375  1.31222113  0.86439534  1.09843586  1.24449286  1.25618349  0.74443030  1.04754885
8    1.09749742  0.92124829  1.47315881  1.16730445  1.36623461  1.01991745  1.35388512  0.00000000  1.26347480  1.12453840  1.30881724  1.05576256  1.35884700  1.00375521  1.35788329  1.09379572  1.35792297  1.24750612
9    1.09646375  1.26672906  1.26144308  1.26153006  0.86776461  0.79287909  0.98859227  1.26347480  0.00000000  1.26979717  1.04385057  1.26875919  0.83752718  0.64713093  1.26346362  1.21963693  0.86565949  1.04293715
10    1.09047242  1.21014623  1.48683738  0.67445836  1.27592542  1.02148161  1.24982828  1.12453840  1.26979717  0.00000000  1.09772334  0.93245527  1.27548484  1.22982902  1.33372943  0.97453073  1.27070692  0.72972447
11    1.08999870  1.39021344  1.27135096  1.09172476  0.93753331  0.79819236  0.62788375  1.30881724  1.04385057  1.09772334  0.00000000  1.23759507  0.94517667  1.12425533  1.26202834  1.20083719  0.88608836  1.01766518
12    1.09933942  0.95364142  1.48428363  0.89417700  1.33073462  1.02561055  1.31222113  1.05576256  1.26875919  0.93245527  1.23759507  0.00000000  1.32627908  1.20891464  1.14683867  0.38581563  1.32366112  1.13913832
13    1.09082935  1.42562428  1.20073348  1.22816775  0.47740715  0.72577064  0.86439534  1.35884700  0.83752718  1.27548484  0.94517667  1.32627908  0.00000000  0.99315394  1.23540637  1.22229138  0.34017108  0.67273311
14    1.09942236  1.16800954  1.32622236  1.23653662  1.01668652  0.86215451  1.09843586  1.00375521  0.64713093  1.22982902  1.12425533  1.20891464  0.99315394  0.00000000  1.29382459  1.18536649  1.01276021  1.10561935
15    1.09701151  1.33411682  0.59988840  1.31800048  1.23323303  0.63957971  1.24449286  1.35788329  1.26346362  1.33372943  1.26202834  1.14683867  1.23540637  1.29382459  0.00000000  1.15742207  1.23709851  1.28212841
16    1.09824346  1.01296758  1.44897236  0.93477464  1.19882157  0.98824305  1.25618349  1.09379572  1.21963693  0.97453073  1.20083719  0.38581563  1.22229138  1.18536649  1.15742207  0.00000000  1.22860298  1.10455823
17    1.09065309  1.42723086  1.20407016  1.22176252  0.54768299  0.72908795  0.74443030  1.35792297  0.86565949  1.27070692  0.88608836  1.32366112  0.34017108  1.01276021  1.23709851  1.22860298  0.00000000  0.78235152
18    1.09065974  1.32323147  1.33668692  0.96505112  0.85685429  0.86628925  1.04754885  1.24750612  1.04293715  0.72972447  1.01766518  1.13913832  0.67273311  1.10561935  1.28212841  1.10455823  0.78235152  0.00000000

--------------------------------------------------------------------------------
n=17
(result of R-step: (4,12:16)0.12250105)
V=[0, 1, 2, 3, 4, 5, 7, 8, 9, 10, 11, 12, 13, 14, 15, 17, 18]
total successes of this branch: 1
Matrix on 17 elements:

0    0.00000000  1.11668181  1.09612329  1.07474297  0.96344162  0.65467085  1.08988285  1.09749742  1.09646375  1.09047242  1.08999870  0.97238813  1.09082935  1.09942236  1.09701151  1.09065309  1.09065974
1    1.11668181  0.00000000  1.47928891  1.38124488  1.31098116  1.03368609  1.43425131  0.92124829  1.26672906  1.21014623  1.39021344  0.82669014  1.42562428  1.16800954  1.33411682  1.42723086  1.32323147
2    1.09612329  1.47928891  0.00000000  1.47971224  1.06907957  0.49228791  1.21865084  1.47315881  1.26144308  1.48683738  1.27135096  1.35733234  1.20073348  1.32622236  0.59988840  1.20407016  1.33668692
3    1.07474297  1.38124488  1.47971224  0.00000000  1.09863219  1.00932177  1.19377289  1.16730445  1.26153006  0.67445836  1.09172476  0.76722571  1.22816775  1.23653662  1.31800048  1.22176252  0.96505112
4    0.96344162  1.31098116  1.06907957  1.09863219  0.00000000  0.59362107  0.72782366  1.23928332  0.74081332  1.14897413  0.81058202  1.07683205  0.35045587  0.88973524  1.10628174  0.42073171  0.72990300
5    0.65467085  1.03368609  0.49228791  1.00932177  0.59362107  0.00000000  0.74358396  1.01991745  0.79287909  1.02148161  0.79819236  0.89865926  0.72577064  0.86215451  0.63957971  0.72908795  0.86628925
7    1.08988285  1.43425131  1.21865084  1.19377289  0.72782366  0.74358396  0.00000000  1.35388512  0.98859227  1.24982828  0.62788375  1.18526984  0.86439534  1.09843586  1.24449286  0.74443030  1.04754885
8    1.09749742  0.92124829  1.47315881  1.16730445  1.23928332  1.01991745  1.35388512  0.00000000  1.26347480  1.12453840  1.30881724  0.92881128  1.35884700  1.00375521  1.35788329  1.35792297  1.24750612
9    1.09646375  1.26672906  1.26144308  1.26153006  0.74081332  0.79287909  0.98859227  1.26347480  0.00000000  1.26979717  1.04385057  1.14180790  0.83752718  0.64713093  1.26346362  0.86565949  1.04293715
10    1.09047242  1.21014623  1.48683738  0.67445836  1.14897413  1.02148161  1.24982828  1.12453840  1.26979717  0.00000000  1.09772334  0.80550399  1.27548484  1.22982902  1.33372943  1.27070692  0.72972447
11    1.08999870  1.39021344  1.27135096  1.09172476  0.81058202  0.79819236  0.62788375  1.30881724  1.04385057  1.09772334  0.00000000  1.11064378  0.94517667  1.12425533  1.26202834  0.88608836  1.01766518
12    0.97238813  0.82669014  1.35733234  0.76722571  1.07683205  0.89865926  1.18526984  0.92881128  1.14180790  0.80550399  1.11064378  0.00000000  1.19932779  1.08196335  1.01988738  1.19670983  1.01218703
13    1.09082935  1.42562428  1.20073348  1.22816775  0.35045587  0.72577064  0.86439534  1.35884700  0.83752718  1.27548484  0.94517667  1.19932779  0.00000000  0.99315394  1.23540637  0.34017108  0.67273311
14    1.09942236  1.16800954  1.32622236  1.23653662  0.88973524  0.86215451  1.09843586  1.00375521  0.64713093  1.22982902  1.12425533  1.08196335  0.99315394  0.00000000  1.29382459  1.01276021  1.10561935
15    1.09701151  1.33411682  0.59988840  1.31800048  1.10628174  0.63957971  1.24449286  1.35788329  1.26346362  1.33372943  1.26202834  1.01988738  1.23540637  1.29382459  0.00000000  1.23709851  1.28212841
17    1.09065309  1.42723086  1.20407016  1.22176252  0.42073171  0.72908795  0.74443030  1.35792297  0.86565949  1.27070692  0.88608836  1.19670983  0.34017108  1.01276021  1.23709851  0.00000000  0.78235152
18    1.09065974  1.32323147  1.33668692  0.96505112  0.72990300  0.86628925  1.04754885  1.24750612  1.04293715  0.72972447  1.01766518  1.01218703  0.67273311  1.10561935  1.28212841  0.78235152  0.00000000

--------------------------------------------------------------------------------
n=16
(result of R-step: (2,12:15)0.72382234)
V=[0, 1, 2, 3, 4, 5, 7, 8, 9, 10, 11, 12, 13, 14, 17, 18]
total successes of this branch: 1
Matrix on 16 elements:

0    0.00000000  1.11668181  0.96490157  1.07474297  0.96344162  0.65467085  1.08988285  1.09749742  1.09646375  1.09047242  1.08999870  0.96811770  1.09082935  1.09942236  1.09065309  1.09065974
1    1.11668181  0.00000000  1.34806719  1.38124488  1.31098116  1.03368609  1.43425131  0.92124829  1.26672906  1.21014623  1.39021344  0.82241971  1.42562428  1.16800954  1.42723086  1.32323147
2    0.96490157  1.34806719  0.00000000  1.34849052  0.93785785  0.36106619  1.08742912  1.34193709  1.13022136  1.35561566  1.14012924  1.22184019  1.06951176  1.19500064  1.07284844  1.20546520
3    1.07474297  1.38124488  1.34849052  0.00000000  1.09863219  1.00932177  1.19377289  1.16730445  1.26153006  0.67445836  1.09172476  0.76295528  1.22816775  1.23653662  1.22176252  0.96505112
4    0.96344162  1.31098116  0.93785785  1.09863219  0.00000000  0.59362107  0.72782366  1.23928332  0.74081332  1.14897413  0.81058202  1.07256162  0.35045587  0.88973524  0.42073171  0.72990300
5    0.65467085  1.03368609  0.36106619  1.00932177  0.59362107  0.00000000  0.74358396  1.01991745  0.79287909  1.02148161  0.79819236  0.89438883  0.72577064  0.86215451  0.72908795  0.86628925
7    1.08988285  1.43425131  1.08742912  1.19377289  0.72782366  0.74358396  0.00000000  1.35388512  0.98859227  1.24982828  0.62788375  1.18099941  0.86439534  1.09843586  0.74443030  1.04754885
8    1.09749742  0.92124829  1.34193709  1.16730445  1.23928332  1.01991745  1.35388512  0.00000000  1.26347480  1.12453840  1.30881724  0.92454085  1.35884700  1.00375521  1.35792297  1.24750612
9    1.09646375  1.26672906  1.13022136  1.26153006  0.74081332  0.79287909  0.98859227  1.26347480  0.00000000  1.26979717  1.04385057  1.13753747  0.83752718  0.64713093  0.86565949  1.04293715
10    1.09047242  1.21014623  1.35561566  0.67445836  1.14897413  1.02148161  1.24982828  1.12453840  1.26979717  0.00000000  1.09772334  0.80123355  1.27548484  1.22982902  1.27070692  0.72972447
11    1.08999870  1.39021344  1.14012924  1.09172476  0.81058202  0.79819236  0.62788375  1.30881724  1.04385057  1.09772334  0.00000000  1.10637335  0.94517667  1.12425533  0.88608836  1.01766518
12    0.96811770  0.82241971  1.22184019  0.76295528  1.07256162  0.89438883  1.18099941  0.92454085  1.13753747  0.80123355  1.10637335  0.00000000  1.19505736  1.07769292  1.19243940  1.00791660
13    1.09082935  1.42562428  1.06951176  1.22816775  0.35045587  0.72577064  0.86439534  1.35884700  0.83752718  1.27548484  0.94517667  1.19505736  0.00000000  0.99315394  0.34017108  0.67273311
14    1.09942236  1.16800954  1.19500064  1.23653662  0.88973524  0.86215451  1.09843586  1.00375521  0.64713093  1.22982902  1.12425533  1.07769292  0.99315394  0.00000000  1.01276021  1.10561935
17    1.09065309  1.42723086  1.07284844  1.22176252  0.42073171  0.72908795  0.74443030  1.35792297  0.86565949  1.27070692  0.88608836  1.19243940  0.34017108  1.01276021  0.00000000  0.78235152
18    1.09065974  1.32323147  1.20546520  0.96505112  0.72990300  0.86628925  1.04754885  1.24750612  1.04293715  0.72972447  1.01766518  1.00791660  0.67273311  1.10561935  0.78235152  0.00000000

--------------------------------------------------------------------------------
n=15
(result of R-step: (1,3:12)0.47271073)
V=[0, 1, 2, 3, 4, 5, 7, 8, 9, 10, 11, 13, 14, 17, 18]
total successes of this branch: 1
Matrix on 15 elements:

0    0.00000000  0.88339504  0.96490157  0.85050532  0.96344162  0.65467085  1.08988285  1.09749742  1.09646375  1.09047242  1.08999870  1.09082935  1.09942236  1.09065309  1.09065974
1    0.88339504  0.00000000  1.11478042  0.92372046  1.07769439  0.80039932  1.20096454  0.68796152  1.03344229  0.97685946  1.15692667  1.19233751  0.93472277  1.19394409  1.08994470
2    0.96490157  1.11478042  0.00000000  1.12425287  0.93785785  0.36106619  1.08742912  1.34193709  1.13022136  1.35561566  1.14012924  1.06951176  1.19500064  1.07284844  1.20546520
3    0.85050532  0.92372046  1.12425287  0.00000000  0.87439454  0.78508412  0.96953524  0.94306680  1.03729241  0.45022071  0.86748711  1.00393010  1.01229897  0.99752487  0.74081347
4    0.96344162  1.07769439  0.93785785  0.87439454  0.00000000  0.59362107  0.72782366  1.23928332  0.74081332  1.14897413  0.81058202  0.35045587  0.88973524  0.42073171  0.72990300
5    0.65467085  0.80039932  0.36106619  0.78508412  0.59362107  0.00000000  0.74358396  1.01991745  0.79287909  1.02148161  0.79819236  0.72577064  0.86215451  0.72908795  0.86628925
7    1.08988285  1.20096454  1.08742912  0.96953524  0.72782366  0.74358396  0.00000000  1.35388512  0.98859227  1.24982828  0.62788375  0.86439534  1.09843586  0.74443030  1.04754885
8    1.09749742  0.68796152  1.34193709  0.94306680  1.23928332  1.01991745  1.35388512  0.00000000  1.26347480  1.12453840  1.30881724  1.35884700  1.00375521  1.35792297  1.24750612
9    1.09646375  1.03344229  1.13022136  1.03729241  0.74081332  0.79287909  0.98859227  1.26347480  0.00000000  1.26979717  1.04385057  0.83752718  0.64713093  0.86565949  1.04293715
10    1.09047242  0.97685946  1.35561566  0.45022071  1.14897413  1.02148161  1.24982828  1.12453840  1.26979717  0.00000000  1.09772334  1.27548484  1.22982902  1.27070692  0.72972447
11    1.08999870  1.15692667  1.14012924  0.86748711  0.81058202  0.79819236  0.62788375  1.30881724  1.04385057  1.09772334  0.00000000  0.94517667  1.12425533  0.88608836  1.01766518
13    1.09082935  1.19233751  1.06951176  1.00393010  0.35045587  0.72577064  0.86439534  1.35884700  0.83752718  1.27548484  0.94517667  0.00000000  0.99315394  0.34017108  0.67273311
14    1.09942236  0.93472277  1.19500064  1.01229897  0.88973524  0.86215451  1.09843586  1.00375521  0.64713093  1.22982902  1.12425533  0.99315394  0.00000000  1.01276021  1.10561935
17    1.09065309  1.19394409  1.07284844  0.99752487  0.42073171  0.72908795  0.74443030  1.35792297  0.86565949  1.27070692  0.88608836  0.34017108  1.01276021  0.00000000  0.78235152
18    1.09065974  1.08994470  1.20546520  0.74081347  0.72990300  0.86628925  1.04754885  1.24750612  1.04293715  0.72972447  1.01766518  0.67273311  1.10561935  0.78235152  0.00000000

--------------------------------------------------------------------------------
n=14
(result of R-step: (8,9:14)0.29343113)
V=[0, 1, 2, 3, 4, 5, 7, 8, 9, 10, 11, 13, 17, 18]
total successes of this branch: 1
Matrix on 14 elements:

0    0.00000000  0.88339504  0.96490157  0.85050532  0.96344162  0.65467085  1.08988285  0.91284087  0.90275808  1.09047242  1.08999870  1.09082935  1.09065309  1.09065974
1    0.88339504  0.00000000  1.11478042  0.92372046  1.07769439  0.80039932  1.20096454  0.50330497  0.83973662  0.97685946  1.15692667  1.19233751  1.19394409  1.08994470
2    0.96490157  1.11478042  0.00000000  1.12425287  0.93785785  0.36106619  1.08742912  1.15728054  0.93651569  1.35561566  1.14012924  1.06951176  1.07284844  1.20546520
3    0.85050532  0.92372046  1.12425287  0.00000000  0.87439454  0.78508412  0.96953524  0.75841025  0.84358674  0.45022071  0.86748711  1.00393010  0.99752487  0.74081347
4    0.96344162  1.07769439  0.93785785  0.87439454  0.00000000  0.59362107  0.72782366  1.05462678  0.54710765  1.14897413  0.81058202  0.35045587  0.42073171  0.72990300
5    0.65467085  0.80039932  0.36106619  0.78508412  0.59362107  0.00000000  0.74358396  0.83526090  0.59917342  1.02148161  0.79819236  0.72577064  0.72908795  0.86628925
7    1.08988285  1.20096454  1.08742912  0.96953524  0.72782366  0.74358396  0.00000000  1.16922858  0.79488660  1.24982828  0.62788375  0.86439534  0.74443030  1.04754885
8    0.91284087  0.50330497  1.15728054  0.75841025  1.05462678  0.83526090  1.16922858  0.00000000  0.88511258  0.93988185  1.12416070  1.17419045  1.17326642  1.06284957
9    0.90275808  0.83973662  0.93651569  0.84358674  0.54710765  0.59917342  0.79488660  0.88511258  0.00000000  1.07609150  0.85014490  0.64382151  0.67195382  0.84923148
10    1.09047242  0.97685946  1.35561566  0.45022071  1.14897413  1.02148161  1.24982828  0.93988185  1.07609150  0.00000000  1.09772334  1.27548484  1.27070692  0.72972447
11    1.08999870  1.15692667  1.14012924  0.86748711  0.81058202  0.79819236  0.62788375  1.12416070  0.85014490  1.09772334  0.00000000  0.94517667  0.88608836  1.01766518
13    1.09082935  1.19233751  1.06951176  1.00393010  0.35045587  0.72577064  0.86439534  1.17419045  0.64382151  1.27548484  0.94517667  0.00000000  0.34017108  0.67273311
17    1.09065309  1.19394409  1.07284844  0.99752487  0.42073171  0.72908795  0.74443030  1.17326642  0.67195382  1.27070692  0.88608836  0.34017108  0.00000000  0.78235152
18    1.09065974  1.08994470  1.20546520  0.74081347  0.72990300  0.86628925  1.04754885  1.06284957  0.84923148  0.72972447  1.01766518  0.67273311  0.78235152  0.00000000

--------------------------------------------------------------------------------
n=13
(result of R-step: (10,13:18)0.47518905)
V=[0, 1, 2, 3, 4, 5, 7, 8, 9, 10, 11, 13, 17]
total successes of this branch: 1
Matrix on 13 elements:

0    0.00000000  0.88339504  0.96490157  0.85050532  0.96344162  0.65467085  1.08988285  0.91284087  0.90275808  1.02698605  1.08999870  1.02734298  1.09065309
1    0.88339504  0.00000000  1.11478042  0.92372046  1.07769439  0.80039932  1.20096454  0.50330497  0.83973662  0.91337309  1.15692667  1.12885114  1.19394409
2    0.96490157  1.11478042  0.00000000  1.12425287  0.93785785  0.36106619  1.08742912  1.15728054  0.93651569  1.29212929  1.14012924  1.00602539  1.07284844
3    0.85050532  0.92372046  1.12425287  0.00000000  0.87439454  0.78508412  0.96953524  0.75841025  0.84358674  0.38673434  0.86748711  0.94044373  0.99752487
4    0.96344162  1.07769439  0.93785785  0.87439454  0.00000000  0.59362107  0.72782366  1.05462678  0.54710765  1.08548776  0.81058202  0.28696950  0.42073171
5    0.65467085  0.80039932  0.36106619  0.78508412  0.59362107  0.00000000  0.74358396  0.83526090  0.59917342  0.95799524  0.79819236  0.66228427  0.72908795
7    1.08988285  1.20096454  1.08742912  0.96953524  0.72782366  0.74358396  0.00000000  1.16922858  0.79488660  1.18634191  0.62788375  0.80090897  0.74443030
8    0.91284087  0.50330497  1.15728054  0.75841025  1.05462678  0.83526090  1.16922858  0.00000000  0.88511258  0.87639548  1.12416070  1.11070408  1.17326642
9    0.90275808  0.83973662  0.93651569  0.84358674  0.54710765  0.59917342  0.79488660  0.88511258  0.00000000  1.01260513  0.85014490  0.58033514  0.67195382
10    1.02698605  0.91337309  1.29212929  0.38673434  1.08548776  0.95799524  1.18634191  0.87639548  1.01260513  0.00000000  1.03423697  1.14851211  1.20722055
11    1.08999870  1.15692667  1.14012924  0.86748711  0.81058202  0.79819236  0.62788375  1.12416070  0.85014490  1.03423697  0.00000000  0.88169030  0.88608836
13    1.02734298  1.12885114  1.00602539  0.94044373  0.28696950  0.66228427  0.80090897  1.11070408  0.58033514  1.14851211  0.88169030  0.00000000  0.27668471
17    1.09065309  1.19394409  1.07284844  0.99752487  0.42073171  0.72908795  0.74443030  1.17326642  0.67195382  1.20722055  0.88608836  0.27668471  0.00000000

--------------------------------------------------------------------------------
n=12
(result of R-step: (7,13:17)0.18622638)
V=[0, 1, 2, 3, 4, 5, 7, 8, 9, 10, 11, 13]
total successes of this branch: 1
Matrix on 12 elements:

0    0.00000000  0.88339504  0.96490157  0.85050532  0.96344162  0.65467085  0.97977983  0.91284087  0.90275808  1.02698605  1.08999870  0.98072634
1    0.88339504  0.00000000  1.11478042  0.92372046  1.07769439  0.80039932  1.09086152  0.50330497  0.83973662  0.91337309  1.15692667  1.08223449
2    0.96490157  1.11478042  0.00000000  1.12425287  0.93785785  0.36106619  0.97732610  1.15728054  0.93651569  1.29212929  1.14012924  0.95940874
3    0.85050532  0.92372046  1.12425287  0.00000000  0.87439454  0.78508412  0.85943222  0.75841025  0.84358674  0.38673434  0.86748711  0.89382708
4    0.96344162  1.07769439  0.93785785  0.87439454  0.00000000  0.59362107  0.61772064  1.05462678  0.54710765  1.08548776  0.81058202  0.24035285
5    0.65467085  0.80039932  0.36106619  0.78508412  0.59362107  0.00000000  0.63348094  0.83526090  0.59917342  0.95799524  0.79819236  0.61566762
7    0.97977983  1.09086152  0.97732610  0.85943222  0.61772064  0.63348094  0.00000000  1.05912556  0.68478358  1.07623889  0.51778073  0.64418931
8    0.91284087  0.50330497  1.15728054  0.75841025  1.05462678  0.83526090  1.05912556  0.00000000  0.88511258  0.87639548  1.12416070  1.06408743
9    0.90275808  0.83973662  0.93651569  0.84358674  0.54710765  0.59917342  0.68478358  0.88511258  0.00000000  1.01260513  0.85014490  0.53371849
10    1.02698605  0.91337309  1.29212929  0.38673434  1.08548776  0.95799524  1.07623889  0.87639548  1.01260513  0.00000000  1.03423697  1.10189546
11    1.08999870  1.15692667  1.14012924  0.86748711  0.81058202  0.79819236  0.51778073  1.12416070  0.85014490  1.03423697  0.00000000  0.83507365
13    0.98072634  1.08223449  0.95940874  0.89382708  0.24035285  0.61566762  0.64418931  1.06408743  0.53371849  1.10189546  0.83507365  0.00000000

--------------------------------------------------------------------------------
n=11
(result of R-step: (4,9:13)0.92810795)
V=[0, 1, 2, 3, 4, 5, 7, 8, 9, 10, 11]
total successes of this branch: 1
Matrix on 11 elements:

0    0.00000000  0.88339504  0.96490157  0.85050532  0.86680805  0.65467085  0.97977983  0.91284087  0.87287889  1.02698605  1.08999870
1    0.88339504  0.00000000  1.11478042  0.92372046  0.98106081  0.80039932  1.09086152  0.50330497  0.80985743  0.91337309  1.15692667
2    0.96490157  1.11478042  0.00000000  1.12425287  0.84122428  0.36106619  0.97732610  1.15728054  0.90663650  1.29212929  1.14012924
3    0.85050532  0.92372046  1.12425287  0.00000000  0.77776097  0.78508412  0.85943222  0.75841025  0.81370755  0.38673434  0.86748711
4    0.86680805  0.98106081  0.84122428  0.77776097  0.00000000  0.49698750  0.52108706  0.95799320  0.42059488  0.98885418  0.71394844
5    0.65467085  0.80039932  0.36106619  0.78508412  0.49698750  0.00000000  0.63348094  0.83526090  0.56929423  0.95799524  0.79819236
7    0.97977983  1.09086152  0.97732610  0.85943222  0.52108706  0.63348094  0.00000000  1.05912556  0.65490439  1.07623889  0.51778073
8    0.91284087  0.50330497  1.15728054  0.75841025  0.95799320  0.83526090  1.05912556  0.00000000  0.85523339  0.87639548  1.12416070
9    0.87287889  0.80985743  0.90663650  0.81370755  0.42059488  0.56929423  0.65490439  0.85523339  0.00000000  0.98272594  0.82026570
10    1.02698605  0.91337309  1.29212929  0.38673434  0.98885418  0.95799524  1.07623889  0.87639548  0.98272594  0.00000000  1.03423697
11    1.08999870  1.15692667  1.14012924  0.86748711  0.71394844  0.79819236  0.51778073  1.12416070  0.82026570  1.03423697  0.00000000

--------------------------------------------------------------------------------
n=10
(result of R-step: (7,10:11)0.80349455)
V=[0, 1, 2, 3, 4, 5, 7, 8, 9, 10]
total successes of this branch: 1
Matrix on 10 elements:

0    0.00000000  0.88339504  0.96490157  0.85050532  0.86680805  0.65467085  0.85199344  0.91284087  0.87287889  0.85258302
1    0.88339504  0.00000000  1.11478042  0.92372046  0.98106081  0.80039932  0.96307513  0.50330497  0.80985743  0.73897005
2    0.96490157  1.11478042  0.00000000  1.12425287  0.84122428  0.36106619  0.84953972  1.15728054  0.90663650  1.11772626
3    0.85050532  0.92372046  1.12425287  0.00000000  0.77776097  0.78508412  0.73164584  0.75841025  0.81370755  0.21233131
4    0.86680805  0.98106081  0.84122428  0.77776097  0.00000000  0.49698750  0.39330067  0.95799320  0.42059488  0.81445115
5    0.65467085  0.80039932  0.36106619  0.78508412  0.49698750  0.00000000  0.50569456  0.83526090  0.56929423  0.78359220
7    0.85199344  0.96307513  0.84953972  0.73164584  0.39330067  0.50569456  0.00000000  0.93133917  0.52711800  0.77404947
8    0.91284087  0.50330497  1.15728054  0.75841025  0.95799320  0.83526090  0.93133917  0.00000000  0.85523339  0.70199245
9    0.87287889  0.80985743  0.90663650  0.81370755  0.42059488  0.56929423  0.52711800  0.85523339  0.00000000  0.80832290
10    0.85258302  0.73897005  1.11772626  0.21233131  0.81445115  0.78359220  0.77404947  0.70199245  0.80832290  0.00000000

--------------------------------------------------------------------------------
n=9
(result of R-step: (1,3:10)0.20311287)
V=[0, 1, 2, 3, 4, 5, 7, 8, 9]
total successes of this branch: 1
Matrix on 9 elements:

0    0.00000000  0.86500195  0.96490157  0.83211224  0.86680805  0.65467085  0.85199344  0.91284087  0.87287889
1    0.86500195  0.00000000  1.09638734  0.88693429  0.96266773  0.78200624  0.94468205  0.48491189  0.79146434
2    0.96490157  1.09638734  0.00000000  1.10585978  0.84122428  0.36106619  0.84953972  1.15728054  0.90663650
3    0.83211224  0.88693429  1.10585978  0.00000000  0.75936788  0.76669103  0.71325275  0.74001716  0.79531446
4    0.86680805  0.96266773  0.84122428  0.75936788  0.00000000  0.49698750  0.39330067  0.95799320  0.42059488
5    0.65467085  0.78200624  0.36106619  0.76669103  0.49698750  0.00000000  0.50569456  0.83526090  0.56929423
7    0.85199344  0.94468205  0.84953972  0.71325275  0.39330067  0.50569456  0.00000000  0.93133917  0.52711800
8    0.91284087  0.48491189  1.15728054  0.74001716  0.95799320  0.83526090  0.93133917  0.00000000  0.85523339
9    0.87287889  0.79146434  0.90663650  0.79531446  0.42059488  0.56929423  0.52711800  0.85523339  0.00000000

--------------------------------------------------------------------------------
n=8
(result of R-step: (1,4:9)0.23092802)
V=[0, 1, 2, 3, 4, 5, 7, 8]
total successes of this branch: 1
Matrix on 8 elements:

0    0.00000000  0.76840120  0.96490157  0.83211224  0.74211230  0.65467085  0.85199344  0.91284087
1    0.76840120  0.00000000  0.99978658  0.79033353  0.74137122  0.68540548  0.84808129  0.38831113
2    0.96490157  0.99978658  0.00000000  1.10585978  0.71652853  0.36106619  0.84953972  1.15728054
3    0.83211224  0.79033353  1.10585978  0.00000000  0.63467213  0.76669103  0.71325275  0.74001716
4    0.74211230  0.74137122  0.71652853  0.63467213  0.00000000  0.37229175  0.26860493  0.83329745
5    0.65467085  0.68540548  0.36106619  0.76669103  0.37229175  0.00000000  0.50569456  0.83526090
7    0.85199344  0.84808129  0.84953972  0.71325275  0.26860493  0.50569456  0.00000000  0.93133917
8    0.91284087  0.38831113  1.15728054  0.74001716  0.83329745  0.83526090  0.93133917  0.00000000

--------------------------------------------------------------------------------
n=7
(result of R-step: (1,3:8)0.69184082)
V=[0, 1, 2, 3, 4, 5, 7]
total successes of this branch: 1
Matrix on 7 elements:

0    0.00000000  0.75397876  0.96490157  0.72108904  0.74211230  0.65467085  0.85199344
1    0.75397876  0.00000000  0.98536414  0.66488790  0.72694878  0.67098304  0.83365886
2    0.96490157  0.98536414  0.00000000  0.99483659  0.71652853  0.36106619  0.84953972
3    0.72108904  0.66488790  0.99483659  0.00000000  0.52364894  0.65566784  0.60222956
4    0.74211230  0.72694878  0.71652853  0.52364894  0.00000000  0.37229175  0.26860493
5    0.65467085  0.67098304  0.36106619  0.65566784  0.37229175  0.00000000  0.50569456
7    0.85199344  0.83365886  0.84953972  0.60222956  0.26860493  0.50569456  0.00000000

--------------------------------------------------------------------------------
n=6
(result of R-step: (3,4:7)0.07727239)
V=[0, 1, 2, 3, 4, 5]
total successes of this branch: 1
Matrix on 6 elements:

0    0.00000000  0.75397876  0.96490157  0.67230992  0.67891073  0.65467085
1    0.75397876  0.00000000  0.98536414  0.61610877  0.66374722  0.67098304
2    0.96490157  0.98536414  0.00000000  0.94605746  0.65332696  0.36106619
3    0.67230992  0.61610877  0.94605746  0.00000000  0.41166825  0.60688871
4    0.67891073  0.66374722  0.65332696  0.41166825  0.00000000  0.30909018
5    0.65467085  0.67098304  0.36106619  0.60688871  0.30909018  0.00000000

--------------------------------------------------------------------------------
n=5
(result of R-step: (0,3:1)0.85657682)
V=[0, 2, 3, 4, 5]
total successes of this branch: 0
Matrix on 5 elements:

0    0.00000000  0.59459697  0.24253644  0.30860613  0.28436625
2    0.59459697  0.00000000  0.88658859  0.65332696  0.36106619
3    0.24253644  0.88658859  0.00000000  0.35219937  0.54741984
4    0.30860613  0.65332696  0.35219937  0.00000000  0.30909018
5    0.28436625  0.36106619  0.54741984  0.30909018  0.00000000
reason of abort: no pseudometric

--------------------------------------------------------------------------------
n=5
(result of R-step: (2,4:5)0.88350152)
V=[0, 1, 2, 3, 4]
total successes of this branch: 1
Matrix on 5 elements:

0    0.00000000  0.75397876  0.64692373  0.67230992  0.64119335
1    0.75397876  0.00000000  0.66738630  0.61610877  0.62602984
2    0.64692373  0.66738630  0.00000000  0.62807962  0.29763174
3    0.67230992  0.61610877  0.62807962  0.00000000  0.37395087
4    0.64119335  0.62602984  0.29763174  0.37395087  0.00000000

--------------------------------------------------------------------------------
n=4
(result of R-step: (0,2:3)0.49654464)
V=[0, 1, 2, 4]
total successes of this branch: 0
reason of abort: negative delta/dxy

--------------------------------------------------------------------------------
n=4
(result of R-step: (0,3:1)0.85657682)
V=[0, 2, 3, 4]
total successes of this branch: 0
Matrix on 4 elements:

0    0.00000000  0.27661913  0.24253644  0.27088875
2    0.27661913  0.00000000  0.56861075  0.29763174
3    0.24253644  0.56861075  0.00000000  0.31448199
4    0.27088875  0.29763174  0.31448199  0.00000000
reason of abort: no pseudometric

--------------------------------------------------------------------------------
n=4
(result of R-step: (1,2:0)0.87943192)
V=[1, 2, 3, 4]
total successes of this branch: 0
Matrix on 4 elements:

1    0.00000000  0.29384213  0.26431609  0.27423715
2    0.29384213  0.00000000  0.60632813  0.27588025
3    0.26431609  0.60632813  0.00000000  0.37395087
4    0.27423715  0.27588025  0.37395087  0.00000000
reason of abort: no pseudometric

--------------------------------------------------------------------------------
n=4
(result of R-step: (1,2:3)0.23010858)
V=[0, 1, 2, 4]
total successes of this branch: 0
Matrix on 4 elements:

0    0.00000000  0.53333971  0.33924632  0.64119335
1    0.53333971  0.00000000  0.13906984  0.40539079
2    0.33924632  0.13906984  0.00000000 -0.01004567
4    0.64119335  0.40539079 -0.01004567  0.00000000
reason of abort: no pseudometric

--------------------------------------------------------------------------------
n=4
(result of R-step: (1,4:0)0.39917142)
V=[1, 2, 3, 4]
total successes of this branch: 0
Matrix on 4 elements:

1    0.00000000  0.44674725  0.39546973  0.24760569
2    0.44674725  0.00000000  0.62807962  0.13984664
3    0.39546973  0.62807962  0.00000000  0.21616577
4    0.24760569  0.13984664  0.21616577  0.00000000
reason of abort: no pseudometric

--------------------------------------------------------------------------------
n=4
(result of R-step: (2,3:4)0.53529404)
V=[0, 1, 2, 3]
total successes of this branch: 1
Matrix on 4 elements:

0    0.00000000  0.75397876  0.62517224  0.61284104
1    0.75397876  0.00000000  0.64563481  0.55663990
2    0.62517224  0.64563481  0.00000000  0.54685926
3    0.61284104  0.55663990  0.54685926  0.00000000

--------------------------------------------------------------------------------
n=4
(result of R-step: (2,4:0)0.80090377)
V=[1, 2, 3, 4]
total successes of this branch: 0
reason of abort: negative delta/dxy

--------------------------------------------------------------------------------
n=4
(result of R-step: (2,4:1)0.52082667)
V=[0, 2, 3, 4]
total successes of this branch: 0
reason of abort: negative delta/dxy

--------------------------------------------------------------------------------
n=4
(result of R-step: (3,4:0)0.65030336)
V=[1, 2, 3, 4]
total successes of this branch: 0
reason of abort: negative delta/dxy

--------------------------------------------------------------------------------
n=4
(result of R-step: (3,4:1)0.85847735)
V=[0, 2, 3, 4]
total successes of this branch: 0
reason of abort: negative delta/dxy
