n=20
V=[0, 1, 2, 3, 4, 5, 6, 7, 8, 9, 10, 11, 12, 13, 14, 15, 16, 17, 18, 19]
total successes of this branch: 3
Matrix on 20 elements:

0    0.00000000  2.89958885  2.41730857  2.39120233  2.36424385  2.39016010  2.27457675  2.34266726  2.77629019  1.92752093  2.38538541  2.34814697  1.97061319  2.41445407  1.33556381  1.20202261  2.08310031  0.97466281  0.76927205  2.10226340
1    2.89958885  0.00000000  2.88003159  2.88795662  2.88974916  2.88802592  2.89382418  2.89040840  2.12299521  2.89910046  2.88834340  2.89013159  2.57817411  2.88030743  2.89671741  2.89942899  2.89536136  2.89943357  2.89941143  2.89520752
2    2.41730857  2.88003159  0.00000000  2.37899024  2.38489514  2.37921852  2.39831886  2.38706680  2.78500218  2.40476433  2.38026436  2.38615493  2.53625222  1.04682290  2.40784962  2.41320263  2.39611633  2.41332035  2.41275158  2.39633676
3    2.39120233  2.88795662  2.37899024  0.00000000  2.24322074  2.20091269  2.29633386  2.24012096  2.77124482  2.39089737  2.20870733  2.18537207  2.51889376  2.37733719  2.34801805  2.39110251  1.85103865  2.39110537  2.39109154  1.89560410
4    2.36424385  2.88974916  2.38489514  2.24322074  0.00000000  2.24151933  2.30305982  2.26680613  2.77401059  2.36475956  2.16013930  2.26414328  2.49932578  2.38325851  1.94035121  2.36441265  2.32397954  2.36440781  2.36443119  2.32188588
5    2.39016010  2.88802592  2.37921852  2.20091269  2.24151933  0.00000000  2.27524624  2.08703947  2.76714040  2.38988687  1.88118154  2.09989601  2.51813726  2.37713918  2.34678346  2.39007067  2.32648022  2.39007323  2.39006085  2.32135269
6    2.27457675  2.89382418  2.39831886  2.29633386  2.30305982  2.27524624  0.00000000  2.14397280  2.70438900  2.27766684  2.28037048  2.16117470  2.43375523  2.37073864  2.28288874  2.27558819  2.28393020  2.27555919  2.27569930  2.06112711
7    2.34266726  2.89040840  2.38706680  2.24012096  2.26680613  2.08703947  2.14397280  0.00000000  2.74315605  2.34377600  2.12015884  1.80994663  2.48346495  2.38220514  2.32052931  2.34303017  2.30899655  2.34301977  2.34307004  2.29248086
8    2.77629019  2.12299521  2.78500218  2.77124482  2.77401059  2.76714040  2.70438900  2.74315605  0.00000000  2.77650775  2.76840614  2.74632733  2.60835973  2.78339000  2.77562496  2.77636140  2.77474187  2.77635936  2.77636923  2.76770091
9    1.92752093  2.89910046  2.40476433  2.39089737  2.36475956  2.38988687  2.27766684  2.34377600  2.77650775  0.00000000  2.38525753  2.34909611  2.17726691  2.40222250  2.05511677  1.57450490  1.32178676  1.48336380  1.26670084  1.41745189
10    2.38538541  2.88834340  2.38026436  2.20870733  2.16013930  1.88118154  2.28037048  2.12015884  2.76840614  2.38525753  0.00000000  2.13015616  2.51467152  2.37826657  2.31965365  2.38534356  2.32601951  2.38534476  2.38533896  2.32145092
11    2.34814697  2.89013159  2.38615493  2.18537207  2.26414328  2.09989601  2.16117470  1.80994663  2.74632733  2.34909611  2.13015616  0.00000000  2.48746494  2.38165554  2.32363285  2.34845764  2.29416166  2.34844874  2.34849177  2.28085223
12    1.97061319  2.57817411  2.53625222  2.51889376  2.49932578  2.51813726  2.43375523  2.48346495  2.60835973  2.17726691  2.51467152  2.48746494  0.00000000  2.53420238  2.12490315  2.03825446  2.29189323  2.03631521  2.04568507  2.30609088
13    2.41445407  2.88030743  1.04682290  2.37733719  2.38325851  2.37713918  2.37073864  2.38220514  2.78339000  2.40222250  2.37826657  2.38165554  2.53420238  0.00000000  2.40535052  2.41045047  2.39387272  2.41056525  2.41001066  2.39155744
14    1.33556381  2.89671741  2.40784962  2.34801805  1.94035121  2.34678346  2.28288874  2.32052931  2.77562496  2.05511677  2.31965365  2.32363285  2.12490315  2.40535052  0.00000000  1.57108569  2.15339416  1.56433338  1.59695854  2.16635407
15    1.20202261  2.89942899  2.41320263  2.39110251  2.36441265  2.39007067  2.27558819  2.34303017  2.77636140  1.57450490  2.38534356  2.34845764  2.03825446  2.41045047  1.57108569  0.00000000  1.84849852  1.32044699  1.33733567  1.89124195
16    2.08310031  2.89536136  2.39611633  1.85103865  2.32397954  2.32648022  2.28393020  2.30899655  2.77474187  1.32178676  2.32601951  2.29416166  2.29189323  2.39387272  2.15339416  1.84849852  0.00000000  1.84105367  1.80653504  0.28049858
17    0.97466281  2.89943357  2.41332035  2.39110537  2.36440781  2.39007323  2.27555919  2.34301977  2.77635936  1.48336380  2.38534476  2.34844874  2.03631521  2.41056525  1.56433338  1.32044699  1.84105367  0.00000000  1.15946055  1.88453928
18    0.76927205  2.89941143  2.41275158  2.39109154  2.36443119  2.39006085  2.27569930  2.34307004  2.77636923  1.26670084  2.38533896  2.34849177  2.04568507  2.41001066  1.59695854  1.33733567  1.80653504  1.15946055  0.00000000  1.85348932
19    2.10226340  2.89520752  2.39633676  1.89560410  2.32188588  2.32135269  2.06112711  2.29248086  2.76770091  1.41745189  2.32145092  2.28085223  2.30609088  2.39155744  2.16635407  1.89124195  0.28049858  1.88453928  1.85348932  0.00000000

--------------------------------------------------------------------------------
n=19
(result of R-step: (0,9:18)0.63672620)
V=[0, 1, 2, 3, 4, 5, 6, 7, 8, 9, 10, 11, 12, 13, 14, 15, 16, 17, 19]
total successes of this branch: 3
Matrix on 19 elements:

0    0.00000000  2.84536287  2.36308259  2.33697635  2.31001787  2.33593413  2.22035078  2.28844128  2.72206422  1.81906898  2.33115944  2.29392100  1.91638721  2.36022809  1.28133783  1.14779663  2.02887433  0.92043683  2.04803742
1    2.84536287  0.00000000  2.88003159  2.88795662  2.88974916  2.88802592  2.89382418  2.89040840  2.12299521  2.84487449  2.88834340  2.89013159  2.57817411  2.88030743  2.89671741  2.89942899  2.89536136  2.89943357  2.89520752
2    2.36308259  2.88003159  0.00000000  2.37899024  2.38489514  2.37921852  2.39831886  2.38706680  2.78500218  2.35053836  2.38026436  2.38615493  2.53625222  1.04682290  2.40784962  2.41320263  2.39611633  2.41332035  2.39633676
3    2.33697635  2.88795662  2.37899024  0.00000000  2.24322074  2.20091269  2.29633386  2.24012096  2.77124482  2.33667139  2.20870733  2.18537207  2.51889376  2.37733719  2.34801805  2.39110251  1.85103865  2.39110537  1.89560410
4    2.31001787  2.88974916  2.38489514  2.24322074  0.00000000  2.24151933  2.30305982  2.26680613  2.77401059  2.31053358  2.16013930  2.26414328  2.49932578  2.38325851  1.94035121  2.36441265  2.32397954  2.36440781  2.32188588
5    2.33593413  2.88802592  2.37921852  2.20091269  2.24151933  0.00000000  2.27524624  2.08703947  2.76714040  2.33566089  1.88118154  2.09989601  2.51813726  2.37713918  2.34678346  2.39007067  2.32648022  2.39007323  2.32135269
6    2.22035078  2.89382418  2.39831886  2.29633386  2.30305982  2.27524624  0.00000000  2.14397280  2.70438900  2.22344086  2.28037048  2.16117470  2.43375523  2.37073864  2.28288874  2.27558819  2.28393020  2.27555919  2.06112711
7    2.28844128  2.89040840  2.38706680  2.24012096  2.26680613  2.08703947  2.14397280  0.00000000  2.74315605  2.28955003  2.12015884  1.80994663  2.48346495  2.38220514  2.32052931  2.34303017  2.30899655  2.34301977  2.29248086
8    2.72206422  2.12299521  2.78500218  2.77124482  2.77401059  2.76714040  2.70438900  2.74315605  0.00000000  2.72228177  2.76840614  2.74632733  2.60835973  2.78339000  2.77562496  2.77636140  2.77474187  2.77635936  2.76770091
9    1.81906898  2.84487449  2.35053836  2.33667139  2.31053358  2.33566089  2.22344086  2.28955003  2.72228177  0.00000000  2.33103156  2.29487013  2.12304094  2.34799653  2.00089080  1.52027892  1.26756078  1.42913782  1.36322591
10    2.33115944  2.88834340  2.38026436  2.20870733  2.16013930  1.88118154  2.28037048  2.12015884  2.76840614  2.33103156  0.00000000  2.13015616  2.51467152  2.37826657  2.31965365  2.38534356  2.32601951  2.38534476  2.32145092
11    2.29392100  2.89013159  2.38615493  2.18537207  2.26414328  2.09989601  2.16117470  1.80994663  2.74632733  2.29487013  2.13015616  0.00000000  2.48746494  2.38165554  2.32363285  2.34845764  2.29416166  2.34844874  2.28085223
12    1.91638721  2.57817411  2.53625222  2.51889376  2.49932578  2.51813726  2.43375523  2.48346495  2.60835973  2.12304094  2.51467152  2.48746494  0.00000000  2.53420238  2.12490315  2.03825446  2.29189323  2.03631521  2.30609088
13    2.36022809  2.88030743  1.04682290  2.37733719  2.38325851  2.37713918  2.37073864  2.38220514  2.78339000  2.34799653  2.37826657  2.38165554  2.53420238  0.00000000  2.40535052  2.41045047  2.39387272  2.41056525  2.39155744
14    1.28133783  2.89671741  2.40784962  2.34801805  1.94035121  2.34678346  2.28288874  2.32052931  2.77562496  2.00089080  2.31965365  2.32363285  2.12490315  2.40535052  0.00000000  1.57108569  2.15339416  1.56433338  2.16635407
15    1.14779663  2.89942899  2.41320263  2.39110251  2.36441265  2.39007067  2.27558819  2.34303017  2.77636140  1.52027892  2.38534356  2.34845764  2.03825446  2.41045047  1.57108569  0.00000000  1.84849852  1.32044699  1.89124195
16    2.02887433  2.89536136  2.39611633  1.85103865  2.32397954  2.32648022  2.28393020  2.30899655  2.77474187  1.26756078  2.32601951  2.29416166  2.29189323  2.39387272  2.15339416  1.84849852  0.00000000  1.84105367  0.28049858
17    0.92043683  2.89943357  2.41332035  2.39110537  2.36440781  2.39007323  2.27555919  2.34301977  2.77635936  1.42913782  2.38534476  2.34844874  2.03631521  2.41056525  1.56433338  1.32044699  1.84105367  0.00000000  1.88453928
19    2.04803742  2.89520752  2.39633676  1.89560410  2.32188588  2.32135269  2.06112711  2.29248086  2.76770091  1.36322591  2.32145092  2.28085223  2.30609088  2.39155744  2.16635407  1.89124195  0.28049858  1.88453928  0.00000000

--------------------------------------------------------------------------------
n=18
(result of R-step: (0,9:17)0.68206708)
V=[0, 1, 2, 3, 4, 5, 6, 7, 8, 9, 10, 11, 12, 13, 14, 15, 16, 19]
total successes of this branch: 3
Matrix on 18 elements:

0    0.00000000  2.63433601  2.15205573  2.12594949  2.09899101  2.12490727  2.00932391  2.07741442  2.51103736  1.39701526  2.12013258  2.08289414  1.70536035  2.14920123  1.07031097  0.93676977  1.81784747  1.83701056
1    2.63433601  0.00000000  2.88003159  2.88795662  2.88974916  2.88802592  2.89382418  2.89040840  2.12299521  2.63384762  2.88834340  2.89013159  2.57817411  2.88030743  2.89671741  2.89942899  2.89536136  2.89520752
2    2.15205573  2.88003159  0.00000000  2.37899024  2.38489514  2.37921852  2.39831886  2.38706680  2.78500218  2.13951150  2.38026436  2.38615493  2.53625222  1.04682290  2.40784962  2.41320263  2.39611633  2.39633676
3    2.12594949  2.88795662  2.37899024  0.00000000  2.24322074  2.20091269  2.29633386  2.24012096  2.77124482  2.12564453  2.20870733  2.18537207  2.51889376  2.37733719  2.34801805  2.39110251  1.85103865  1.89560410
4    2.09899101  2.88974916  2.38489514  2.24322074  0.00000000  2.24151933  2.30305982  2.26680613  2.77401059  2.09950672  2.16013930  2.26414328  2.49932578  2.38325851  1.94035121  2.36441265  2.32397954  2.32188588
5    2.12490727  2.88802592  2.37921852  2.20091269  2.24151933  0.00000000  2.27524624  2.08703947  2.76714040  2.12463403  1.88118154  2.09989601  2.51813726  2.37713918  2.34678346  2.39007067  2.32648022  2.32135269
6    2.00932391  2.89382418  2.39831886  2.29633386  2.30305982  2.27524624  0.00000000  2.14397280  2.70438900  2.01241400  2.28037048  2.16117470  2.43375523  2.37073864  2.28288874  2.27558819  2.28393020  2.06112711
7    2.07741442  2.89040840  2.38706680  2.24012096  2.26680613  2.08703947  2.14397280  0.00000000  2.74315605  2.07852317  2.12015884  1.80994663  2.48346495  2.38220514  2.32052931  2.34303017  2.30899655  2.29248086
8    2.51103736  2.12299521  2.78500218  2.77124482  2.77401059  2.76714040  2.70438900  2.74315605  0.00000000  2.51125491  2.76840614  2.74632733  2.60835973  2.78339000  2.77562496  2.77636140  2.77474187  2.76770091
9    1.39701526  2.63384762  2.13951150  2.12564453  2.09950672  2.12463403  2.01241400  2.07852317  2.51125491  0.00000000  2.12000469  2.08384327  1.91201408  2.13696967  1.78986394  1.30925206  1.05653392  1.15219905
10    2.12013258  2.88834340  2.38026436  2.20870733  2.16013930  1.88118154  2.28037048  2.12015884  2.76840614  2.12000469  0.00000000  2.13015616  2.51467152  2.37826657  2.31965365  2.38534356  2.32601951  2.32145092
11    2.08289414  2.89013159  2.38615493  2.18537207  2.26414328  2.09989601  2.16117470  1.80994663  2.74632733  2.08384327  2.13015616  0.00000000  2.48746494  2.38165554  2.32363285  2.34845764  2.29416166  2.28085223
12    1.70536035  2.57817411  2.53625222  2.51889376  2.49932578  2.51813726  2.43375523  2.48346495  2.60835973  1.91201408  2.51467152  2.48746494  0.00000000  2.53420238  2.12490315  2.03825446  2.29189323  2.30609088
13    2.14920123  2.88030743  1.04682290  2.37733719  2.38325851  2.37713918  2.37073864  2.38220514  2.78339000  2.13696967  2.37826657  2.38165554  2.53420238  0.00000000  2.40535052  2.41045047  2.39387272  2.39155744
14    1.07031097  2.89671741  2.40784962  2.34801805  1.94035121  2.34678346  2.28288874  2.32052931  2.77562496  1.78986394  2.31965365  2.32363285  2.12490315  2.40535052  0.00000000  1.57108569  2.15339416  2.16635407
15    0.93676977  2.89942899  2.41320263  2.39110251  2.36441265  2.39007067  2.27558819  2.34303017  2.77636140  1.30925206  2.38534356  2.34845764  2.03825446  2.41045047  1.57108569  0.00000000  1.84849852  1.89124195
16    1.81784747  2.89536136  2.39611633  1.85103865  2.32397954  2.32648022  2.28393020  2.30899655  2.77474187  1.05653392  2.32601951  2.29416166  2.29189323  2.39387272  2.15339416  1.84849852  0.00000000  0.28049858
19    1.83701056  2.89520752  2.39633676  1.89560410  2.32188588  2.32135269  2.06112711  2.29248086  2.76770091  1.15219905  2.32145092  2.28085223  2.30609088  2.39155744  2.16635407  1.89124195  0.28049858  0.00000000

--------------------------------------------------------------------------------
n=17
(result of R-step: (6,16:19)0.10008068)
V=[0, 1, 2, 3, 4, 5, 6, 7, 8, 9, 10, 11, 12, 13, 14, 15, 16]
total successes of this branch: 3
Matrix on 17 elements:

0    0.00000000  2.63433601  2.15205573  2.12594949  2.09899101  2.12490727  1.98047617  2.07741442  2.51103736  1.39701526  2.12013258  2.08289414  1.70536035  2.14920123  1.07031097  0.93676977  1.78899972
1    2.63433601  0.00000000  2.88003159  2.88795662  2.88974916  2.88802592  2.86497643  2.89040840  2.12299521  2.63384762  2.88834340  2.89013159  2.57817411  2.88030743  2.89671741  2.89942899  2.86651361
2    2.15205573  2.88003159  0.00000000  2.37899024  2.38489514  2.37921852  2.36947112  2.38706680  2.78500218  2.13951150  2.38026436  2.38615493  2.53625222  1.04682290  2.40784962  2.41320263  2.36726859
3    2.12594949  2.88795662  2.37899024  0.00000000  2.24322074  2.20091269  2.26748611  2.24012096  2.77124482  2.12564453  2.20870733  2.18537207  2.51889376  2.37733719  2.34801805  2.39110251  1.82219091
4    2.09899101  2.88974916  2.38489514  2.24322074  0.00000000  2.24151933  2.27421207  2.26680613  2.77401059  2.09950672  2.16013930  2.26414328  2.49932578  2.38325851  1.94035121  2.36441265  2.29513180
5    2.12490727  2.88802592  2.37921852  2.20091269  2.24151933  0.00000000  2.24639849  2.08703947  2.76714040  2.12463403  1.88118154  2.09989601  2.51813726  2.37713918  2.34678346  2.39007067  2.29763248
6    1.98047617  2.86497643  2.36947112  2.26748611  2.27421207  2.24639849  0.00000000  2.11512506  2.67554126  1.98356626  2.25152273  2.13232695  2.40490749  2.34189089  2.25404099  2.24674045  2.22623471
7    2.07741442  2.89040840  2.38706680  2.24012096  2.26680613  2.08703947  2.11512506  0.00000000  2.74315605  2.07852317  2.12015884  1.80994663  2.48346495  2.38220514  2.32052931  2.34303017  2.28014880
8    2.51103736  2.12299521  2.78500218  2.77124482  2.77401059  2.76714040  2.67554126  2.74315605  0.00000000  2.51125491  2.76840614  2.74632733  2.60835973  2.78339000  2.77562496  2.77636140  2.74589413
9    1.39701526  2.63384762  2.13951150  2.12564453  2.09950672  2.12463403  1.98356626  2.07852317  2.51125491  0.00000000  2.12000469  2.08384327  1.91201408  2.13696967  1.78986394  1.30925206  1.02768617
10    2.12013258  2.88834340  2.38026436  2.20870733  2.16013930  1.88118154  2.25152273  2.12015884  2.76840614  2.12000469  0.00000000  2.13015616  2.51467152  2.37826657  2.31965365  2.38534356  2.29717176
11    2.08289414  2.89013159  2.38615493  2.18537207  2.26414328  2.09989601  2.13232695  1.80994663  2.74632733  2.08384327  2.13015616  0.00000000  2.48746494  2.38165554  2.32363285  2.34845764  2.26531391
12    1.70536035  2.57817411  2.53625222  2.51889376  2.49932578  2.51813726  2.40490749  2.48346495  2.60835973  1.91201408  2.51467152  2.48746494  0.00000000  2.53420238  2.12490315  2.03825446  2.26304549
13    2.14920123  2.88030743  1.04682290  2.37733719  2.38325851  2.37713918  2.34189089  2.38220514  2.78339000  2.13696967  2.37826657  2.38165554  2.53420238  0.00000000  2.40535052  2.41045047  2.36502497
14    1.07031097  2.89671741  2.40784962  2.34801805  1.94035121  2.34678346  2.25404099  2.32052931  2.77562496  1.78986394  2.31965365  2.32363285  2.12490315  2.40535052  0.00000000  1.57108569  2.12454642
15    0.93676977  2.89942899  2.41320263  2.39110251  2.36441265  2.39007067  2.24674045  2.34303017  2.77636140  1.30925206  2.38534356  2.34845764  2.03825446  2.41045047  1.57108569  0.00000000  1.81965078
16    1.78899972  2.86651361  2.36726859  1.82219091  2.29513180  2.29763248  2.22623471  2.28014880  2.74589413  1.02768617  2.29717176  2.26531391  2.26304549  2.36502497  2.12454642  1.81965078  0.00000000

--------------------------------------------------------------------------------
n=16
(result of R-step: (2,6:13)0.98000094)
V=[0, 1, 2, 3, 4, 5, 6, 7, 8, 9, 10, 11, 12, 14, 15, 16]
total successes of this branch: 3
Matrix on 16 elements:

0    0.00000000  2.63433601  1.64243440  2.12594949  2.09899101  2.12490727  1.49970258  2.07741442  2.51103736  1.39701526  2.12013258  2.08289414  1.70536035  1.07031097  0.93676977  1.78899972
1    2.63433601  0.00000000  2.37041026  2.88795662  2.88974916  2.88802592  2.38420284  2.89040840  2.12299521  2.63384762  2.88834340  2.89013159  2.57817411  2.89671741  2.89942899  2.86651361
2    1.64243440  2.37041026  0.00000000  1.86936891  1.87527381  1.86959719  1.37907620  1.87744546  2.27538085  1.62989016  1.87064302  1.87653360  2.02663089  1.89822829  1.90358130  1.85764725
3    2.12594949  2.88795662  1.86936891  0.00000000  2.24322074  2.20091269  1.78671253  2.24012096  2.77124482  2.12564453  2.20870733  2.18537207  2.51889376  2.34801805  2.39110251  1.82219091
4    2.09899101  2.88974916  1.87527381  2.24322074  0.00000000  2.24151933  1.79343848  2.26680613  2.77401059  2.09950672  2.16013930  2.26414328  2.49932578  1.94035121  2.36441265  2.29513180
5    2.12490727  2.88802592  1.86959719  2.20091269  2.24151933  0.00000000  1.76562490  2.08703947  2.76714040  2.12463403  1.88118154  2.09989601  2.51813726  2.34678346  2.39007067  2.29763248
6    1.49970258  2.38420284  1.37907620  1.78671253  1.79343848  1.76562490  0.00000000  1.63435147  2.19476767  1.50279267  1.77074915  1.65155336  1.92413390  1.77326740  1.76596686  1.74546112
7    2.07741442  2.89040840  1.87744546  2.24012096  2.26680613  2.08703947  1.63435147  0.00000000  2.74315605  2.07852317  2.12015884  1.80994663  2.48346495  2.32052931  2.34303017  2.28014880
8    2.51103736  2.12299521  2.27538085  2.77124482  2.77401059  2.76714040  2.19476767  2.74315605  0.00000000  2.51125491  2.76840614  2.74632733  2.60835973  2.77562496  2.77636140  2.74589413
9    1.39701526  2.63384762  1.62989016  2.12564453  2.09950672  2.12463403  1.50279267  2.07852317  2.51125491  0.00000000  2.12000469  2.08384327  1.91201408  1.78986394  1.30925206  1.02768617
10    2.12013258  2.88834340  1.87064302  2.20870733  2.16013930  1.88118154  1.77074915  2.12015884  2.76840614  2.12000469  0.00000000  2.13015616  2.51467152  2.31965365  2.38534356  2.29717176
11    2.08289414  2.89013159  1.87653360  2.18537207  2.26414328  2.09989601  1.65155336  1.80994663  2.74632733  2.08384327  2.13015616  0.00000000  2.48746494  2.32363285  2.34845764  2.26531391
12    1.70536035  2.57817411  2.02663089  2.51889376  2.49932578  2.51813726  1.92413390  2.48346495  2.60835973  1.91201408  2.51467152  2.48746494  0.00000000  2.12490315  2.03825446  2.26304549
14    1.07031097  2.89671741  1.89822829  2.34801805  1.94035121  2.34678346  1.77326740  2.32052931  2.77562496  1.78986394  2.31965365  2.32363285  2.12490315  0.00000000  1.57108569  2.12454642
15    0.93676977  2.89942899  1.90358130  2.39110251  2.36441265  2.39007067  1.76596686  2.34303017  2.77636140  1.30925206  2.38534356  2.34845764  2.03825446  1.57108569  0.00000000  1.81965078
16    1.78899972  2.86651361  1.85764725  1.82219091  2.29513180  2.29763248  1.74546112  2.28014880  2.74589413  1.02768617  2.29717176  2.26531391  2.26304549  2.12454642  1.81965078  0.00000000

--------------------------------------------------------------------------------
n=15
(result of R-step: (3,9:16)0.33553077)
V=[0, 1, 2, 3, 4, 5, 6, 7, 8, 9, 10, 11, 12, 14, 15]
total successes of this branch: 3
Matrix on 15 elements:

0    0.00000000  2.63433601  1.64243440  1.73498547  2.09899101  2.12490727  1.49970258  2.07741442  2.51103736  1.27130407  2.12013258  2.08289414  1.70536035  1.07031097  0.93676977
1    2.63433601  0.00000000  2.37041026  2.49699260  2.88974916  2.88802592  2.38420284  2.89040840  2.12299521  2.50813644  2.88834340  2.89013159  2.57817411  2.89671741  2.89942899
2    1.64243440  2.37041026  0.00000000  1.47840488  1.87527381  1.86959719  1.37907620  1.87744546  2.27538085  1.50417898  1.87064302  1.87653360  2.02663089  1.89822829  1.90358130
3    1.73498547  2.49699260  1.47840488  0.00000000  1.85225672  1.80994867  1.39574850  1.84915694  2.38028080  1.60896932  1.81774331  1.79440805  2.12792974  1.95705403  2.00013849
4    2.09899101  2.88974916  1.87527381  1.85225672  0.00000000  2.24151933  1.79343848  2.26680613  2.77401059  1.97379553  2.16013930  2.26414328  2.49932578  1.94035121  2.36441265
5    2.12490727  2.88802592  1.86959719  1.80994867  2.24151933  0.00000000  1.76562490  2.08703947  2.76714040  1.99892285  1.88118154  2.09989601  2.51813726  2.34678346  2.39007067
6    1.49970258  2.38420284  1.37907620  1.39574850  1.79343848  1.76562490  0.00000000  1.63435147  2.19476767  1.37708149  1.77074915  1.65155336  1.92413390  1.77326740  1.76596686
7    2.07741442  2.89040840  1.87744546  1.84915694  2.26680613  2.08703947  1.63435147  0.00000000  2.74315605  1.95281198  2.12015884  1.80994663  2.48346495  2.32052931  2.34303017
8    2.51103736  2.12299521  2.27538085  2.38028080  2.77401059  2.76714040  2.19476767  2.74315605  0.00000000  2.38554373  2.76840614  2.74632733  2.60835973  2.77562496  2.77636140
9    1.27130407  2.50813644  1.50417898  1.60896932  1.97379553  1.99892285  1.37708149  1.95281198  2.38554373  0.00000000  1.99429351  1.95813209  1.78630289  1.66415275  1.18354088
10    2.12013258  2.88834340  1.87064302  1.81774331  2.16013930  1.88118154  1.77074915  2.12015884  2.76840614  1.99429351  0.00000000  2.13015616  2.51467152  2.31965365  2.38534356
11    2.08289414  2.89013159  1.87653360  1.79440805  2.26414328  2.09989601  1.65155336  1.80994663  2.74632733  1.95813209  2.13015616  0.00000000  2.48746494  2.32363285  2.34845764
12    1.70536035  2.57817411  2.02663089  2.12792974  2.49932578  2.51813726  1.92413390  2.48346495  2.60835973  1.78630289  2.51467152  2.48746494  0.00000000  2.12490315  2.03825446
14    1.07031097  2.89671741  1.89822829  1.95705403  1.94035121  2.34678346  1.77326740  2.32052931  2.77562496  1.66415275  2.31965365  2.32363285  2.12490315  0.00000000  1.57108569
15    0.93676977  2.89942899  1.90358130  2.00013849  2.36441265  2.39007067  1.76596686  2.34303017  2.77636140  1.18354088  2.38534356  2.34845764  2.03825446  1.57108569  0.00000000

--------------------------------------------------------------------------------
n=14
(result of R-step: (0,9:15)0.67268305)
V=[0, 1, 2, 3, 4, 5, 6, 7, 8, 9, 10, 11, 12, 14]
total successes of this branch: 3
Matrix on 14 elements:

0    0.00000000  2.47508556  1.48318395  1.57573502  1.93974056  1.96565682  1.34045213  1.91816397  2.35178691  1.07851436  1.96088213  1.92364369  1.54610990  0.91106052
1    2.47508556  0.00000000  2.37041026  2.49699260  2.88974916  2.88802592  2.38420284  2.89040840  2.12299521  2.47459717  2.88834340  2.89013159  2.57817411  2.89671741
2    1.48318395  2.37041026  0.00000000  1.47840488  1.87527381  1.86959719  1.37907620  1.87744546  2.27538085  1.47063971  1.87064302  1.87653360  2.02663089  1.89822829
3    1.57573502  2.49699260  1.47840488  0.00000000  1.85225672  1.80994867  1.39574850  1.84915694  2.38028080  1.57543006  1.81774331  1.79440805  2.12792974  1.95705403
4    1.93974056  2.88974916  1.87527381  1.85225672  0.00000000  2.24151933  1.79343848  2.26680613  2.77401059  1.94025627  2.16013930  2.26414328  2.49932578  1.94035121
5    1.96565682  2.88802592  1.86959719  1.80994867  2.24151933  0.00000000  1.76562490  2.08703947  2.76714040  1.96538358  1.88118154  2.09989601  2.51813726  2.34678346
6    1.34045213  2.38420284  1.37907620  1.39574850  1.79343848  1.76562490  0.00000000  1.63435147  2.19476767  1.34354222  1.77074915  1.65155336  1.92413390  1.77326740
7    1.91816397  2.89040840  1.87744546  1.84915694  2.26680613  2.08703947  1.63435147  0.00000000  2.74315605  1.91927272  2.12015884  1.80994663  2.48346495  2.32052931
8    2.35178691  2.12299521  2.27538085  2.38028080  2.77401059  2.76714040  2.19476767  2.74315605  0.00000000  2.35200446  2.76840614  2.74632733  2.60835973  2.77562496
9    1.07851436  2.47459717  1.47063971  1.57543006  1.94025627  1.96538358  1.34354222  1.91927272  2.35200446  0.00000000  1.96075424  1.92459282  1.75276363  1.63061349
10    1.96088213  2.88834340  1.87064302  1.81774331  2.16013930  1.88118154  1.77074915  2.12015884  2.76840614  1.96075424  0.00000000  2.13015616  2.51467152  2.31965365
11    1.92364369  2.89013159  1.87653360  1.79440805  2.26414328  2.09989601  1.65155336  1.80994663  2.74632733  1.92459282  2.13015616  0.00000000  2.48746494  2.32363285
12    1.54610990  2.57817411  2.02663089  2.12792974  2.49932578  2.51813726  1.92413390  2.48346495  2.60835973  1.75276363  2.51467152  2.48746494  0.00000000  2.12490315
14    0.91106052  2.89671741  1.89822829  1.95705403  1.94035121  2.34678346  1.77326740  2.32052931  2.77562496  1.63061349  2.31965365  2.32363285  2.12490315  0.00000000

--------------------------------------------------------------------------------
n=13
(result of R-step: (0,4:14)0.70817802)
V=[0, 1, 2, 3, 4, 5, 6, 7, 8, 9, 10, 11, 12]
total successes of this branch: 3
Matrix on 13 elements:

0    0.00000000  2.44375326  1.45185165  1.54440272  1.45257269  1.93432452  1.30911984  1.88683168  2.32045461  1.04718206  1.92954983  1.89231139  1.51477761
1    2.44375326  0.00000000  2.37041026  2.49699260  2.43391358  2.88802592  2.38420284  2.89040840  2.12299521  2.47459717  2.88834340  2.89013159  2.57817411
2    1.45185165  2.37041026  0.00000000  1.47840488  1.41943822  1.86959719  1.37907620  1.87744546  2.27538085  1.47063971  1.87064302  1.87653360  2.02663089
3    1.54440272  2.49699260  1.47840488  0.00000000  1.39642114  1.80994867  1.39574850  1.84915694  2.38028080  1.57543006  1.81774331  1.79440805  2.12792974
4    1.45257269  2.43391358  1.41943822  1.39642114  0.00000000  1.78568374  1.33760290  1.81097054  2.31817501  1.48442068  1.70430371  1.80830770  2.04349020
5    1.93432452  2.88802592  1.86959719  1.80994867  1.78568374  0.00000000  1.76562490  2.08703947  2.76714040  1.96538358  1.88118154  2.09989601  2.51813726
6    1.30911984  2.38420284  1.37907620  1.39574850  1.33760290  1.76562490  0.00000000  1.63435147  2.19476767  1.34354222  1.77074915  1.65155336  1.92413390
7    1.88683168  2.89040840  1.87744546  1.84915694  1.81097054  2.08703947  1.63435147  0.00000000  2.74315605  1.91927272  2.12015884  1.80994663  2.48346495
8    2.32045461  2.12299521  2.27538085  2.38028080  2.31817501  2.76714040  2.19476767  2.74315605  0.00000000  2.35200446  2.76840614  2.74632733  2.60835973
9    1.04718206  2.47459717  1.47063971  1.57543006  1.48442068  1.96538358  1.34354222  1.91927272  2.35200446  0.00000000  1.96075424  1.92459282  1.75276363
10    1.92954983  2.88834340  1.87064302  1.81774331  1.70430371  1.88118154  1.77074915  2.12015884  2.76840614  1.96075424  0.00000000  2.13015616  2.51467152
11    1.89231139  2.89013159  1.87653360  1.79440805  1.80830770  2.09989601  1.65155336  1.80994663  2.74632733  1.92459282  2.13015616  0.00000000  2.48746494
12    1.51477761  2.57817411  2.02663089  2.12792974  2.04349020  2.51813726  1.92413390  2.48346495  2.60835973  1.75276363  2.51467152  2.48746494  0.00000000

--------------------------------------------------------------------------------
n=12
(result of R-step: (0,1:12)0.74294849)
V=[0, 1, 2, 3, 4, 5, 6, 7, 8, 9, 10, 11]
total successes of this branch: 3
Matrix on 12 elements:

0    0.00000000  1.25039039  1.08308801  1.17563908  1.08380904  1.56556088  0.94035619  1.51806803  1.95169097  0.67841842  1.56078619  1.52354774
1    1.25039039  0.00000000  1.54581103  1.67239337  1.60931435  2.06342669  1.55960361  2.06580918  1.29839598  1.64999794  2.06374417  2.06553236
2    1.08308801  1.54581103  0.00000000  1.47840488  1.41943822  1.86959719  1.37907620  1.87744546  2.27538085  1.47063971  1.87064302  1.87653360
3    1.17563908  1.67239337  1.47840488  0.00000000  1.39642114  1.80994867  1.39574850  1.84915694  2.38028080  1.57543006  1.81774331  1.79440805
4    1.08380904  1.60931435  1.41943822  1.39642114  0.00000000  1.78568374  1.33760290  1.81097054  2.31817501  1.48442068  1.70430371  1.80830770
5    1.56556088  2.06342669  1.86959719  1.80994867  1.78568374  0.00000000  1.76562490  2.08703947  2.76714040  1.96538358  1.88118154  2.09989601
6    0.94035619  1.55960361  1.37907620  1.39574850  1.33760290  1.76562490  0.00000000  1.63435147  2.19476767  1.34354222  1.77074915  1.65155336
7    1.51806803  2.06580918  1.87744546  1.84915694  1.81097054  2.08703947  1.63435147  0.00000000  2.74315605  1.91927272  2.12015884  1.80994663
8    1.95169097  1.29839598  2.27538085  2.38028080  2.31817501  2.76714040  2.19476767  2.74315605  0.00000000  2.35200446  2.76840614  2.74632733
9    0.67841842  1.64999794  1.47063971  1.57543006  1.48442068  1.96538358  1.34354222  1.91927272  2.35200446  0.00000000  1.96075424  1.92459282
10    1.56078619  2.06374417  1.87064302  1.81774331  1.70430371  1.88118154  1.77074915  2.12015884  2.76840614  1.96075424  0.00000000  2.13015616
11    1.52354774  2.06553236  1.87653360  1.79440805  1.80830770  2.09989601  1.65155336  1.80994663  2.74632733  1.92459282  2.13015616  0.00000000

--------------------------------------------------------------------------------
n=11
(result of R-step: (0,2:9)0.97502799)
V=[0, 1, 2, 3, 4, 5, 6, 7, 8, 10, 11]
total successes of this branch: 3
Matrix on 11 elements:

0    0.00000000  1.11750127  0.50233187  1.04274996  0.95091992  1.43267176  0.80746707  1.38517891  1.81880185  1.42789707  1.39065863
1    1.11750127  0.00000000  1.09794402  1.67239337  1.60931435  2.06342669  1.55960361  2.06580918  1.29839598  2.06374417  2.06553236
2    0.50233187  1.09794402  0.00000000  1.03053787  0.97157121  1.42173018  0.93120918  1.42957845  1.82751384  1.42277601  1.42866659
3    1.04274996  1.67239337  1.03053787  0.00000000  1.39642114  1.80994867  1.39574850  1.84915694  2.38028080  1.81774331  1.79440805
4    0.95091992  1.60931435  0.97157121  1.39642114  0.00000000  1.78568374  1.33760290  1.81097054  2.31817501  1.70430371  1.80830770
5    1.43267176  2.06342669  1.42173018  1.80994867  1.78568374  0.00000000  1.76562490  2.08703947  2.76714040  1.88118154  2.09989601
6    0.80746707  1.55960361  0.93120918  1.39574850  1.33760290  1.76562490  0.00000000  1.63435147  2.19476767  1.77074915  1.65155336
7    1.38517891  2.06580918  1.42957845  1.84915694  1.81097054  2.08703947  1.63435147  0.00000000  2.74315605  2.12015884  1.80994663
8    1.81880185  1.29839598  1.82751384  2.38028080  2.31817501  2.76714040  2.19476767  2.74315605  0.00000000  2.76840614  2.74632733
10    1.42789707  2.06374417  1.42277601  1.81774331  1.70430371  1.88118154  1.77074915  2.12015884  2.76840614  0.00000000  2.13015616
11    1.39065863  2.06553236  1.42866659  1.79440805  1.80830770  2.09989601  1.65155336  1.80994663  2.74632733  2.13015616  0.00000000

--------------------------------------------------------------------------------
n=10
(result of R-step: (1,6:8)0.80272597)
V=[0, 1, 2, 3, 4, 5, 6, 7, 10, 11]
total successes of this branch: 3
Matrix on 10 elements:

0    0.00000000  0.97532048  0.50233187  1.04274996  0.95091992  1.43267176  0.35030839  1.38517891  1.42789707  1.39065863
1    0.97532048  0.00000000  0.95576323  1.53021258  1.46713356  1.92124590  0.96026414  1.92362839  1.92156338  1.92335157
2    0.50233187  0.95576323  0.00000000  1.03053787  0.97157121  1.42173018  0.47405050  1.42957845  1.42277601  1.42866659
3    1.04274996  1.53021258  1.03053787  0.00000000  1.39642114  1.80994867  0.93858982  1.84915694  1.81774331  1.79440805
4    0.95091992  1.46713356  0.97157121  1.39642114  0.00000000  1.78568374  0.88044422  1.81097054  1.70430371  1.80830770
5    1.43267176  1.92124590  1.42173018  1.80994867  1.78568374  0.00000000  1.30846622  2.08703947  1.88118154  2.09989601
6    0.35030839  0.96026414  0.47405050  0.93858982  0.88044422  1.30846622  0.00000000  1.17719278  1.31359046  1.19439468
7    1.38517891  1.92362839  1.42957845  1.84915694  1.81097054  2.08703947  1.17719278  0.00000000  2.12015884  1.80994663
10    1.42789707  1.92156338  1.42277601  1.81774331  1.70430371  1.88118154  1.31359046  2.12015884  0.00000000  2.13015616
11    1.39065863  1.92335157  1.42866659  1.79440805  1.80830770  2.09989601  1.19439468  1.80994663  2.13015616  0.00000000

--------------------------------------------------------------------------------
n=9
(result of R-step: (3,7:11)0.11290219)
V=[0, 1, 2, 3, 4, 5, 6, 7, 10]
total successes of this branch: 3
Matrix on 9 elements:

0    0.00000000  0.97532048  0.50233187  0.55611511  0.95091992  1.43267176  0.35030839  0.50758004  1.42789707
1    0.97532048  0.00000000  0.95576323  1.04357773  1.46713356  1.92124590  0.96026414  1.04602952  1.92156338
2    0.50233187  0.95576323  0.00000000  0.54390302  0.97157121  1.42173018  0.47405050  0.55197958  1.42277601
3    0.55611511  1.04357773  0.54390302  0.00000000  0.90978629  1.32331382  0.45195497  0.48492322  1.33110846
4    0.95091992  1.46713356  0.97157121  0.90978629  0.00000000  1.78568374  0.88044422  0.93337167  1.70430371
5    1.43267176  1.92124590  1.42173018  1.32331382  1.78568374  0.00000000  1.30846622  1.20944060  1.88118154
6    0.35030839  0.96026414  0.47405050  0.45195497  0.88044422  1.30846622  0.00000000  0.29959391  1.31359046
7    0.50758004  1.04602952  0.55197958  0.48492322  0.93337167  1.20944060  0.29959391  0.00000000  1.24255997
10    1.42789707  1.92156338  1.42277601  1.33110846  1.70430371  1.88118154  1.31359046  1.24255997  0.00000000

--------------------------------------------------------------------------------
n=8
(result of R-step: (4,5:10)0.18423534)
V=[0, 1, 2, 3, 4, 5, 6, 7]
total successes of this branch: 3
Matrix on 8 elements:

0    0.00000000  0.97532048  0.50233187  0.55611511  0.50685475  0.53277100  0.35030839  0.50758004
1    0.97532048  0.00000000  0.95576323  1.04357773  1.02306839  1.02134515  0.96026414  1.04602952
2    0.50233187  0.95576323  0.00000000  0.54390302  0.52750604  0.52182942  0.47405050  0.55197958
3    0.55611511  1.04357773  0.54390302  0.00000000  0.46572112  0.42341307  0.45195497  0.48492322
4    0.50685475  1.02306839  0.52750604  0.46572112  0.00000000  0.44171782  0.43637904  0.48930650
5    0.53277100  1.02134515  0.52182942  0.42341307  0.44171782  0.00000000  0.40856546  0.30953985
6    0.35030839  0.96026414  0.47405050  0.45195497  0.43637904  0.40856546  0.00000000  0.29959391
7    0.50758004  1.04602952  0.55197958  0.48492322  0.48930650  0.30953985  0.29959391  0.00000000

--------------------------------------------------------------------------------
n=7
(result of R-step: (5,6:7)0.58910306)
V=[0, 1, 2, 3, 4, 5, 6]
total successes of this branch: 3
Matrix on 7 elements:

0    0.00000000  0.97532048  0.50233187  0.55611511  0.50685475  0.45478874  0.33920538
1    0.97532048  0.00000000  0.95576323  1.04357773  1.02306839  0.94336288  0.94916114
2    0.50233187  0.95576323  0.00000000  0.54390302  0.52750604  0.44384716  0.46294750
3    0.55611511  1.04357773  0.54390302  0.00000000  0.46572112  0.34543080  0.44085197
4    0.50685475  1.02306839  0.52750604  0.46572112  0.00000000  0.36373555  0.42527604
5    0.45478874  0.94336288  0.44384716  0.34543080  0.36373555  0.00000000  0.31948020
6    0.33920538  0.94916114  0.46294750  0.44085197  0.42527604  0.31948020  0.00000000

--------------------------------------------------------------------------------
n=6
(result of R-step: (0,5:6)0.50145226)
V=[0, 1, 2, 3, 4, 5]
total successes of this branch: 3
Matrix on 6 elements:

0    0.00000000  0.85297739  0.37998878  0.43377201  0.38451165  0.23049722
1    0.85297739  0.00000000  0.95576323  1.04357773  1.02306839  0.84141446
2    0.37998878  0.95576323  0.00000000  0.54390302  0.52750604  0.34189873
3    0.43377201  1.04357773  0.54390302  0.00000000  0.46572112  0.24348238
4    0.38451165  1.02306839  0.52750604  0.46572112  0.00000000  0.26178713
5    0.23049722  0.84141446  0.34189873  0.24348238  0.26178713  0.00000000

--------------------------------------------------------------------------------
n=5
(result of R-step: (0,2:1)0.12513508)
V=[0, 2, 3, 4, 5]
total successes of this branch: 3
Matrix on 5 elements:

0    0.00000000  0.12607864  0.40547232  0.35621196  0.20219753
2    0.12607864  0.00000000  0.31829257  0.30189559  0.11628828
3    0.40547232  0.31829257  0.00000000  0.46572112  0.24348238
4    0.35621196  0.30189559  0.46572112  0.00000000  0.26178713
5    0.20219753  0.11628828  0.24348238  0.26178713  0.00000000

--------------------------------------------------------------------------------
n=4
(result of R-step: (0,3:2)0.53692645)
V=[0, 3, 4, 5]
total successes of this branch: 1
Matrix on 4 elements:

0    0.00000000  0.14310407  0.31585048  0.16183604
3    0.14310407  0.00000000  0.24371435  0.02147561
4    0.31585048  0.24371435  0.00000000  0.26178713
5    0.16183604  0.02147561  0.26178713  0.00000000

--------------------------------------------------------------------------------
n=4
(result of R-step: (0,3:4)0.22992078)
V=[0, 2, 3, 5]
total successes of this branch: 0
Matrix on 4 elements:

0    0.00000000  0.09091618  0.14650327  0.16703507
2    0.09091618  0.00000000  0.09448598  0.11628828
3    0.14650327  0.09448598  0.00000000  0.01967579
5    0.16703507  0.11628828  0.01967579  0.00000000
reason of abort: no pseudometric

--------------------------------------------------------------------------------
n=4
(result of R-step: (0,5:2)0.51360433)
V=[0, 3, 4, 5]
total successes of this branch: 0
Matrix on 4 elements:

0    0.00000000  0.37030986  0.32104950  0.14562524
3    0.37030986  0.00000000  0.46572112  0.22207255
4    0.32104950  0.46572112  0.00000000  0.24037729
5    0.14562524  0.22207255  0.24037729  0.00000000
reason of abort: no pseudometric

--------------------------------------------------------------------------------
n=4
(result of R-step: (0,5:3)0.02280042)
V=[0, 2, 4, 5]
total successes of this branch: 0
Matrix on 4 elements:

0    0.00000000 -0.00777677  0.22235656  0.04936384
2   -0.00777677  0.00000000  0.30189559  0.09731000
4    0.22235656  0.30189559  0.00000000  0.24280885
5    0.04936384  0.09731000  0.24280885  0.00000000
reason of abort: no pseudometric

--------------------------------------------------------------------------------
n=4
(result of R-step: (0,5:4)0.24068024)
V=[0, 2, 3, 5]
total successes of this branch: 1
Matrix on 4 elements:

0    0.00000000  0.08571715  0.36511083  0.14216632
2    0.08571715  0.00000000  0.31829257  0.09661856
3    0.36511083  0.31829257  0.00000000  0.22381266
5    0.14216632  0.09661856  0.22381266  0.00000000

--------------------------------------------------------------------------------
n=4
(result of R-step: (2,3:4)0.44392439)
V=[0, 2, 3, 5]
total successes of this branch: 0
Matrix on 4 elements:

0    0.00000000  0.06961458  0.18099388  0.20219753
2    0.06961458  0.00000000  0.03735008  0.05982423
3    0.18099388  0.03735008  0.00000000  0.01900394
5    0.20219753  0.05982423  0.01900394  0.00000000
reason of abort: no pseudometric

--------------------------------------------------------------------------------
n=4
(result of R-step: (2,4:0)0.34160487)
V=[2, 3, 4, 5]
total successes of this branch: 0
reason of abort: negative delta/dxy

--------------------------------------------------------------------------------
n=4
(result of R-step: (2,5:3)0.00567160)
V=[0, 2, 4, 5]
total successes of this branch: 0
reason of abort: negative delta/dxy

--------------------------------------------------------------------------------
n=4
(result of R-step: (2,5:4)0.45202888)
V=[0, 2, 3, 5]
total successes of this branch: 0
Matrix on 4 elements:

0    0.00000000  0.07104831  0.40547232  0.18321925
2    0.07104831  0.00000000  0.26326224  0.04227968
3    0.40547232  0.26326224  0.00000000  0.22450410
5    0.18321925  0.04227968  0.22450410  0.00000000
reason of abort: no pseudometric

--------------------------------------------------------------------------------
n=4
(result of R-step: (3,4:5)0.96133976)
V=[0, 2, 3, 4]
total successes of this branch: 1
Matrix on 4 elements:

0    0.00000000  0.12607864  0.18346555  0.15650708
2    0.12607864  0.00000000  0.09628580  0.10219070
3    0.18346555  0.09628580  0.00000000  0.04400947
4    0.15650708  0.10219070  0.04400947  0.00000000
