n=20
V=[0, 1, 2, 3, 4, 5, 6, 7, 8, 9, 10, 11, 12, 13, 14, 15, 16, 17, 18, 19]
total successes of this branch: 5
Matrix on 20 elements:

0    0.00000000  1.96931600  1.90734575  1.74956773  1.96323871  1.83743034  1.75966245  1.80484811  1.51995187  1.81826550  1.13248979  1.95092831  1.69492839  1.81228289  1.62995631  1.82282574  1.75847286  1.40425518  1.81323366  1.79435953
1    1.96931600  0.00000000  1.88888031  1.96100248  1.58467552  1.90275861  1.95431072  1.92435728  1.92650177  1.84790465  1.95379710  0.82380519  1.91307591  1.92178392  1.92472644  1.91243996  1.95509929  1.93465219  1.91004284  1.93286306
2    1.90734575  1.88888031  0.00000000  1.88915870  1.88916752  1.57204633  1.85272497  1.68964161  1.46648114  1.86321560  1.82916542  1.88756819  1.62402230  1.61891642  1.52384268  1.62475703  1.85701842  1.57477914  1.65774104  1.69855531
3    1.74956773  1.96100248  1.88915870  0.00000000  1.95771379  1.86507379  1.42496081  1.59315802  1.82386907  1.57832324  1.77649978  1.95694838  1.84716878  1.61462873  1.74513173  1.74319074  1.30829925  1.80972454  1.60885897  1.55002483
4    1.96323871  1.58467552  1.88916752  1.95771379  0.00000000  1.90194770  1.95130670  1.92262753  1.92381217  1.65569520  1.94894774  1.59267972  1.91144864  1.92020047  1.92245308  1.91121719  1.95206173  1.93131769  1.87816464  1.93079575
5    1.83743034  1.90275861  1.57204633  1.86507379  1.90194770  0.00000000  1.80794455  1.40373004  1.69617200  1.83500503  1.62308418  1.89661329  0.91687613  1.41593904  1.59072007  0.87794251  1.81467682  1.67434788  1.48253803  1.54946232
6    1.75966245  1.95431072  1.85272497  1.42496081  1.95130670  1.80794455  0.00000000  1.66592209  1.80919768  1.22001801  1.77092019  1.95028105  1.80046017  1.67947203  1.76038179  1.74428465  0.55164575  1.79776797  1.60645447  1.17347051
7    1.80484811  1.92435728  1.68964161  1.59315802  1.92262753  1.40373004  1.66592209  0.00000000  1.74352611  1.73981932  1.71132112  1.91967621  1.46590880  0.78533155  1.38295657  0.97659264  1.65734737  1.73390966  0.93702109  1.08527463
8    1.51995187  1.92650177  1.46648114  1.82386907  1.92381217  1.69617200  1.80919768  1.74352611  0.00000000  1.84219150  1.56104037  1.91847144  1.66885549  1.72343036  0.94278788  1.71739792  1.81092659  0.73630312  1.74230417  1.75264407
9    1.81826550  1.84790465  1.86321560  1.57832324  1.65569520  1.83500503  1.22001801  1.73981932  1.84219150  0.00000000  1.82216859  1.84733914  1.83241018  1.74877000  1.80703690  1.79233915  1.26224168  1.83621263  1.53202571  1.56866870
10    1.13248979  1.95379710  1.82916542  1.77649978  1.94894774  1.62308418  1.77092019  1.71132112  1.56104037  1.82216859  0.00000000  1.92840981  1.44415616  1.71986908  1.62080776  1.66263535  1.77157770  1.20993103  1.73612677  1.73725789
11    1.95092831  0.82380519  1.88756819  1.95694838  1.59267972  1.89661329  1.95028105  1.91967621  1.91847144  1.84733914  1.92840981  0.00000000  1.90304088  1.91734722  1.91804840  1.90695097  1.95106675  1.92143905  1.90622136  1.92856500
12    1.69492839  1.91307591  1.62402230  1.84716878  1.91144864  0.91687613  1.80046017  1.46590880  1.66885549  1.83241018  1.44415616  1.90304088  0.00000000  1.47737773  1.59680222  1.16297357  1.80596444  1.60175997  1.53380036  1.58742472
13    1.81228289  1.92178392  1.61891642  1.61462873  1.92020047  1.41593904  1.67947203  0.78533155  1.72343036  1.74877000  1.71986908  1.91734722  1.47737773  0.00000000  1.25243953  1.13327665  1.67183072  1.72236696  0.60167749  0.69992452
14    1.62995631  1.92472644  1.52384268  1.74513173  1.92245308  1.59072007  1.76038179  1.38295657  0.94278788  1.80703690  1.62080776  1.91804840  1.59680222  1.25243953  0.00000000  1.49759252  1.75858468  1.14524551  1.34057751  1.42545271
15    1.82282574  1.91243996  1.62475703  1.74319074  1.91121719  0.87794251  1.74428465  0.97659264  1.71739792  1.79233915  1.66263535  1.90695097  1.16297357  1.13327665  1.49759252  0.00000000  1.74415574  1.70104575  1.23801648  1.34139565
16    1.75847286  1.95509929  1.85701842  1.30829925  1.95206173  1.81467682  0.55164575  1.65734737  1.81092659  1.26224168  1.77157770  1.95106675  1.80596444  1.67183072  1.75858468  1.74415574  0.00000000  1.79917696  1.60673782  1.29027798
17    1.40425518  1.93465219  1.57477914  1.80972454  1.93131769  1.67434788  1.79776797  1.73390966  0.73630312  1.83621263  1.20993103  1.92143905  1.60175997  1.72236696  1.14524551  1.70104575  1.79917696  0.00000000  1.74045959  1.74804974
18    1.81323366  1.91004284  1.65774104  1.60885897  1.87816464  1.48253803  1.60645447  0.93702109  1.74230417  1.53202571  1.73612677  1.90622136  1.53380036  0.60167749  1.34057751  1.23801648  1.60673782  1.74045959  0.00000000  0.94392043
19    1.79435953  1.93286306  1.69855531  1.55002483  1.93079575  1.54946232  1.17347051  1.08527463  1.75264407  1.56866870  1.73725789  1.92856500  1.58742472  0.69992452  1.42545271  1.34139565  1.29027798  1.74804974  0.94392043  0.00000000

--------------------------------------------------------------------------------
n=19
(result of R-step: (5,7:15)0.55176176)
V=[0, 1, 2, 3, 4, 5, 6, 7, 8, 9, 10, 11, 12, 13, 14, 16, 17, 18, 19]
total successes of this branch: 5
Matrix on 19 elements:

0    0.00000000  1.96931600  1.90734575  1.74956773  1.96323871  1.61202779  1.75966245  1.57944556  1.51995187  1.81826550  1.13248979  1.95092831  1.69492839  1.81228289  1.62995631  1.75847286  1.40425518  1.81323366  1.79435953
1    1.96931600  0.00000000  1.88888031  1.96100248  1.58467552  1.67735606  1.95431072  1.69895472  1.92650177  1.84790465  1.95379710  0.82380519  1.91307591  1.92178392  1.92472644  1.95509929  1.93465219  1.91004284  1.93286306
2    1.90734575  1.88888031  0.00000000  1.88915870  1.88916752  1.34664378  1.85272497  1.46423905  1.46648114  1.86321560  1.82916542  1.88756819  1.62402230  1.61891642  1.52384268  1.85701842  1.57477914  1.65774104  1.69855531
3    1.74956773  1.96100248  1.88915870  0.00000000  1.95771379  1.63967124  1.42496081  1.36775546  1.82386907  1.57832324  1.77649978  1.95694838  1.84716878  1.61462873  1.74513173  1.30829925  1.80972454  1.60885897  1.55002483
4    1.96323871  1.58467552  1.88916752  1.95771379  0.00000000  1.67654515  1.95130670  1.69722497  1.92381217  1.65569520  1.94894774  1.59267972  1.91144864  1.92020047  1.92245308  1.95206173  1.93131769  1.87816464  1.93079575
5    1.61202779  1.67735606  1.34664378  1.63967124  1.67654515  0.00000000  1.58254200  0.95292494  1.47076945  1.60960248  1.39768162  1.67121074  0.69147358  1.19053649  1.36531751  1.58927426  1.44894533  1.25713548  1.32405977
6    1.75966245  1.95431072  1.85272497  1.42496081  1.95130670  1.58254200  0.00000000  1.44051954  1.80919768  1.22001801  1.77092019  1.95028105  1.80046017  1.67947203  1.76038179  0.55164575  1.79776797  1.60645447  1.17347051
7    1.57944556  1.69895472  1.46423905  1.36775546  1.69722497  0.95292494  1.44051954  0.00000000  1.51812355  1.51441677  1.48591857  1.69427365  1.24050625  0.55992900  1.15755401  1.43194482  1.50850710  0.71161853  0.85987208
8    1.51995187  1.92650177  1.46648114  1.82386907  1.92381217  1.47076945  1.80919768  1.51812355  0.00000000  1.84219150  1.56104037  1.91847144  1.66885549  1.72343036  0.94278788  1.81092659  0.73630312  1.74230417  1.75264407
9    1.81826550  1.84790465  1.86321560  1.57832324  1.65569520  1.60960248  1.22001801  1.51441677  1.84219150  0.00000000  1.82216859  1.84733914  1.83241018  1.74877000  1.80703690  1.26224168  1.83621263  1.53202571  1.56866870
10    1.13248979  1.95379710  1.82916542  1.77649978  1.94894774  1.39768162  1.77092019  1.48591857  1.56104037  1.82216859  0.00000000  1.92840981  1.44415616  1.71986908  1.62080776  1.77157770  1.20993103  1.73612677  1.73725789
11    1.95092831  0.82380519  1.88756819  1.95694838  1.59267972  1.67121074  1.95028105  1.69427365  1.91847144  1.84733914  1.92840981  0.00000000  1.90304088  1.91734722  1.91804840  1.95106675  1.92143905  1.90622136  1.92856500
12    1.69492839  1.91307591  1.62402230  1.84716878  1.91144864  0.69147358  1.80046017  1.24050625  1.66885549  1.83241018  1.44415616  1.90304088  0.00000000  1.47737773  1.59680222  1.80596444  1.60175997  1.53380036  1.58742472
13    1.81228289  1.92178392  1.61891642  1.61462873  1.92020047  1.19053649  1.67947203  0.55992900  1.72343036  1.74877000  1.71986908  1.91734722  1.47737773  0.00000000  1.25243953  1.67183072  1.72236696  0.60167749  0.69992452
14    1.62995631  1.92472644  1.52384268  1.74513173  1.92245308  1.36531751  1.76038179  1.15755401  0.94278788  1.80703690  1.62080776  1.91804840  1.59680222  1.25243953  0.00000000  1.75858468  1.14524551  1.34057751  1.42545271
16    1.75847286  1.95509929  1.85701842  1.30829925  1.95206173  1.58927426  0.55164575  1.43194482  1.81092659  1.26224168  1.77157770  1.95106675  1.80596444  1.67183072  1.75858468  0.00000000  1.79917696  1.60673782  1.29027798
17    1.40425518  1.93465219  1.57477914  1.80972454  1.93131769  1.44894533  1.79776797  1.50850710  0.73630312  1.83621263  1.20993103  1.92143905  1.60175997  1.72236696  1.14524551  1.79917696  0.00000000  1.74045959  1.74804974
18    1.81323366  1.91004284  1.65774104  1.60885897  1.87816464  1.25713548  1.60645447  0.71161853  1.74230417  1.53202571  1.73612677  1.90622136  1.53380036  0.60167749  1.34057751  1.60673782  1.74045959  0.00000000  0.94392043
19    1.79435953  1.93286306  1.69855531  1.55002483  1.93079575  1.32405977  1.17347051  0.85987208  1.75264407  1.56866870  1.73725789  1.92856500  1.58742472  0.69992452  1.42545271  1.29027798  1.74804974  0.94392043  0.00000000

--------------------------------------------------------------------------------
n=18
(result of R-step: (6,13:19)0.34061583)
V=[0, 1, 2, 3, 4, 5, 6, 7, 8, 9, 10, 11, 12, 13, 14, 16, 17, 18]
total successes of this branch: 5
Matrix on 18 elements:

0    0.00000000  1.96931600  1.90734575  1.74956773  1.96323871  1.61202779  1.66270096  1.57944556  1.51995187  1.81826550  1.13248979  1.95092831  1.69492839  1.71532139  1.62995631  1.75847286  1.40425518  1.81323366
1    1.96931600  0.00000000  1.88888031  1.96100248  1.58467552  1.67735606  1.85734922  1.69895472  1.92650177  1.84790465  1.95379710  0.82380519  1.91307591  1.82482242  1.92472644  1.95509929  1.93465219  1.91004284
2    1.90734575  1.88888031  0.00000000  1.88915870  1.88916752  1.34664378  1.75576347  1.46423905  1.46648114  1.86321560  1.82916542  1.88756819  1.62402230  1.52195492  1.52384268  1.85701842  1.57477914  1.65774104
3    1.74956773  1.96100248  1.88915870  0.00000000  1.95771379  1.63967124  1.32799931  1.36775546  1.82386907  1.57832324  1.77649978  1.95694838  1.84716878  1.51766723  1.74513173  1.30829925  1.80972454  1.60885897
4    1.96323871  1.58467552  1.88916752  1.95771379  0.00000000  1.67654515  1.85434521  1.69722497  1.92381217  1.65569520  1.94894774  1.59267972  1.91144864  1.82323897  1.92245308  1.95206173  1.93131769  1.87816464
5    1.61202779  1.67735606  1.34664378  1.63967124  1.67654515  0.00000000  1.48558050  0.95292494  1.47076945  1.60960248  1.39768162  1.67121074  0.69147358  1.09357499  1.36531751  1.58927426  1.44894533  1.25713548
6    1.66270096  1.85734922  1.75576347  1.32799931  1.85434521  1.48558050  0.00000000  1.34355804  1.71223618  1.12305651  1.67395869  1.85331956  1.70349867  1.48554904  1.66342029  0.45468425  1.70080647  1.50949297
7    1.57944556  1.69895472  1.46423905  1.36775546  1.69722497  0.95292494  1.34355804  0.00000000  1.51812355  1.51441677  1.48591857  1.69427365  1.24050625  0.46296750  1.15755401  1.43194482  1.50850710  0.71161853
8    1.51995187  1.92650177  1.46648114  1.82386907  1.92381217  1.47076945  1.71223618  1.51812355  0.00000000  1.84219150  1.56104037  1.91847144  1.66885549  1.62646887  0.94278788  1.81092659  0.73630312  1.74230417
9    1.81826550  1.84790465  1.86321560  1.57832324  1.65569520  1.60960248  1.12305651  1.51441677  1.84219150  0.00000000  1.82216859  1.84733914  1.83241018  1.65180850  1.80703690  1.26224168  1.83621263  1.53202571
10    1.13248979  1.95379710  1.82916542  1.77649978  1.94894774  1.39768162  1.67395869  1.48591857  1.56104037  1.82216859  0.00000000  1.92840981  1.44415616  1.62290758  1.62080776  1.77157770  1.20993103  1.73612677
11    1.95092831  0.82380519  1.88756819  1.95694838  1.59267972  1.67121074  1.85331956  1.69427365  1.91847144  1.84733914  1.92840981  0.00000000  1.90304088  1.82038572  1.91804840  1.95106675  1.92143905  1.90622136
12    1.69492839  1.91307591  1.62402230  1.84716878  1.91144864  0.69147358  1.70349867  1.24050625  1.66885549  1.83241018  1.44415616  1.90304088  0.00000000  1.38041623  1.59680222  1.80596444  1.60175997  1.53380036
13    1.71532139  1.82482242  1.52195492  1.51766723  1.82323897  1.09357499  1.48554904  0.46296750  1.62646887  1.65180850  1.62290758  1.82038572  1.38041623  0.00000000  1.15547804  1.57486922  1.62540546  0.50471599
14    1.62995631  1.92472644  1.52384268  1.74513173  1.92245308  1.36531751  1.66342029  1.15755401  0.94278788  1.80703690  1.62080776  1.91804840  1.59680222  1.15547804  0.00000000  1.75858468  1.14524551  1.34057751
16    1.75847286  1.95509929  1.85701842  1.30829925  1.95206173  1.58927426  0.45468425  1.43194482  1.81092659  1.26224168  1.77157770  1.95106675  1.80596444  1.57486922  1.75858468  0.00000000  1.79917696  1.60673782
17    1.40425518  1.93465219  1.57477914  1.80972454  1.93131769  1.44894533  1.70080647  1.50850710  0.73630312  1.83621263  1.20993103  1.92143905  1.60175997  1.62540546  1.14524551  1.79917696  0.00000000  1.74045959
18    1.81323366  1.91004284  1.65774104  1.60885897  1.87816464  1.25713548  1.50949297  0.71161853  1.74230417  1.53202571  1.73612677  1.90622136  1.53380036  0.50471599  1.34057751  1.60673782  1.74045959  0.00000000

--------------------------------------------------------------------------------
n=17
(result of R-step: (3,6:16)0.11784274)
V=[0, 1, 2, 3, 4, 5, 6, 7, 8, 9, 10, 11, 12, 13, 14, 17, 18]
total successes of this branch: 5
Matrix on 17 elements:

0    0.00000000  1.96931600  1.90734575  1.53207563  1.96323871  1.61202779  1.54217036  1.57944556  1.51995187  1.81826550  1.13248979  1.95092831  1.69492839  1.71532139  1.62995631  1.40425518  1.81323366
1    1.96931600  0.00000000  1.88888031  1.74351039  1.58467552  1.67735606  1.73681862  1.69895472  1.92650177  1.84790465  1.95379710  0.82380519  1.91307591  1.82482242  1.92472644  1.93465219  1.91004284
2    1.90734575  1.88888031  0.00000000  1.67166660  1.88916752  1.34664378  1.63523287  1.46423905  1.46648114  1.86321560  1.82916542  1.88756819  1.62402230  1.52195492  1.52384268  1.57477914  1.65774104
3    1.53207563  1.74351039  1.67166660  0.00000000  1.74022169  1.42217914  0.98997661  1.15026337  1.60637697  1.36083114  1.55900769  1.73945629  1.62967669  1.30017514  1.52763963  1.59223244  1.39136688
4    1.96323871  1.58467552  1.88916752  1.74022169  0.00000000  1.67654515  1.73381461  1.69722497  1.92381217  1.65569520  1.94894774  1.59267972  1.91144864  1.82323897  1.92245308  1.93131769  1.87816464
5    1.61202779  1.67735606  1.34664378  1.42217914  1.67654515  0.00000000  1.36504990  0.95292494  1.47076945  1.60960248  1.39768162  1.67121074  0.69147358  1.09357499  1.36531751  1.44894533  1.25713548
6    1.54217036  1.73681862  1.63523287  0.98997661  1.73381461  1.36504990  0.00000000  1.22302744  1.59170558  1.00252591  1.55342809  1.73278896  1.58296807  1.36501844  1.54288969  1.58027587  1.38896237
7    1.57944556  1.69895472  1.46423905  1.15026337  1.69722497  0.95292494  1.22302744  0.00000000  1.51812355  1.51441677  1.48591857  1.69427365  1.24050625  0.46296750  1.15755401  1.50850710  0.71161853
8    1.51995187  1.92650177  1.46648114  1.60637697  1.92381217  1.47076945  1.59170558  1.51812355  0.00000000  1.84219150  1.56104037  1.91847144  1.66885549  1.62646887  0.94278788  0.73630312  1.74230417
9    1.81826550  1.84790465  1.86321560  1.36083114  1.65569520  1.60960248  1.00252591  1.51441677  1.84219150  0.00000000  1.82216859  1.84733914  1.83241018  1.65180850  1.80703690  1.83621263  1.53202571
10    1.13248979  1.95379710  1.82916542  1.55900769  1.94894774  1.39768162  1.55342809  1.48591857  1.56104037  1.82216859  0.00000000  1.92840981  1.44415616  1.62290758  1.62080776  1.20993103  1.73612677
11    1.95092831  0.82380519  1.88756819  1.73945629  1.59267972  1.67121074  1.73278896  1.69427365  1.91847144  1.84733914  1.92840981  0.00000000  1.90304088  1.82038572  1.91804840  1.92143905  1.90622136
12    1.69492839  1.91307591  1.62402230  1.62967669  1.91144864  0.69147358  1.58296807  1.24050625  1.66885549  1.83241018  1.44415616  1.90304088  0.00000000  1.38041623  1.59680222  1.60175997  1.53380036
13    1.71532139  1.82482242  1.52195492  1.30017514  1.82323897  1.09357499  1.36501844  0.46296750  1.62646887  1.65180850  1.62290758  1.82038572  1.38041623  0.00000000  1.15547804  1.62540546  0.50471599
14    1.62995631  1.92472644  1.52384268  1.52763963  1.92245308  1.36531751  1.54288969  1.15755401  0.94278788  1.80703690  1.62080776  1.91804840  1.59680222  1.15547804  0.00000000  1.14524551  1.34057751
17    1.40425518  1.93465219  1.57477914  1.59223244  1.93131769  1.44894533  1.58027587  1.50850710  0.73630312  1.83621263  1.20993103  1.92143905  1.60175997  1.62540546  1.14524551  0.00000000  1.74045959
18    1.81323366  1.91004284  1.65774104  1.39136688  1.87816464  1.25713548  1.38896237  0.71161853  1.74230417  1.53202571  1.73612677  1.90622136  1.53380036  0.50471599  1.34057751  1.74045959  0.00000000

--------------------------------------------------------------------------------
n=16
(result of R-step: (8,10:17)0.70139869)
V=[0, 1, 2, 3, 4, 5, 6, 7, 8, 9, 10, 11, 12, 13, 14, 18]
total successes of this branch: 5
Matrix on 16 elements:

0    0.00000000  1.96931600  1.90734575  1.53207563  1.96323871  1.61202779  1.54217036  1.57944556  1.32735497  1.81826550  0.93989290  1.95092831  1.69492839  1.71532139  1.62995631  1.81323366
1    1.96931600  0.00000000  1.88888031  1.74351039  1.58467552  1.67735606  1.73681862  1.69895472  1.73390488  1.84790465  1.76120020  0.82380519  1.91307591  1.82482242  1.92472644  1.91004284
2    1.90734575  1.88888031  0.00000000  1.67166660  1.88916752  1.34664378  1.63523287  1.46423905  1.27388425  1.86321560  1.63656852  1.88756819  1.62402230  1.52195492  1.52384268  1.65774104
3    1.53207563  1.74351039  1.67166660  0.00000000  1.74022169  1.42217914  0.98997661  1.15026337  1.41378008  1.36083114  1.36641080  1.73945629  1.62967669  1.30017514  1.52763963  1.39136688
4    1.96323871  1.58467552  1.88916752  1.74022169  0.00000000  1.67654515  1.73381461  1.69722497  1.73121528  1.65569520  1.75635085  1.59267972  1.91144864  1.82323897  1.92245308  1.87816464
5    1.61202779  1.67735606  1.34664378  1.42217914  1.67654515  0.00000000  1.36504990  0.95292494  1.27817256  1.60960248  1.20508473  1.67121074  0.69147358  1.09357499  1.36531751  1.25713548
6    1.54217036  1.73681862  1.63523287  0.98997661  1.73381461  1.36504990  0.00000000  1.22302744  1.39910869  1.00252591  1.36083120  1.73278896  1.58296807  1.36501844  1.54288969  1.38896237
7    1.57944556  1.69895472  1.46423905  1.15026337  1.69722497  0.95292494  1.22302744  0.00000000  1.32552666  1.51441677  1.29332168  1.69427365  1.24050625  0.46296750  1.15755401  0.71161853
8    1.32735497  1.73390488  1.27388425  1.41378008  1.73121528  1.27817256  1.39910869  1.32552666  0.00000000  1.64959461  1.17584658  1.72587455  1.47625859  1.43387197  0.75019099  1.54970728
9    1.81826550  1.84790465  1.86321560  1.36083114  1.65569520  1.60960248  1.00252591  1.51441677  1.64959461  0.00000000  1.62957170  1.84733914  1.83241018  1.65180850  1.80703690  1.53202571
10    0.93989290  1.76120020  1.63656852  1.36641080  1.75635085  1.20508473  1.36083120  1.29332168  1.17584658  1.62957170  0.00000000  1.73581292  1.25155927  1.43031069  1.42821087  1.54352988
11    1.95092831  0.82380519  1.88756819  1.73945629  1.59267972  1.67121074  1.73278896  1.69427365  1.72587455  1.84733914  1.73581292  0.00000000  1.90304088  1.82038572  1.91804840  1.90622136
12    1.69492839  1.91307591  1.62402230  1.62967669  1.91144864  0.69147358  1.58296807  1.24050625  1.47625859  1.83241018  1.25155927  1.90304088  0.00000000  1.38041623  1.59680222  1.53380036
13    1.71532139  1.82482242  1.52195492  1.30017514  1.82323897  1.09357499  1.36501844  0.46296750  1.43387197  1.65180850  1.43031069  1.82038572  1.38041623  0.00000000  1.15547804  0.50471599
14    1.62995631  1.92472644  1.52384268  1.52763963  1.92245308  1.36531751  1.54288969  1.15755401  0.75019099  1.80703690  1.42821087  1.91804840  1.59680222  1.15547804  0.00000000  1.34057751
18    1.81323366  1.91004284  1.65774104  1.39136688  1.87816464  1.25713548  1.38896237  0.71161853  1.54970728  1.53202571  1.54352988  1.90622136  1.53380036  0.50471599  1.34057751  0.00000000

--------------------------------------------------------------------------------
n=15
(result of R-step: (5,10:12)0.79785253)
V=[0, 1, 2, 3, 4, 5, 6, 7, 8, 9, 10, 11, 13, 14, 18]
total successes of this branch: 5
Matrix on 15 elements:

0    0.00000000  1.96931600  1.90734575  1.53207563  1.96323871  1.46845629  1.54217036  1.57944556  1.32735497  1.81826550  0.76351573  1.95092831  1.71532139  1.62995631  1.81323366
1    1.96931600  0.00000000  1.88888031  1.74351039  1.58467552  1.53378455  1.73681862  1.69895472  1.73390488  1.84790465  1.58482304  0.82380519  1.82482242  1.92472644  1.91004284
2    1.90734575  1.88888031  0.00000000  1.67166660  1.88916752  1.20307228  1.63523287  1.46423905  1.27388425  1.86321560  1.46019136  1.88756819  1.52195492  1.52384268  1.65774104
3    1.53207563  1.74351039  1.67166660  0.00000000  1.74022169  1.27860764  0.98997661  1.15026337  1.41378008  1.36083114  1.19003363  1.73945629  1.30017514  1.52763963  1.39136688
4    1.96323871  1.58467552  1.88916752  1.74022169  0.00000000  1.53297364  1.73381461  1.69722497  1.73121528  1.65569520  1.57997369  1.59267972  1.82323897  1.92245308  1.87816464
5    1.46845629  1.53378455  1.20307228  1.27860764  1.53297364  0.00000000  1.22147840  0.80935343  1.13460106  1.46603097  0.88513606  1.52763923  0.95000349  1.22174601  1.11356398
6    1.54217036  1.73681862  1.63523287  0.98997661  1.73381461  1.22147840  0.00000000  1.22302744  1.39910869  1.00252591  1.18445403  1.73278896  1.36501844  1.54288969  1.38896237
7    1.57944556  1.69895472  1.46423905  1.15026337  1.69722497  0.80935343  1.22302744  0.00000000  1.32552666  1.51441677  1.11694451  1.69427365  0.46296750  1.15755401  0.71161853
8    1.32735497  1.73390488  1.27388425  1.41378008  1.73121528  1.13460106  1.39910869  1.32552666  0.00000000  1.64959461  0.99946942  1.72587455  1.43387197  0.75019099  1.54970728
9    1.81826550  1.84790465  1.86321560  1.36083114  1.65569520  1.46603097  1.00252591  1.51441677  1.64959461  0.00000000  1.45319453  1.84733914  1.65180850  1.80703690  1.53202571
10    0.76351573  1.58482304  1.46019136  1.19003363  1.57997369  0.88513606  1.18445403  1.11694451  0.99946942  1.45319453  0.00000000  1.55943575  1.25393353  1.25183371  1.36715271
11    1.95092831  0.82380519  1.88756819  1.73945629  1.59267972  1.52763923  1.73278896  1.69427365  1.72587455  1.84733914  1.55943575  0.00000000  1.82038572  1.91804840  1.90622136
13    1.71532139  1.82482242  1.52195492  1.30017514  1.82323897  0.95000349  1.36501844  0.46296750  1.43387197  1.65180850  1.25393353  1.82038572  0.00000000  1.15547804  0.50471599
14    1.62995631  1.92472644  1.52384268  1.52763963  1.92245308  1.22174601  1.54288969  1.15755401  0.75019099  1.80703690  1.25183371  1.91804840  1.15547804  0.00000000  1.34057751
18    1.81323366  1.91004284  1.65774104  1.39136688  1.87816464  1.11356398  1.38896237  0.71161853  1.54970728  1.53202571  1.36715271  1.90622136  0.50471599  1.34057751  0.00000000

--------------------------------------------------------------------------------
n=14
(result of R-step: (1,10:11)0.97802688)
V=[0, 1, 2, 3, 4, 5, 6, 7, 8, 9, 10, 13, 14, 18]
total successes of this branch: 5
Matrix on 14 elements:

0    0.00000000  1.57010705  1.90734575  1.53207563  1.96323871  1.46845629  1.54217036  1.57944556  1.32735497  1.81826550  0.73328084  1.71532139  1.62995631  1.81323366
1    1.57010705  0.00000000  1.48967136  1.34430143  1.18546657  1.13457560  1.33760967  1.29974577  1.33469592  1.44869569  1.15537919  1.42561347  1.52551749  1.51083389
2    1.90734575  1.48967136  0.00000000  1.67166660  1.88916752  1.20307228  1.63523287  1.46423905  1.27388425  1.86321560  1.42995646  1.52195492  1.52384268  1.65774104
3    1.53207563  1.34430143  1.67166660  0.00000000  1.74022169  1.27860764  0.98997661  1.15026337  1.41378008  1.36083114  1.15979874  1.30017514  1.52763963  1.39136688
4    1.96323871  1.18546657  1.88916752  1.74022169  0.00000000  1.53297364  1.73381461  1.69722497  1.73121528  1.65569520  1.54973879  1.82323897  1.92245308  1.87816464
5    1.46845629  1.13457560  1.20307228  1.27860764  1.53297364  0.00000000  1.22147840  0.80935343  1.13460106  1.46603097  0.85490117  0.95000349  1.22174601  1.11356398
6    1.54217036  1.33760967  1.63523287  0.98997661  1.73381461  1.22147840  0.00000000  1.22302744  1.39910869  1.00252591  1.15421914  1.36501844  1.54288969  1.38896237
7    1.57944556  1.29974577  1.46423905  1.15026337  1.69722497  0.80935343  1.22302744  0.00000000  1.32552666  1.51441677  1.08670962  0.46296750  1.15755401  0.71161853
8    1.32735497  1.33469592  1.27388425  1.41378008  1.73121528  1.13460106  1.39910869  1.32552666  0.00000000  1.64959461  0.96923452  1.43387197  0.75019099  1.54970728
9    1.81826550  1.44869569  1.86321560  1.36083114  1.65569520  1.46603097  1.00252591  1.51441677  1.64959461  0.00000000  1.42295964  1.65180850  1.80703690  1.53202571
10    0.73328084  1.15537919  1.42995646  1.15979874  1.54973879  0.85490117  1.15421914  1.08670962  0.96923452  1.42295964  0.00000000  1.22369863  1.22159881  1.33691782
13    1.71532139  1.42561347  1.52195492  1.30017514  1.82323897  0.95000349  1.36501844  0.46296750  1.43387197  1.65180850  1.22369863  0.00000000  1.15547804  0.50471599
14    1.62995631  1.52551749  1.52384268  1.52763963  1.92245308  1.22174601  1.54288969  1.15755401  0.75019099  1.80703690  1.22159881  1.15547804  0.00000000  1.34057751
18    1.81323366  1.51083389  1.65774104  1.39136688  1.87816464  1.11356398  1.38896237  0.71161853  1.54970728  1.53202571  1.33691782  0.50471599  1.34057751  0.00000000

--------------------------------------------------------------------------------
n=13
(result of R-step: (0,5:10)0.76683426)
V=[0, 1, 2, 3, 4, 5, 6, 7, 8, 9, 13, 14, 18]
total successes of this branch: 5
Matrix on 13 elements:

0    0.00000000  1.11103524  1.44827394  1.07300382  1.50416690  0.91928672  1.08309855  1.12037375  0.86828316  1.35919369  1.25624958  1.17088450  1.35416185
1    1.11103524  0.00000000  1.48967136  1.34430143  1.18546657  1.04447785  1.33760967  1.29974577  1.33469592  1.44869569  1.42561347  1.52551749  1.51083389
2    1.44827394  1.48967136  0.00000000  1.67166660  1.88916752  1.11297452  1.63523287  1.46423905  1.27388425  1.86321560  1.52195492  1.52384268  1.65774104
3    1.07300382  1.34430143  1.67166660  0.00000000  1.74022169  1.18850989  0.98997661  1.15026337  1.41378008  1.36083114  1.30017514  1.52763963  1.39136688
4    1.50416690  1.18546657  1.88916752  1.74022169  0.00000000  1.44287589  1.73381461  1.69722497  1.73121528  1.65569520  1.82323897  1.92245308  1.87816464
5    0.91928672  1.04447785  1.11297452  1.18850989  1.44287589  0.00000000  1.13138064  0.71925568  1.04450330  1.37593322  0.85990573  1.13164826  1.02346622
6    1.08309855  1.33760967  1.63523287  0.98997661  1.73381461  1.13138064  0.00000000  1.22302744  1.39910869  1.00252591  1.36501844  1.54288969  1.38896237
7    1.12037375  1.29974577  1.46423905  1.15026337  1.69722497  0.71925568  1.22302744  0.00000000  1.32552666  1.51441677  0.46296750  1.15755401  0.71161853
8    0.86828316  1.33469592  1.27388425  1.41378008  1.73121528  1.04450330  1.39910869  1.32552666  0.00000000  1.64959461  1.43387197  0.75019099  1.54970728
9    1.35919369  1.44869569  1.86321560  1.36083114  1.65569520  1.37593322  1.00252591  1.51441677  1.64959461  0.00000000  1.65180850  1.80703690  1.53202571
13    1.25624958  1.42561347  1.52195492  1.30017514  1.82323897  0.85990573  1.36501844  0.46296750  1.43387197  1.65180850  0.00000000  1.15547804  0.50471599
14    1.17088450  1.52551749  1.52384268  1.52763963  1.92245308  1.13164826  1.54288969  1.15755401  0.75019099  1.80703690  1.15547804  0.00000000  1.34057751
18    1.35416185  1.51083389  1.65774104  1.39136688  1.87816464  1.02346622  1.38896237  0.71161853  1.54970728  1.53202571  0.50471599  1.34057751  0.00000000

--------------------------------------------------------------------------------
n=12
(result of R-step: (9,13:18)0.15892245)
V=[0, 1, 2, 3, 4, 5, 6, 7, 8, 9, 13, 14]
total successes of this branch: 5
Matrix on 12 elements:

0    0.00000000  1.11103524  1.44827394  1.07300382  1.50416690  0.91928672  1.08309855  1.12037375  0.86828316  1.16672709  1.16074448  1.17088450
1    1.11103524  0.00000000  1.48967136  1.34430143  1.18546657  1.04447785  1.33760967  1.29974577  1.33469592  1.25622909  1.33010837  1.52551749
2    1.44827394  1.48967136  0.00000000  1.67166660  1.88916752  1.11297452  1.63523287  1.46423905  1.27388425  1.67074900  1.42644982  1.52384268
3    1.07300382  1.34430143  1.67166660  0.00000000  1.74022169  1.18850989  0.98997661  1.15026337  1.41378008  1.16836454  1.20467004  1.52763963
4    1.50416690  1.18546657  1.88916752  1.74022169  0.00000000  1.44287589  1.73381461  1.69722497  1.73121528  1.46322860  1.72773387  1.92245308
5    0.91928672  1.04447785  1.11297452  1.18850989  1.44287589  0.00000000  1.13138064  0.71925568  1.04450330  1.18346662  0.76440063  1.13164826
6    1.08309855  1.33760967  1.63523287  0.98997661  1.73381461  1.13138064  0.00000000  1.22302744  1.39910869  0.81005931  1.26951333  1.54288969
7    1.12037375  1.29974577  1.46423905  1.15026337  1.69722497  0.71925568  1.22302744  0.00000000  1.32552666  1.32195017  0.36746240  1.15755401
8    0.86828316  1.33469592  1.27388425  1.41378008  1.73121528  1.04450330  1.39910869  1.32552666  0.00000000  1.45712801  1.33836687  0.75019099
9    1.16672709  1.25622909  1.67074900  1.16836454  1.46322860  1.18346662  0.81005931  1.32195017  1.45712801  0.00000000  1.36383680  1.61457030
13    1.16074448  1.33010837  1.42644982  1.20467004  1.72773387  0.76440063  1.26951333  0.36746240  1.33836687  1.36383680  0.00000000  1.05997293
14    1.17088450  1.52551749  1.52384268  1.52763963  1.92245308  1.13164826  1.54288969  1.15755401  0.75019099  1.61457030  1.05997293  0.00000000

--------------------------------------------------------------------------------
n=11
(result of R-step: (4,6:9)0.28786780)
V=[0, 1, 2, 3, 4, 5, 6, 7, 8, 13, 14]
total successes of this branch: 5
Matrix on 11 elements:

0    0.00000000  1.11103524  1.44827394  1.07300382  1.04196365  0.91928672  0.83838739  1.12037375  0.86828316  1.16074448  1.17088450
1    1.11103524  0.00000000  1.48967136  1.34430143  0.72326332  1.04447785  1.09289851  1.29974577  1.33469592  1.33010837  1.52551749
2    1.44827394  1.48967136  0.00000000  1.67166660  1.42696427  1.11297452  1.39052172  1.46423905  1.27388425  1.42644982  1.52384268
3    1.07300382  1.34430143  1.67166660  0.00000000  1.27801844  1.18850989  0.74526546  1.15026337  1.41378008  1.20467004  1.52763963
4    1.04196365  0.72326332  1.42696427  1.27801844  0.00000000  0.98067264  1.02690020  1.23502172  1.26901203  1.26553062  1.46024983
5    0.91928672  1.04447785  1.11297452  1.18850989  0.98067264  0.00000000  0.88666949  0.71925568  1.04450330  0.76440063  1.13164826
6    0.83838739  1.09289851  1.39052172  0.74526546  1.02690020  0.88666949  0.00000000  0.97831629  1.15439753  1.02480218  1.29817854
7    1.12037375  1.29974577  1.46423905  1.15026337  1.23502172  0.71925568  0.97831629  0.00000000  1.32552666  0.36746240  1.15755401
8    0.86828316  1.33469592  1.27388425  1.41378008  1.26901203  1.04450330  1.15439753  1.32552666  0.00000000  1.33836687  0.75019099
13    1.16074448  1.33010837  1.42644982  1.20467004  1.26553062  0.76440063  1.02480218  0.36746240  1.33836687  0.00000000  1.05997293
14    1.17088450  1.52551749  1.52384268  1.52763963  1.46024983  1.13164826  1.29817854  1.15755401  0.75019099  1.05997293  0.00000000

--------------------------------------------------------------------------------
n=10
(result of R-step: (8,13:14)0.62369903)
V=[0, 1, 2, 3, 4, 5, 6, 7, 8, 13]
total successes of this branch: 5
Matrix on 10 elements:

0    0.00000000  1.11103524  1.44827394  1.07300382  1.04196365  0.91928672  0.83838739  1.12037375  0.82498153  1.11731255
1    1.11103524  0.00000000  1.48967136  1.34430143  0.72326332  1.04447785  1.09289851  1.29974577  1.29139429  1.28667644
2    1.44827394  1.48967136  0.00000000  1.67166660  1.42696427  1.11297452  1.39052172  1.46423905  1.23058261  1.38301789
3    1.07300382  1.34430143  1.67166660  0.00000000  1.27801844  1.18850989  0.74526546  1.15026337  1.37047845  1.16123811
4    1.04196365  0.72326332  1.42696427  1.27801844  0.00000000  0.98067264  1.02690020  1.23502172  1.22571039  1.22209869
5    0.91928672  1.04447785  1.11297452  1.18850989  0.98067264  0.00000000  0.88666949  0.71925568  1.00120167  0.72096870
6    0.83838739  1.09289851  1.39052172  0.74526546  1.02690020  0.88666949  0.00000000  0.97831629  1.11109590  0.98137025
7    1.12037375  1.29974577  1.46423905  1.15026337  1.23502172  0.71925568  0.97831629  0.00000000  1.28222503  0.32403047
8    0.82498153  1.29139429  1.23058261  1.37047845  1.22571039  1.00120167  1.11109590  1.28222503  0.00000000  1.25163331
13    1.11731255  1.28667644  1.38301789  1.16123811  1.22209869  0.72096870  0.98137025  0.32403047  1.25163331  0.00000000

--------------------------------------------------------------------------------
n=9
(result of R-step: (2,7:13)0.07253603)
V=[0, 1, 2, 3, 4, 5, 6, 7, 8]
total successes of this branch: 5
Matrix on 9 elements:

0    0.00000000  1.11103524  1.09097076  1.07300382  1.04196365  0.91928672  0.83838739  0.98847312  0.82498153
1    1.11103524  0.00000000  1.13236818  1.34430143  0.72326332  1.04447785  1.09289851  1.16784515  1.29139429
2    1.09097076  1.13236818  0.00000000  1.31436342  1.06966109  0.75567134  1.03321854  0.97503525  0.87327943
3    1.07300382  1.34430143  1.31436342  0.00000000  1.27801844  1.18850989  0.74526546  1.01836274  1.37047845
4    1.04196365  0.72326332  1.06966109  1.27801844  0.00000000  0.98067264  1.02690020  1.10312110  1.22571039
5    0.91928672  1.04447785  0.75567134  1.18850989  0.98067264  0.00000000  0.88666949  0.58735505  1.00120167
6    0.83838739  1.09289851  1.03321854  0.74526546  1.02690020  0.88666949  0.00000000  0.84641566  1.11109590
7    0.98847312  1.16784515  0.97503525  1.01836274  1.10312110  0.58735505  0.84641566  0.00000000  1.15032440
8    0.82498153  1.29139429  0.87327943  1.37047845  1.22571039  1.00120167  1.11109590  1.15032440  0.00000000

--------------------------------------------------------------------------------
n=8
(result of R-step: (0,2:8)0.46772099)
V=[0, 1, 2, 3, 4, 5, 6, 7]
total successes of this branch: 5
Matrix on 8 elements:

0    0.00000000  1.03056342  0.82825850  0.99253200  0.96149183  0.83881491  0.75791558  0.90800131
1    1.03056342  0.00000000  0.95012773  1.34430143  0.72326332  1.04447785  1.09289851  1.16784515
2    0.82825850  0.95012773  0.00000000  1.13212297  0.88742064  0.57343089  0.85097809  0.79279480
3    0.99253200  1.34430143  1.13212297  0.00000000  1.27801844  1.18850989  0.74526546  1.01836274
4    0.96149183  0.72326332  0.88742064  1.27801844  0.00000000  0.98067264  1.02690020  1.10312110
5    0.83881491  1.04447785  0.57343089  1.18850989  0.98067264  0.00000000  0.88666949  0.58735505
6    0.75791558  1.09289851  0.85097809  0.74526546  1.02690020  0.88666949  0.00000000  0.84641566
7    0.90800131  1.16784515  0.79279480  1.01836274  1.10312110  0.58735505  0.84641566  0.00000000

--------------------------------------------------------------------------------
n=7
(result of R-step: (3,5:7)0.37083156)
V=[0, 1, 2, 3, 4, 5, 6]
total successes of this branch: 5
Matrix on 7 elements:

0    0.00000000  1.03056342  0.82825850  0.64411697  0.96149183  0.73197959  0.75791558
1    1.03056342  0.00000000  0.95012773  0.99588640  0.72326332  0.93764253  1.09289851
2    0.82825850  0.95012773  0.00000000  0.78370794  0.88742064  0.46659557  0.85097809
3    0.64411697  0.99588640  0.78370794  0.00000000  0.92960341  0.73325953  0.39685042
4    0.96149183  0.72326332  0.88742064  0.92960341  0.00000000  0.87383732  1.02690020
5    0.73197959  0.93764253  0.46659557  0.73325953  0.87383732  0.00000000  0.77983417
6    0.75791558  1.09289851  0.85097809  0.39685042  1.02690020  0.77983417  0.00000000

--------------------------------------------------------------------------------
n=6
(result of R-step: (3,5:6)0.88510782)
V=[0, 1, 2, 3, 4, 5]
total successes of this branch: 5
Matrix on 6 elements:

0    0.00000000  1.03056342  0.82825850  0.52610832  0.96149183  0.61397094
1    1.03056342  0.00000000  0.95012773  0.87787775  0.72326332  0.81963388
2    0.82825850  0.95012773  0.00000000  0.66569929  0.88742064  0.34858692
3    0.52610832  0.87787775  0.66569929  0.00000000  0.81159476  0.49724223
4    0.96149183  0.72326332  0.88742064  0.81159476  0.00000000  0.75582867
5    0.61397094  0.81963388  0.34858692  0.49724223  0.75582867  0.00000000

--------------------------------------------------------------------------------
n=5
(result of R-step: (0,2:5)0.17253912)
V=[0, 1, 2, 3, 4]
total successes of this branch: 5
Matrix on 5 elements:

0    0.00000000  0.81904159  0.40521483  0.31458648  0.74997000
1    0.81904159  0.00000000  0.73860589  0.87787775  0.72326332
2    0.40521483  0.73860589  0.00000000  0.45417745  0.67589881
3    0.31458648  0.87787775  0.45417745  0.00000000  0.81159476
4    0.74997000  0.72326332  0.67589881  0.81159476  0.00000000

--------------------------------------------------------------------------------
n=4
(result of R-step: (0,1:2)0.63785949)
V=[0, 1, 3, 4]
total successes of this branch: 0
Matrix on 4 elements:

0    0.00000000  0.29604672  0.17897174  0.61435525
1    0.29604672  0.00000000  0.49049764  0.33588320
3    0.17897174  0.49049764  0.00000000  0.81159476
4    0.61435525  0.33588320  0.81159476  0.00000000
reason of abort: no pseudometric

--------------------------------------------------------------------------------
n=4
(result of R-step: (0,1:4)0.01555417)
V=[0, 1, 2, 3]
total successes of this branch: 1
Matrix on 4 elements:

0    0.00000000  0.39071777  0.36698118  0.27635283
1    0.39071777  0.00000000  0.34851573  0.48778759
2    0.36698118  0.34851573  0.00000000  0.45417745
3    0.27635283  0.48778759  0.45417745  0.00000000

--------------------------------------------------------------------------------
n=4
(result of R-step: (0,2:3)0.56185150)
V=[0, 1, 2, 4]
total successes of this branch: 1
Matrix on 4 elements:

0    0.00000000  0.78080793  0.21585895  0.71173634
1    0.78080793  0.00000000  0.58748367  0.72326332
2    0.21585895  0.58748367  0.00000000  0.52477658
4    0.71173634  0.72326332  0.52477658  0.00000000

--------------------------------------------------------------------------------
n=4
(result of R-step: (0,4:2)0.62882649)
V=[0, 1, 3, 4]
total successes of this branch: 0
Matrix on 4 elements:

0    0.00000000  0.68249265  0.17803755  0.27775171
1    0.68249265  0.00000000  0.87787775  0.38759396
3    0.17803755  0.87787775  0.00000000  0.47592541
4    0.27775171  0.38759396  0.47592541  0.00000000
reason of abort: no pseudometric

--------------------------------------------------------------------------------
n=4
(result of R-step: (1,3:0)0.03396862)
V=[1, 2, 3, 4]
total successes of this branch: 0
Matrix on 4 elements:

1    0.00000000  0.30278606  0.26432536  0.28744348
2    0.30278606  0.00000000  0.27644490  0.67589881
3    0.26432536  0.27644490  0.00000000  0.63386220
4    0.28744348  0.67589881  0.63386220  0.00000000
reason of abort: no pseudometric

--------------------------------------------------------------------------------
n=4
(result of R-step: (1,3:2)0.38179729)
V=[0, 1, 3, 4]
total successes of this branch: 1
Matrix on 4 elements:

0    0.00000000  0.42895142  0.13586084  0.74997000
1    0.42895142  0.00000000  0.30906194  0.33317315
3    0.13586084  0.30906194  0.00000000  0.63286912
4    0.74997000  0.33317315  0.63286912  0.00000000

--------------------------------------------------------------------------------
n=4
(result of R-step: (1,3:4)0.97107394)
V=[0, 1, 2, 3]
total successes of this branch: 0
Matrix on 4 elements:

0    0.00000000  0.43166147  0.40521483  0.07967298
1    0.43166147  0.00000000  0.35122578  0.25558414
2    0.40521483  0.35122578  0.00000000  0.21926395
3    0.07967298  0.25558414  0.21926395  0.00000000
reason of abort: no pseudometric

--------------------------------------------------------------------------------
n=4
(result of R-step: (2,4:1)0.22023121)
V=[0, 2, 3, 4]
total successes of this branch: 1
Matrix on 4 elements:

0    0.00000000  0.25409261  0.31458648  0.47462436
2    0.25409261  0.00000000  0.30305523  0.24943095
3    0.31458648  0.30305523  0.00000000  0.53624912
4    0.47462436  0.24943095  0.53624912  0.00000000

--------------------------------------------------------------------------------
n=4
(result of R-step: (3,4:0)0.97376401)
V=[1, 2, 3, 4]
total successes of this branch: 1
Matrix on 4 elements:

1    0.00000000  0.73860589  0.69915211  0.44791768
2    0.73860589  0.00000000  0.27545181  0.40055317
3    0.69915211  0.27545181  0.00000000  0.35752348
4    0.44791768  0.40055317  0.35752348  0.00000000

--------------------------------------------------------------------------------
n=4
(result of R-step: (3,4:2)0.61033728)
V=[0, 1, 3, 4]
total successes of this branch: 0
Matrix on 4 elements:

0    0.00000000  0.81904159  0.13685393  0.41689137
1    0.81904159  0.00000000  0.70014519  0.39018469
3    0.13685393  0.70014519  0.00000000  0.30078358
4    0.41689137  0.39018469  0.30078358  0.00000000
reason of abort: no pseudometric
