n=20
V=[0, 1, 2, 3, 4, 5, 6, 7, 8, 9, 10, 11, 12, 13, 14, 15, 16, 17, 18, 19]
total successes of this branch: 3
Matrix on 20 elements:

0    0.00000000  2.42128656  2.38913664  2.13273734  2.22762225  2.11005119  2.38654175  2.25445844  1.46083663  2.13972458  2.40112092  2.39946471  1.84144990  2.41525500  2.09831006  0.98681028  1.46410001  2.20000048  1.91186613  2.41659472
1    2.42128656  0.00000000  2.28869636  2.33168611  2.22732946  2.33944879  1.79399390  2.30730140  2.41094684  2.33284302  1.31774184  1.33227942  2.29976857  1.16058925  1.78982227  2.27070234  2.08582078  2.09876881  2.31017110  0.31374745
2    2.38913664  2.28869636  0.00000000  2.36533788  2.33887857  2.36739972  2.29748242  1.56402036  2.31062278  2.20231808  2.28915673  2.29421454  2.35764896  2.29022159  2.32746553  2.37959459  2.35637383  2.22234238  2.36020521  2.28988281
3    2.13273734  2.33168611  2.36533788  0.00000000  2.23228686  1.89356958  2.28277691  2.33269941  2.15087611  1.98380376  2.32788982  2.30096816  2.19510710  2.32319568  2.25244513  2.15163791  2.19633217  2.06314725  2.11605634  2.32508156
4    2.22762225  2.22732946  2.33887857  2.23228686  0.00000000  2.23188274  2.22783776  2.32326710  2.23629829  2.25066077  2.22751777  2.22764871  1.57981080  2.22741770  1.86970787  2.22759443  2.03748002  2.24532418  1.75075729  2.22739810
5    2.11005119  2.33944879  2.36739972  1.89356958  2.23188274  0.00000000  2.27090496  2.33128862  2.13011987  1.54911196  2.33505372  2.26350798  2.18638108  2.31845877  2.24550481  2.13184446  2.18201100  1.73034384  1.65280467  2.32312105
6    2.38654175  1.79399390  2.29748242  2.28277691  2.22783776  2.27090496  0.00000000  2.30997921  2.37959668  2.27893410  1.80628923  1.82743187  2.28711054  1.80323615  2.07050728  2.33024841  2.21864825  2.16994597  2.28286210  1.80118327
7    2.25445844  2.30730140  1.56402036  2.33269941  2.32326710  2.33128862  2.30997921  0.00000000  2.20061636  2.12899585  2.30506143  2.30898323  2.29756844  2.30776625  2.30213342  2.25947864  2.27978581  2.16959517  2.30640849  2.30766300
8    1.46083663  2.41094684  2.31062278  2.15087611  2.23629829  2.13011987  2.37959668  2.20061636  0.00000000  2.14460577  2.38750162  2.39125704  1.94667881  2.40550458  2.15206922  1.55109917  1.82805435  2.20061561  1.99476952  2.40671341
9    2.13972458  2.33284302  2.20231808  1.98380376  2.25066077  1.54911196  2.27893410  2.12899585  2.14460577  0.00000000  2.32889078  2.27789277  2.20922831  2.31765478  2.25776472  2.15807125  2.20243347  0.88779510  2.03617291  2.32102837
10    2.40112092  1.31774184  2.28915673  2.32788982  2.22751777  2.33505372  1.80628923  2.30506143  2.38750162  2.32889078  0.00000000  1.38906929  2.29235509  1.33745673  1.86490098  2.29819754  2.11625376  1.89699362  2.30354891  1.33307769
11    2.39946471  1.33227942  2.29421454  2.30096816  2.22764871  2.26350798  1.82743187  2.30898323  2.39125704  2.27789277  1.38906929  0.00000000  2.29181856  1.26669745  1.83292968  2.29807977  2.09849264  2.07293719  2.28439669  1.05330810
12    1.84144990  2.29976857  2.35764896  2.19510710  1.57981080  2.18638108  2.28711054  2.29756844  1.94667881  2.20922831  2.29235509  2.29181856  0.00000000  2.29757119  1.61588835  1.88499117  1.72162019  2.22839668  0.68464098  2.29805927
13    2.41525500  1.16058925  2.29022159  2.32319568  2.22741770  2.31845877  1.80323615  2.30776625  2.40550458  2.31765478  1.33745673  1.26669745  2.29757119  0.00000000  1.74511823  2.29605901  2.05924445  2.09162895  2.30304706  1.18340317
14    2.09831006  1.78982227  2.32746553  2.25244513  1.86970787  2.24550481  2.07050728  2.30213342  2.15206922  2.25776472  1.86490098  1.83292968  1.61588835  1.74511823  0.00000000  2.06900305  1.37953696  2.16717348  1.78094793  1.79909063
15    0.98681028  2.27070234  2.37959459  2.15163791  2.22759443  2.13184446  2.33024841  2.25947864  1.55109917  2.15807125  2.29819754  2.29807977  1.88499117  2.29605901  2.06900305  0.00000000  1.56172583  2.19038325  1.94970597  2.27658866
16    1.46410001  2.08582078  2.35637383  2.19633217  2.03748002  2.18201100  2.21864825  2.27978581  1.82805435  2.20243347  2.11625376  2.09849264  1.72162019  2.05924445  1.37953696  1.56172583  0.00000000  2.18256112  1.84231576  2.08854531
17    2.20000048  2.09876881  2.22234238  2.06314725  2.24532418  1.73034384  2.16994597  2.16959517  2.20061561  0.88779510  1.89699362  2.07293719  2.22839668  2.09162895  2.16717348  2.19038325  2.18256112  0.00000000  2.09782768  2.09321485
18    1.91186613  2.31017110  2.36020521  2.11605634  1.75075729  1.65280467  2.28286210  2.30640849  1.99476952  2.03617291  2.30354891  2.28439669  0.68464098  2.30304706  1.78094793  1.94970597  1.84231576  2.09782768  0.00000000  2.30462944
19    2.41659472  0.31374745  2.28988281  2.32508156  2.22739810  2.32312105  1.80118327  2.30766300  2.40671341  2.32102837  1.33307769  1.05330810  2.29805927  1.18340317  1.79909063  2.27658866  2.08854531  2.09321485  2.30462944  0.00000000

--------------------------------------------------------------------------------
n=19
(result of R-step: (0,14:16)0.46874941)
V=[0, 1, 2, 3, 4, 5, 6, 7, 8, 9, 10, 11, 12, 13, 14, 15, 17, 18, 19]
total successes of this branch: 3
Matrix on 19 elements:

0    0.00000000  2.04862311  2.01647319  1.76007389  1.85495880  1.73738774  2.01387830  1.88179499  1.08817318  1.76706113  2.02845747  2.02680126  1.46878645  2.04259155  1.35298317  0.61414683  1.82733703  1.53920268  2.04393127
1    2.04862311  0.00000000  2.28869636  2.33168611  2.22732946  2.33944879  1.79399390  2.30730140  2.41094684  2.33284302  1.31774184  1.33227942  2.29976857  1.16058925  1.41715882  2.27070234  2.09876881  2.31017110  0.31374745
2    2.01647319  2.28869636  0.00000000  2.36533788  2.33887857  2.36739972  2.29748242  1.56402036  2.31062278  2.20231808  2.28915673  2.29421454  2.35764896  2.29022159  1.95480208  2.37959459  2.22234238  2.36020521  2.28988281
3    1.76007389  2.33168611  2.36533788  0.00000000  2.23228686  1.89356958  2.28277691  2.33269941  2.15087611  1.98380376  2.32788982  2.30096816  2.19510710  2.32319568  1.87978168  2.15163791  2.06314725  2.11605634  2.32508156
4    1.85495880  2.22732946  2.33887857  2.23228686  0.00000000  2.23188274  2.22783776  2.32326710  2.23629829  2.25066077  2.22751777  2.22764871  1.57981080  2.22741770  1.49704442  2.22759443  2.24532418  1.75075729  2.22739810
5    1.73738774  2.33944879  2.36739972  1.89356958  2.23188274  0.00000000  2.27090496  2.33128862  2.13011987  1.54911196  2.33505372  2.26350798  2.18638108  2.31845877  1.87284136  2.13184446  1.73034384  1.65280467  2.32312105
6    2.01387830  1.79399390  2.29748242  2.28277691  2.22783776  2.27090496  0.00000000  2.30997921  2.37959668  2.27893410  1.80628923  1.82743187  2.28711054  1.80323615  1.69784383  2.33024841  2.16994597  2.28286210  1.80118327
7    1.88179499  2.30730140  1.56402036  2.33269941  2.32326710  2.33128862  2.30997921  0.00000000  2.20061636  2.12899585  2.30506143  2.30898323  2.29756844  2.30776625  1.92946998  2.25947864  2.16959517  2.30640849  2.30766300
8    1.08817318  2.41094684  2.31062278  2.15087611  2.23629829  2.13011987  2.37959668  2.20061636  0.00000000  2.14460577  2.38750162  2.39125704  1.94667881  2.40550458  1.77940577  1.55109917  2.20061561  1.99476952  2.40671341
9    1.76706113  2.33284302  2.20231808  1.98380376  2.25066077  1.54911196  2.27893410  2.12899585  2.14460577  0.00000000  2.32889078  2.27789277  2.20922831  2.31765478  1.88510127  2.15807125  0.88779510  2.03617291  2.32102837
10    2.02845747  1.31774184  2.28915673  2.32788982  2.22751777  2.33505372  1.80628923  2.30506143  2.38750162  2.32889078  0.00000000  1.38906929  2.29235509  1.33745673  1.49223753  2.29819754  1.89699362  2.30354891  1.33307769
11    2.02680126  1.33227942  2.29421454  2.30096816  2.22764871  2.26350798  1.82743187  2.30898323  2.39125704  2.27789277  1.38906929  0.00000000  2.29181856  1.26669745  1.46026623  2.29807977  2.07293719  2.28439669  1.05330810
12    1.46878645  2.29976857  2.35764896  2.19510710  1.57981080  2.18638108  2.28711054  2.29756844  1.94667881  2.20922831  2.29235509  2.29181856  0.00000000  2.29757119  1.24322490  1.88499117  2.22839668  0.68464098  2.29805927
13    2.04259155  1.16058925  2.29022159  2.32319568  2.22741770  2.31845877  1.80323615  2.30776625  2.40550458  2.31765478  1.33745673  1.26669745  2.29757119  0.00000000  1.37245478  2.29605901  2.09162895  2.30304706  1.18340317
14    1.35298317  1.41715882  1.95480208  1.87978168  1.49704442  1.87284136  1.69784383  1.92946998  1.77940577  1.88510127  1.49223753  1.46026623  1.24322490  1.37245478  0.00000000  1.69633960  1.79451004  1.40828448  1.42642718
15    0.61414683  2.27070234  2.37959459  2.15163791  2.22759443  2.13184446  2.33024841  2.25947864  1.55109917  2.15807125  2.29819754  2.29807977  1.88499117  2.29605901  1.69633960  0.00000000  2.19038325  1.94970597  2.27658866
17    1.82733703  2.09876881  2.22234238  2.06314725  2.24532418  1.73034384  2.16994597  2.16959517  2.20061561  0.88779510  1.89699362  2.07293719  2.22839668  2.09162895  1.79451004  2.19038325  0.00000000  2.09782768  2.09321485
18    1.53920268  2.31017110  2.36020521  2.11605634  1.75075729  1.65280467  2.28286210  2.30640849  1.99476952  2.03617291  2.30354891  2.28439669  0.68464098  2.30304706  1.40828448  1.94970597  2.09782768  0.00000000  2.30462944
19    2.04393127  0.31374745  2.28988281  2.32508156  2.22739810  2.32312105  1.80118327  2.30766300  2.40671341  2.32102837  1.33307769  1.05330810  2.29805927  1.18340317  1.42642718  2.27658866  2.09321485  2.30462944  0.00000000

--------------------------------------------------------------------------------
n=18
(result of R-step: (1,11:19)0.78499375)
V=[0, 1, 2, 3, 4, 5, 6, 7, 8, 9, 10, 11, 12, 13, 14, 15, 17, 18]
total successes of this branch: 3
Matrix on 18 elements:

0    0.00000000  2.03123504  2.01647319  1.76007389  1.85495880  1.73738774  2.01387830  1.88179499  1.08817318  1.76706113  2.02845747  2.00941320  1.46878645  2.04259155  1.35298317  0.61414683  1.82733703  1.53920268
1    2.03123504  0.00000000  2.27130830  2.31429805  2.20994140  2.32206073  1.77660583  2.28991333  2.39355878  2.31545495  1.30035378  1.29750330  2.28238051  1.14320118  1.39977076  2.25331428  2.08138074  2.29278303
2    2.01647319  2.27130830  0.00000000  2.36533788  2.33887857  2.36739972  2.29748242  1.56402036  2.31062278  2.20231808  2.28915673  2.27682648  2.35764896  2.29022159  1.95480208  2.37959459  2.22234238  2.36020521
3    1.76007389  2.31429805  2.36533788  0.00000000  2.23228686  1.89356958  2.28277691  2.33269941  2.15087611  1.98380376  2.32788982  2.28358010  2.19510710  2.32319568  1.87978168  2.15163791  2.06314725  2.11605634
4    1.85495880  2.20994140  2.33887857  2.23228686  0.00000000  2.23188274  2.22783776  2.32326710  2.23629829  2.25066077  2.22751777  2.21026064  1.57981080  2.22741770  1.49704442  2.22759443  2.24532418  1.75075729
5    1.73738774  2.32206073  2.36739972  1.89356958  2.23188274  0.00000000  2.27090496  2.33128862  2.13011987  1.54911196  2.33505372  2.24611992  2.18638108  2.31845877  1.87284136  2.13184446  1.73034384  1.65280467
6    2.01387830  1.77660583  2.29748242  2.28277691  2.22783776  2.27090496  0.00000000  2.30997921  2.37959668  2.27893410  1.80628923  1.81004381  2.28711054  1.80323615  1.69784383  2.33024841  2.16994597  2.28286210
7    1.88179499  2.28991333  1.56402036  2.33269941  2.32326710  2.33128862  2.30997921  0.00000000  2.20061636  2.12899585  2.30506143  2.29159517  2.29756844  2.30776625  1.92946998  2.25947864  2.16959517  2.30640849
8    1.08817318  2.39355878  2.31062278  2.15087611  2.23629829  2.13011987  2.37959668  2.20061636  0.00000000  2.14460577  2.38750162  2.37386897  1.94667881  2.40550458  1.77940577  1.55109917  2.20061561  1.99476952
9    1.76706113  2.31545495  2.20231808  1.98380376  2.25066077  1.54911196  2.27893410  2.12899585  2.14460577  0.00000000  2.32889078  2.26050471  2.20922831  2.31765478  1.88510127  2.15807125  0.88779510  2.03617291
10    2.02845747  1.30035378  2.28915673  2.32788982  2.22751777  2.33505372  1.80628923  2.30506143  2.38750162  2.32889078  0.00000000  1.37168123  2.29235509  1.33745673  1.49223753  2.29819754  1.89699362  2.30354891
11    2.00941320  1.29750330  2.27682648  2.28358010  2.21026064  2.24611992  1.81004381  2.29159517  2.37386897  2.26050471  1.37168123  0.00000000  2.27443050  1.24930939  1.44287817  2.28069171  2.05554912  2.26700863
12    1.46878645  2.28238051  2.35764896  2.19510710  1.57981080  2.18638108  2.28711054  2.29756844  1.94667881  2.20922831  2.29235509  2.27443050  0.00000000  2.29757119  1.24322490  1.88499117  2.22839668  0.68464098
13    2.04259155  1.14320118  2.29022159  2.32319568  2.22741770  2.31845877  1.80323615  2.30776625  2.40550458  2.31765478  1.33745673  1.24930939  2.29757119  0.00000000  1.37245478  2.29605901  2.09162895  2.30304706
14    1.35298317  1.39977076  1.95480208  1.87978168  1.49704442  1.87284136  1.69784383  1.92946998  1.77940577  1.88510127  1.49223753  1.44287817  1.24322490  1.37245478  0.00000000  1.69633960  1.79451004  1.40828448
15    0.61414683  2.25331428  2.37959459  2.15163791  2.22759443  2.13184446  2.33024841  2.25947864  1.55109917  2.15807125  2.29819754  2.28069171  1.88499117  2.29605901  1.69633960  0.00000000  2.19038325  1.94970597
17    1.82733703  2.08138074  2.22234238  2.06314725  2.24532418  1.73034384  2.16994597  2.16959517  2.20061561  0.88779510  1.89699362  2.05554912  2.22839668  2.09162895  1.79451004  2.19038325  0.00000000  2.09782768
18    1.53920268  2.29278303  2.36020521  2.11605634  1.75075729  1.65280467  2.28286210  2.30640849  1.99476952  2.03617291  2.30354891  2.26700863  0.68464098  2.30304706  1.40828448  1.94970597  2.09782768  0.00000000

--------------------------------------------------------------------------------
n=17
(result of R-step: (0,1:15)0.90499781)
V=[0, 1, 2, 3, 4, 5, 6, 7, 8, 9, 10, 11, 12, 13, 14, 17, 18]
total successes of this branch: 3
Matrix on 17 elements:

0    0.00000000  1.58506049  1.97102361  1.71462430  1.80950922  1.69193816  1.96842872  1.83634541  1.04272359  1.72161154  1.98300789  1.96396361  1.42333687  1.99714197  1.30753358  1.78188745  1.49375309
1    1.58506049  0.00000000  1.87058333  1.91357308  1.80921643  1.92133576  1.37588086  1.88918836  1.99283381  1.91472998  0.89962881  0.89677833  1.88165554  0.74247621  0.99904579  1.68065577  1.89205806
2    1.97102361  1.87058333  0.00000000  2.36533788  2.33887857  2.36739972  2.29748242  1.56402036  2.31062278  2.20231808  2.28915673  2.27682648  2.35764896  2.29022159  1.95480208  2.22234238  2.36020521
3    1.71462430  1.91357308  2.36533788  0.00000000  2.23228686  1.89356958  2.28277691  2.33269941  2.15087611  1.98380376  2.32788982  2.28358010  2.19510710  2.32319568  1.87978168  2.06314725  2.11605634
4    1.80950922  1.80921643  2.33887857  2.23228686  0.00000000  2.23188274  2.22783776  2.32326710  2.23629829  2.25066077  2.22751777  2.21026064  1.57981080  2.22741770  1.49704442  2.24532418  1.75075729
5    1.69193816  1.92133576  2.36739972  1.89356958  2.23188274  0.00000000  2.27090496  2.33128862  2.13011987  1.54911196  2.33505372  2.24611992  2.18638108  2.31845877  1.87284136  1.73034384  1.65280467
6    1.96842872  1.37588086  2.29748242  2.28277691  2.22783776  2.27090496  0.00000000  2.30997921  2.37959668  2.27893410  1.80628923  1.81004381  2.28711054  1.80323615  1.69784383  2.16994597  2.28286210
7    1.83634541  1.88918836  1.56402036  2.33269941  2.32326710  2.33128862  2.30997921  0.00000000  2.20061636  2.12899585  2.30506143  2.29159517  2.29756844  2.30776625  1.92946998  2.16959517  2.30640849
8    1.04272359  1.99283381  2.31062278  2.15087611  2.23629829  2.13011987  2.37959668  2.20061636  0.00000000  2.14460577  2.38750162  2.37386897  1.94667881  2.40550458  1.77940577  2.20061561  1.99476952
9    1.72161154  1.91472998  2.20231808  1.98380376  2.25066077  1.54911196  2.27893410  2.12899585  2.14460577  0.00000000  2.32889078  2.26050471  2.20922831  2.31765478  1.88510127  0.88779510  2.03617291
10    1.98300789  0.89962881  2.28915673  2.32788982  2.22751777  2.33505372  1.80628923  2.30506143  2.38750162  2.32889078  0.00000000  1.37168123  2.29235509  1.33745673  1.49223753  1.89699362  2.30354891
11    1.96396361  0.89677833  2.27682648  2.28358010  2.21026064  2.24611992  1.81004381  2.29159517  2.37386897  2.26050471  1.37168123  0.00000000  2.27443050  1.24930939  1.44287817  2.05554912  2.26700863
12    1.42333687  1.88165554  2.35764896  2.19510710  1.57981080  2.18638108  2.28711054  2.29756844  1.94667881  2.20922831  2.29235509  2.27443050  0.00000000  2.29757119  1.24322490  2.22839668  0.68464098
13    1.99714197  0.74247621  2.29022159  2.32319568  2.22741770  2.31845877  1.80323615  2.30776625  2.40550458  2.31765478  1.33745673  1.24930939  2.29757119  0.00000000  1.37245478  2.09162895  2.30304706
14    1.30753358  0.99904579  1.95480208  1.87978168  1.49704442  1.87284136  1.69784383  1.92946998  1.77940577  1.88510127  1.49223753  1.44287817  1.24322490  1.37245478  0.00000000  1.79451004  1.40828448
17    1.78188745  1.68065577  2.22234238  2.06314725  2.24532418  1.73034384  2.16994597  2.16959517  2.20061561  0.88779510  1.89699362  2.05554912  2.22839668  2.09162895  1.79451004  0.00000000  2.09782768
18    1.49375309  1.89205806  2.36020521  2.11605634  1.75075729  1.65280467  2.28286210  2.30640849  1.99476952  2.03617291  2.30354891  2.26700863  0.68464098  2.30304706  1.40828448  2.09782768  0.00000000

--------------------------------------------------------------------------------
n=16
(result of R-step: (5,12:18)0.26215894)
V=[0, 1, 2, 3, 4, 5, 6, 7, 8, 9, 10, 11, 12, 13, 14, 17]
total successes of this branch: 3
Matrix on 16 elements:

0    0.00000000  1.58506049  1.97102361  1.71462430  1.80950922  1.61640588  1.96842872  1.83634541  1.04272359  1.72161154  1.98300789  1.96396361  1.34780458  1.99714197  1.30753358  1.78188745
1    1.58506049  0.00000000  1.87058333  1.91357308  1.80921643  1.84580348  1.37588086  1.88918836  1.99283381  1.91472998  0.89962881  0.89677833  1.80612326  0.74247621  0.99904579  1.68065577
2    1.97102361  1.87058333  0.00000000  2.36533788  2.33887857  2.29186744  2.29748242  1.56402036  2.31062278  2.20231808  2.28915673  2.27682648  2.28211668  2.29022159  1.95480208  2.22234238
3    1.71462430  1.91357308  2.36533788  0.00000000  2.23228686  1.81803730  2.28277691  2.33269941  2.15087611  1.98380376  2.32788982  2.28358010  2.11957482  2.32319568  1.87978168  2.06314725
4    1.80950922  1.80921643  2.33887857  2.23228686  0.00000000  2.15635045  2.22783776  2.32326710  2.23629829  2.25066077  2.22751777  2.21026064  1.50427852  2.22741770  1.49704442  2.24532418
5    1.61640588  1.84580348  2.29186744  1.81803730  2.15635045  0.00000000  2.19537268  2.25575634  2.05458759  1.47357967  2.25952144  2.17058764  2.03531652  2.24292649  1.79730908  1.65481156
6    1.96842872  1.37588086  2.29748242  2.28277691  2.22783776  2.19537268  0.00000000  2.30997921  2.37959668  2.27893410  1.80628923  1.81004381  2.21157826  1.80323615  1.69784383  2.16994597
7    1.83634541  1.88918836  1.56402036  2.33269941  2.32326710  2.25575634  2.30997921  0.00000000  2.20061636  2.12899585  2.30506143  2.29159517  2.22203616  2.30776625  1.92946998  2.16959517
8    1.04272359  1.99283381  2.31062278  2.15087611  2.23629829  2.05458759  2.37959668  2.20061636  0.00000000  2.14460577  2.38750162  2.37386897  1.87114653  2.40550458  1.77940577  2.20061561
9    1.72161154  1.91472998  2.20231808  1.98380376  2.25066077  1.47357967  2.27893410  2.12899585  2.14460577  0.00000000  2.32889078  2.26050471  2.13369603  2.31765478  1.88510127  0.88779510
10    1.98300789  0.89962881  2.28915673  2.32788982  2.22751777  2.25952144  1.80628923  2.30506143  2.38750162  2.32889078  0.00000000  1.37168123  2.21682281  1.33745673  1.49223753  1.89699362
11    1.96396361  0.89677833  2.27682648  2.28358010  2.21026064  2.17058764  1.81004381  2.29159517  2.37386897  2.26050471  1.37168123  0.00000000  2.19889822  1.24930939  1.44287817  2.05554912
12    1.34780458  1.80612326  2.28211668  2.11957482  1.50427852  2.03531652  2.21157826  2.22203616  1.87114653  2.13369603  2.21682281  2.19889822  0.00000000  2.22203891  1.16769262  2.15286440
13    1.99714197  0.74247621  2.29022159  2.32319568  2.22741770  2.24292649  1.80323615  2.30776625  2.40550458  2.31765478  1.33745673  1.24930939  2.22203891  0.00000000  1.37245478  2.09162895
14    1.30753358  0.99904579  1.95480208  1.87978168  1.49704442  1.79730908  1.69784383  1.92946998  1.77940577  1.88510127  1.49223753  1.44287817  1.16769262  1.37245478  0.00000000  1.79451004
17    1.78188745  1.68065577  2.22234238  2.06314725  2.24532418  1.65481156  2.16994597  2.16959517  2.20061561  0.88779510  1.89699362  2.05554912  2.15286440  2.09162895  1.79451004  0.00000000

--------------------------------------------------------------------------------
n=15
(result of R-step: (9,10:17)0.76940800)
V=[0, 1, 2, 3, 4, 5, 6, 7, 8, 9, 10, 11, 12, 13, 14]
total successes of this branch: 3
Matrix on 15 elements:

0    0.00000000  1.58506049  1.97102361  1.71462430  1.80950922  1.61640588  1.96842872  1.83634541  1.04272359  1.49366257  1.75505892  1.96396361  1.34780458  1.99714197  1.30753358
1    1.58506049  0.00000000  1.87058333  1.91357308  1.80921643  1.84580348  1.37588086  1.88918836  1.99283381  1.68678102  0.67167984  0.89677833  1.80612326  0.74247621  0.99904579
2    1.97102361  1.87058333  0.00000000  2.36533788  2.33887857  2.29186744  2.29748242  1.56402036  2.31062278  1.97436911  2.06120776  2.27682648  2.28211668  2.29022159  1.95480208
3    1.71462430  1.91357308  2.36533788  0.00000000  2.23228686  1.81803730  2.28277691  2.33269941  2.15087611  1.75585479  2.09994085  2.28358010  2.11957482  2.32319568  1.87978168
4    1.80950922  1.80921643  2.33887857  2.23228686  0.00000000  2.15635045  2.22783776  2.32326710  2.23629829  2.02271180  1.99956880  2.21026064  1.50427852  2.22741770  1.49704442
5    1.61640588  1.84580348  2.29186744  1.81803730  2.15635045  0.00000000  2.19537268  2.25575634  2.05458759  1.24563071  2.03157247  2.17058764  2.03531652  2.24292649  1.79730908
6    1.96842872  1.37588086  2.29748242  2.28277691  2.22783776  2.19537268  0.00000000  2.30997921  2.37959668  2.05098513  1.57834026  1.81004381  2.21157826  1.80323615  1.69784383
7    1.83634541  1.88918836  1.56402036  2.33269941  2.32326710  2.25575634  2.30997921  0.00000000  2.20061636  1.90104688  2.07711247  2.29159517  2.22203616  2.30776625  1.92946998
8    1.04272359  1.99283381  2.31062278  2.15087611  2.23629829  2.05458759  2.37959668  2.20061636  0.00000000  1.91665680  2.15955265  2.37386897  1.87114653  2.40550458  1.77940577
9    1.49366257  1.68678102  1.97436911  1.75585479  2.02271180  1.24563071  2.05098513  1.90104688  1.91665680  0.00000000  1.87299284  2.03255574  1.90574706  2.08970581  1.65715230
10    1.75505892  0.67167984  2.06120776  2.09994085  1.99956880  2.03157247  1.57834026  2.07711247  2.15955265  1.87299284  0.00000000  1.14373226  1.98887384  1.10950776  1.26428856
11    1.96396361  0.89677833  2.27682648  2.28358010  2.21026064  2.17058764  1.81004381  2.29159517  2.37386897  2.03255574  1.14373226  0.00000000  2.19889822  1.24930939  1.44287817
12    1.34780458  1.80612326  2.28211668  2.11957482  1.50427852  2.03531652  2.21157826  2.22203616  1.87114653  1.90574706  1.98887384  2.19889822  0.00000000  2.22203891  1.16769262
13    1.99714197  0.74247621  2.29022159  2.32319568  2.22741770  2.24292649  1.80323615  2.30776625  2.40550458  2.08970581  1.10950776  1.24930939  2.22203891  0.00000000  1.37245478
14    1.30753358  0.99904579  1.95480208  1.87978168  1.49704442  1.79730908  1.69784383  1.92946998  1.77940577  1.65715230  1.26428856  1.44287817  1.16769262  1.37245478  0.00000000

--------------------------------------------------------------------------------
n=14
(result of R-step: (12,13:14)0.55235643)
V=[0, 1, 2, 3, 4, 5, 6, 7, 8, 9, 10, 11, 12, 13]
total successes of this branch: 3
Matrix on 14 elements:

0    0.00000000  1.58506049  1.97102361  1.71462430  1.80950922  1.61640588  1.96842872  1.83634541  1.04272359  1.49366257  1.75505892  1.96396361  0.89161917  1.46542427
1    1.58506049  0.00000000  1.87058333  1.91357308  1.80921643  1.84580348  1.37588086  1.88918836  1.99283381  1.68678102  0.67167984  0.89677833  1.34993784  0.21075852
2    1.97102361  1.87058333  0.00000000  2.36533788  2.33887857  2.29186744  2.29748242  1.56402036  2.31062278  1.97436911  2.06120776  2.27682648  1.82593126  1.75850389
3    1.71462430  1.91357308  2.36533788  0.00000000  2.23228686  1.81803730  2.28277691  2.33269941  2.15087611  1.75585479  2.09994085  2.28358010  1.66338940  1.79147798
4    1.80950922  1.80921643  2.33887857  2.23228686  0.00000000  2.15635045  2.22783776  2.32326710  2.23629829  2.02271180  1.99956880  2.21026064  1.04809310  1.69570000
5    1.61640588  1.84580348  2.29186744  1.81803730  2.15635045  0.00000000  2.19537268  2.25575634  2.05458759  1.24563071  2.03157247  2.17058764  1.57913110  1.71120879
6    1.96842872  1.37588086  2.29748242  2.28277691  2.22783776  2.19537268  0.00000000  2.30997921  2.37959668  2.05098513  1.57834026  1.81004381  1.75539284  1.27151845
7    1.83634541  1.88918836  1.56402036  2.33269941  2.32326710  2.25575634  2.30997921  0.00000000  2.20061636  1.90104688  2.07711247  2.29159517  1.76585074  1.77604856
8    1.04272359  1.99283381  2.31062278  2.15087611  2.23629829  2.05458759  2.37959668  2.20061636  0.00000000  1.91665680  2.15955265  2.37386897  1.41496111  1.87378689
9    1.49366257  1.68678102  1.97436911  1.75585479  2.02271180  1.24563071  2.05098513  1.90104688  1.91665680  0.00000000  1.87299284  2.03255574  1.44956164  1.55798811
10    1.75505892  0.67167984  2.06120776  2.09994085  1.99956880  2.03157247  1.57834026  2.07711247  2.15955265  1.87299284  0.00000000  1.14373226  1.53268842  0.57779006
11    1.96396361  0.89677833  2.27682648  2.28358010  2.21026064  2.17058764  1.81004381  2.29159517  2.37386897  2.03255574  1.14373226  0.00000000  1.74271280  0.71759169
12    0.89161917  1.34993784  1.82593126  1.66338940  1.04809310  1.57913110  1.75539284  1.76585074  1.41496111  1.44956164  1.53268842  1.74271280  0.00000000  1.23413579
13    1.46542427  0.21075852  1.75850389  1.79147798  1.69570000  1.71120879  1.27151845  1.77604856  1.87378689  1.55798811  0.57779006  0.71759169  1.23413579  0.00000000

--------------------------------------------------------------------------------
n=13
(result of R-step: (0,4:12)0.37348008)
V=[0, 1, 2, 3, 4, 5, 6, 7, 8, 9, 10, 11, 13]
total successes of this branch: 3
Matrix on 13 elements:

0    0.00000000  1.40635430  1.79231742  1.53591811  1.03398380  1.43769968  1.78972253  1.65763922  0.86401740  1.31495638  1.57635272  1.78525742  1.28671808
1    1.40635430  0.00000000  1.87058333  1.91357308  1.21239720  1.84580348  1.37588086  1.88918836  1.99283381  1.68678102  0.67167984  0.89677833  0.21075852
2    1.79231742  1.87058333  0.00000000  2.36533788  1.74205934  2.29186744  2.29748242  1.56402036  2.31062278  1.97436911  2.06120776  2.27682648  1.75850389
3    1.53591811  1.91357308  2.36533788  0.00000000  1.63546764  1.81803730  2.28277691  2.33269941  2.15087611  1.75585479  2.09994085  2.28358010  1.79147798
4    1.03398380  1.21239720  1.74205934  1.63546764  0.00000000  1.55953123  1.63101854  1.72644788  1.63947907  1.42589257  1.40274957  1.61344142  1.09888078
5    1.43769968  1.84580348  2.29186744  1.81803730  1.55953123  0.00000000  2.19537268  2.25575634  2.05458759  1.24563071  2.03157247  2.17058764  1.71120879
6    1.78972253  1.37588086  2.29748242  2.28277691  1.63101854  2.19537268  0.00000000  2.30997921  2.37959668  2.05098513  1.57834026  1.81004381  1.27151845
7    1.65763922  1.88918836  1.56402036  2.33269941  1.72644788  2.25575634  2.30997921  0.00000000  2.20061636  1.90104688  2.07711247  2.29159517  1.77604856
8    0.86401740  1.99283381  2.31062278  2.15087611  1.63947907  2.05458759  2.37959668  2.20061636  0.00000000  1.91665680  2.15955265  2.37386897  1.87378689
9    1.31495638  1.68678102  1.97436911  1.75585479  1.42589257  1.24563071  2.05098513  1.90104688  1.91665680  0.00000000  1.87299284  2.03255574  1.55798811
10    1.57635272  0.67167984  2.06120776  2.09994085  1.40274957  2.03157247  1.57834026  2.07711247  2.15955265  1.87299284  0.00000000  1.14373226  0.57779006
11    1.78525742  0.89677833  2.27682648  2.28358010  1.61344142  2.17058764  1.81004381  2.29159517  2.37386897  2.03255574  1.14373226  0.00000000  0.71759169
13    1.28671808  0.21075852  1.75850389  1.79147798  1.09888078  1.71120879  1.27151845  1.77604856  1.87378689  1.55798811  0.57779006  0.71759169  0.00000000

--------------------------------------------------------------------------------
n=12
(result of R-step: (1,11:13)0.72360021)
V=[0, 1, 2, 3, 4, 5, 6, 7, 8, 9, 10, 11]
total successes of this branch: 3
Matrix on 12 elements:

0    0.00000000  1.27696370  1.79231742  1.53591811  1.03398380  1.43769968  1.78972253  1.65763922  0.86401740  1.31495638  1.57635272  1.25514185
1    1.27696370  0.00000000  1.74119273  1.78418247  1.08300660  1.71641288  1.24649026  1.75979776  1.86344321  1.55739041  0.54228923  0.23727215
2    1.79231742  1.74119273  0.00000000  2.36533788  1.74205934  2.29186744  2.29748242  1.56402036  2.31062278  1.97436911  2.06120776  1.74671091
3    1.53591811  1.78418247  2.36533788  0.00000000  1.63546764  1.81803730  2.28277691  2.33269941  2.15087611  1.75585479  2.09994085  1.75346452
4    1.03398380  1.08300660  1.74205934  1.63546764  0.00000000  1.55953123  1.63101854  1.72644788  1.63947907  1.42589257  1.40274957  1.08332584
5    1.43769968  1.71641288  2.29186744  1.81803730  1.55953123  0.00000000  2.19537268  2.25575634  2.05458759  1.24563071  2.03157247  1.64047206
6    1.78972253  1.24649026  2.29748242  2.28277691  1.63101854  2.19537268  0.00000000  2.30997921  2.37959668  2.05098513  1.57834026  1.27992824
7    1.65763922  1.75979776  1.56402036  2.33269941  1.72644788  2.25575634  2.30997921  0.00000000  2.20061636  1.90104688  2.07711247  1.76147959
8    0.86401740  1.86344321  2.31062278  2.15087611  1.63947907  2.05458759  2.37959668  2.20061636  0.00000000  1.91665680  2.15955265  1.84375340
9    1.31495638  1.55739041  1.97436911  1.75585479  1.42589257  1.24563071  2.05098513  1.90104688  1.91665680  0.00000000  1.87299284  1.50244016
10    1.57635272  0.54228923  2.06120776  2.09994085  1.40274957  2.03157247  1.57834026  2.07711247  2.15955265  1.87299284  0.00000000  0.61361668
11    1.25514185  0.23727215  1.74671091  1.75346452  1.08332584  1.64047206  1.27992824  1.76147959  1.84375340  1.50244016  0.61361668  0.00000000

--------------------------------------------------------------------------------
n=11
(result of R-step: (1,5:11)0.92988635)
V=[0, 1, 2, 3, 4, 5, 6, 7, 8, 9, 10]
total successes of this branch: 3
Matrix on 11 elements:

0    0.00000000  1.19629803  1.79231742  1.53591811  1.03398380  0.88506266  1.78972253  1.65763922  0.86401740  1.31495638  1.57635272
1    1.19629803  0.00000000  1.66052706  1.70351681  1.00234093  1.08311018  1.16582459  1.67913209  1.78277754  1.47672474  0.46162356
2    1.79231742  1.66052706  0.00000000  2.36533788  1.74205934  1.73923042  2.29748242  1.56402036  2.31062278  1.97436911  2.06120776
3    1.53591811  1.70351681  2.36533788  0.00000000  1.63546764  1.26540028  2.28277691  2.33269941  2.15087611  1.75585479  2.09994085
4    1.03398380  1.00234093  1.74205934  1.63546764  0.00000000  1.00689421  1.63101854  1.72644788  1.63947907  1.42589257  1.40274957
5    0.88506266  1.08311018  1.73923042  1.26540028  1.00689421  0.00000000  1.64273565  1.70311932  1.50195056  0.69299368  1.47893544
6    1.78972253  1.16582459  2.29748242  2.28277691  1.63101854  1.64273565  0.00000000  2.30997921  2.37959668  2.05098513  1.57834026
7    1.65763922  1.67913209  1.56402036  2.33269941  1.72644788  1.70311932  2.30997921  0.00000000  2.20061636  1.90104688  2.07711247
8    0.86401740  1.78277754  2.31062278  2.15087611  1.63947907  1.50195056  2.37959668  2.20061636  0.00000000  1.91665680  2.15955265
9    1.31495638  1.47672474  1.97436911  1.75585479  1.42589257  0.69299368  2.05098513  1.90104688  1.91665680  0.00000000  1.87299284
10    1.57635272  0.46162356  2.06120776  2.09994085  1.40274957  1.47893544  1.57834026  2.07711247  2.15955265  1.87299284  0.00000000

--------------------------------------------------------------------------------
n=10
(result of R-step: (1,8:10)0.97900397)
V=[0, 1, 2, 3, 4, 5, 6, 7, 8, 9]
total successes of this branch: 3
Matrix on 10 elements:

0    0.00000000  1.17731903  1.79231742  1.53591811  1.03398380  0.88506266  1.78972253  1.65763922  0.21686909  1.31495638
1    1.17731903  0.00000000  1.64154806  1.68453780  0.98336193  1.06413118  1.14684559  1.66015309  1.11665023  1.45774574
2    1.79231742  1.64154806  0.00000000  2.36533788  1.74205934  1.73923042  2.29748242  1.56402036  1.66347448  1.97436911
3    1.53591811  1.68453780  2.36533788  0.00000000  1.63546764  1.26540028  2.28277691  2.33269941  1.50372780  1.75585479
4    1.03398380  0.98336193  1.74205934  1.63546764  0.00000000  1.00689421  1.63101854  1.72644788  0.99233076  1.42589257
5    0.88506266  1.06413118  1.73923042  1.26540028  1.00689421  0.00000000  1.64273565  1.70311932  0.85480226  0.69299368
6    1.78972253  1.14684559  2.29748242  2.28277691  1.63101854  1.64273565  0.00000000  2.30997921  1.73244838  2.05098513
7    1.65763922  1.66015309  1.56402036  2.33269941  1.72644788  1.70311932  2.30997921  0.00000000  1.55346805  1.90104688
8    0.21686909  1.11665023  1.66347448  1.50372780  0.99233076  0.85480226  1.73244838  1.55346805  0.00000000  1.26950850
9    1.31495638  1.45774574  1.97436911  1.75585479  1.42589257  0.69299368  2.05098513  1.90104688  1.26950850  0.00000000

--------------------------------------------------------------------------------
n=9
(result of R-step: (0,2:8)0.92201751)
V=[0, 1, 2, 3, 4, 5, 6, 7, 9]
total successes of this branch: 3
Matrix on 9 elements:

0    0.00000000  1.08297687  1.00681387  1.44157595  0.93964164  0.79072050  1.69538037  1.56329706  1.22061422
1    1.08297687  0.00000000  0.95038667  1.68453780  0.98336193  1.06413118  1.14684559  1.66015309  1.45774574
2    1.00681387  0.95038667  0.00000000  1.67417650  1.05089796  1.04806904  1.60632104  0.87285898  1.28320772
3    1.44157595  1.68453780  1.67417650  0.00000000  1.63546764  1.26540028  2.28277691  2.33269941  1.75585479
4    0.93964164  0.98336193  1.05089796  1.63546764  0.00000000  1.00689421  1.63101854  1.72644788  1.42589257
5    0.79072050  1.06413118  1.04806904  1.26540028  1.00689421  0.00000000  1.64273565  1.70311932  0.69299368
6    1.69538037  1.14684559  1.60632104  2.28277691  1.63101854  1.64273565  0.00000000  2.30997921  2.05098513
7    1.56329706  1.66015309  0.87285898  2.33269941  1.72644788  1.70311932  2.30997921  0.00000000  1.90104688
9    1.22061422  1.45774574  1.28320772  1.75585479  1.42589257  0.69299368  2.05098513  1.90104688  0.00000000

--------------------------------------------------------------------------------
n=8
(result of R-step: (5,7:9)0.79451595)
V=[0, 1, 2, 3, 4, 5, 6, 7]
total successes of this branch: 3
Matrix on 8 elements:

0    0.00000000  1.08297687  1.00681387  1.44157595  0.93964164  0.74548021  1.69538037  0.88988747
1    1.08297687  0.00000000  0.95038667  1.68453780  0.98336193  1.01889090  1.14684559  0.98674350
2    1.00681387  0.95038667  0.00000000  1.67417650  1.05089796  1.00282875  1.60632104  0.19944938
3    1.44157595  1.68453780  1.67417650  0.00000000  1.63546764  1.22015999  2.28277691  1.65928982
4    0.93964164  0.98336193  1.05089796  1.63546764  0.00000000  0.96165392  1.63101854  1.05303828
5    0.74548021  1.01889090  1.00282875  1.22015999  0.96165392  0.00000000  1.59749537  0.98446944
6    1.69538037  1.14684559  1.60632104  2.28277691  1.63101854  1.59749537  0.00000000  1.63656962
7    0.88988747  0.98674350  0.19944938  1.65928982  1.05303828  0.98446944  1.63656962  0.00000000

--------------------------------------------------------------------------------
n=7
(result of R-step: (0,2:7)0.14031983)
V=[0, 1, 2, 3, 4, 5, 6]
total successes of this branch: 3
Matrix on 7 elements:

0    0.00000000  1.05946717  0.95979448  1.41806626  0.91613194  0.72197052  1.67187067
1    1.05946717  0.00000000  0.92687698  1.68453780  0.98336193  1.01889090  1.14684559
2    0.95979448  0.92687698  0.00000000  1.65066680  1.02738826  0.97931905  1.58281134
3    1.41806626  1.68453780  1.65066680  0.00000000  1.63546764  1.22015999  2.28277691
4    0.91613194  0.98336193  1.02738826  1.63546764  0.00000000  0.96165392  1.63101854
5    0.72197052  1.01889090  0.97931905  1.22015999  0.96165392  0.00000000  1.59749537
6    1.67187067  1.14684559  1.58281134  2.28277691  1.63101854  1.59749537  0.00000000

--------------------------------------------------------------------------------
n=6
(result of R-step: (1,5:6)0.88836486)
V=[0, 1, 2, 3, 4, 5]
total successes of this branch: 3
Matrix on 6 elements:

0    0.00000000  0.84389045  0.95979448  1.41806626  0.91613194  0.53265508
1    0.84389045  0.00000000  0.71130025  1.46896108  0.76778520  0.61399873
2    0.95979448  0.71130025  0.00000000  1.65066680  1.02738826  0.79000361
3    1.41806626  1.46896108  1.65066680  0.00000000  1.63546764  1.03084455
4    0.91613194  0.76778520  1.02738826  1.63546764  0.00000000  0.77233848
5    0.53265508  0.61399873  0.79000361  1.03084455  0.77233848  0.00000000

--------------------------------------------------------------------------------
n=5
(result of R-step: (0,3:5)0.08663666)
V=[0, 1, 2, 3, 4]
total successes of this branch: 3
Matrix on 5 elements:

0    0.00000000  0.62311981  0.73902384  0.26185390  0.69536131
1    0.62311981  0.00000000  0.71130025  0.53351936  0.76778520
2    0.73902384  0.71130025  0.00000000  0.71522508  1.02738826
3    0.26185390  0.53351936  0.71522508  0.00000000  0.70002592
4    0.69536131  0.76778520  1.02738826  0.70002592  0.00000000

--------------------------------------------------------------------------------
n=4
(result of R-step: (0,1:2)0.39096933)
V=[0, 1, 3, 4]
total successes of this branch: 1
Matrix on 4 elements:

0    0.00000000  0.38396507  0.17027871  0.60378611
1    0.38396507  0.00000000  0.38593982  0.62020566
3    0.17027871  0.38593982  0.00000000  0.70002592
4    0.60378611  0.62020566  0.70002592  0.00000000

--------------------------------------------------------------------------------
n=4
(result of R-step: (0,1:3)0.71578544)
V=[0, 1, 2, 4]
total successes of this branch: 1
Matrix on 4 elements:

0    0.00000000  0.37085849  0.66870005  0.62503751
1    0.37085849  0.00000000  0.52936272  0.58584767
2    0.66870005  0.52936272  0.00000000  1.02738826
4    0.62503751  0.58584767  1.02738826  0.00000000

--------------------------------------------------------------------------------
n=4
(result of R-step: (0,1:4)0.49962232)
V=[0, 1, 2, 3]
total successes of this branch: 1
Matrix on 4 elements:

0    0.00000000  0.38762140  0.65763298  0.18046304
1    0.38762140  0.00000000  0.55719271  0.37941182
2    0.65763298  0.55719271  0.00000000  0.71522508
3    0.18046304  0.37941182  0.71522508  0.00000000

--------------------------------------------------------------------------------
n=4
(result of R-step: (0,2:3)0.61342462)
V=[0, 1, 2, 4]
total successes of this branch: 0
Matrix on 4 elements:

0    0.00000000  0.54172895  0.15892236  0.61397045
1    0.54172895  0.00000000  0.21258963  0.76778520
2    0.15892236  0.21258963  0.00000000  0.52867764
4    0.61397045  0.76778520  0.52867764  0.00000000
reason of abort: no pseudometric

--------------------------------------------------------------------------------
n=4
(result of R-step: (0,2:4)0.19629225)
V=[0, 1, 2, 3]
total successes of this branch: 0
Matrix on 4 elements:

0    0.00000000  0.55279602  0.16570035  0.19153011
1    0.55279602  0.00000000  0.20830055  0.53351936
2    0.16570035  0.20830055  0.00000000  0.21222538
3    0.19153011  0.53351936  0.21222538  0.00000000
reason of abort: no pseudometric

--------------------------------------------------------------------------------
n=4
(result of R-step: (0,4:3)0.54208677)
V=[0, 1, 2, 4]
total successes of this branch: 0
Matrix on 4 elements:

0    0.00000000  0.53154461  0.64744865  0.08084381
1    0.53154461  0.00000000  0.71130025  0.24484290
2    0.64744865  0.71130025  0.00000000  0.50444596
4    0.08084381  0.24484290  0.50444596  0.00000000
reason of abort: no pseudometric

--------------------------------------------------------------------------------
n=4
(result of R-step: (1,3:2)0.51040619)
V=[0, 1, 3, 4]
total successes of this branch: 0
Matrix on 4 elements:

0    0.00000000  0.46901226  0.10852689  0.69536131
1    0.46901226  0.00000000  0.22608481  0.61367766
3    0.10852689  0.22608481  0.00000000  0.54669891
4    0.69536131  0.61367766  0.54669891  0.00000000
reason of abort: no pseudometric

--------------------------------------------------------------------------------
n=4
(result of R-step: (1,3:4)0.33227629)
V=[0, 1, 2, 3]
total successes of this branch: 0
Matrix on 4 elements:

0    0.00000000  0.47554027  0.73902384  0.10514030
1    0.47554027  0.00000000  0.56372071  0.22922622
2    0.73902384  0.56372071  0.00000000  0.55851148
3    0.10514030  0.22922622  0.55851148  0.00000000
reason of abort: no pseudometric

--------------------------------------------------------------------------------
n=4
(result of R-step: (1,4:2)0.30195042)
V=[0, 1, 3, 4]
total successes of this branch: 0
Matrix on 4 elements:

0    0.00000000  0.44118228  0.26185390  0.17241900
1    0.44118228  0.00000000  0.35158184  0.06290537
3    0.26185390  0.35158184  0.00000000  0.17708362
4    0.17241900  0.06290537  0.17708362  0.00000000
reason of abort: no pseudometric

--------------------------------------------------------------------------------
n=4
(result of R-step: (2,3:4)0.66549382)
V=[0, 1, 2, 3]
total successes of this branch: 0
Matrix on 4 elements:

0    0.00000000  0.62311981  0.23399489  0.10028097
1    0.62311981  0.00000000  0.20627130  0.37194643
2    0.23399489  0.20627130  0.00000000  0.04862319
3    0.10028097  0.37194643  0.04862319  0.00000000
reason of abort: no pseudometric
