n=20
V=[0, 1, 2, 3, 4, 5, 6, 7, 8, 9, 10, 11, 12, 13, 14, 15, 16, 17, 18, 19]
total successes of this branch: 1
Matrix on 20 elements:

0    0.00000000  2.72483416  2.72459918  2.67095582  2.48462597  2.72467268  2.31667257  2.52620521  2.49347078  2.68381684  2.44883516  2.70774523  0.71810805  2.44106355  2.64046362  2.38667275  2.64754269  2.45220027  2.54579176  2.70445704
1    2.72483416  0.00000000  2.70944871  2.71910448  2.59985421  2.58614865  2.47470256  2.71983582  2.62537692  1.22834329  2.60685293  2.02358085  2.71827205  2.56051354  2.15904460  2.54469626  1.35148460  2.53809105  2.45938948  2.03020125
2    2.72459918  2.70944871  0.00000000  2.72314288  2.71941417  2.43858702  2.71884246  2.72332876  2.72024689  2.71039272  2.48128562  2.55120193  2.71106609  2.72035236  2.59387721  2.59302001  2.71122756  2.71328858  2.67526656  2.55328756
3    2.67095582  2.71910448  2.72314288  0.00000000  2.68743395  2.72187960  2.68925086  1.68165072  2.47348192  2.71610441  2.71427722  2.71948681  2.67336535  1.94287870  2.52355491  2.70250612  2.71345125  1.97531012  2.49130502  2.70991121
4    2.48462597  2.59985421  2.71941417  2.68743395  0.00000000  2.68201391  2.52840923  2.66154758  1.54225623  2.59267450  2.65254597  2.64499868  2.49396567  2.58424377  2.62967071  2.59415850  2.58632504  2.58678091  1.92931314  2.64424957
5    2.72467268  2.58614865  2.43858702  2.72187960  2.68201391  0.00000000  2.67203772  2.72223611  2.69057005  2.59477988  1.15284126  1.44794436  2.63724751  2.68953750  1.76118821  1.86739230  2.60241302  2.63768815  2.35976366  1.46325325
6    2.31667257  2.47470256  2.71884246  2.68925086  2.52840923  2.67203772  0.00000000  2.64169505  2.55250760  2.33545942  2.61898544  2.53258613  2.33348720  1.30984869  2.22409943  1.57740671  2.14446183  1.36091062  2.43561321  2.51750973
7    2.52620521  2.71983582  2.72332876  1.68165072  2.66154758  2.72223611  2.64169505  0.00000000  2.35911614  2.71198323  2.69297076  2.71798812  2.53548070  2.30461771  2.61369813  2.66885333  2.70503870  2.32188020  2.44973266  2.71289125
8    2.49347078  2.62537692  2.72024689  2.47348192  1.54225623  2.69057005  2.55250760  2.35911614  0.00000000  2.61805407  2.66114520  2.66052513  2.50279682  2.52476121  2.62627300  2.61004772  2.61157803  2.53043075  0.96517050  2.65885115
9    2.68381684  1.22834329  2.71039272  2.71610441  2.59267450  2.59477988  2.33545942  2.71198323  2.61805407  0.00000000  2.60807216  1.78348428  2.67960393  2.46910617  1.95646110  2.47984930  0.59329898  2.44047437  2.38256509  1.79193802
10    2.44883516  2.60685293  2.48128562  2.71427722  2.65254597  1.15284126  2.61898544  2.69297076  2.66114520  2.60807216  0.00000000  1.75577454  2.34690275  2.65244296  1.98199669  1.44607896  2.60915040  2.61499778  2.41940746  1.76683050
11    2.70774523  2.02358085  2.55120193  2.71948681  2.64499868  1.44794436  2.53258613  2.71798812  2.66052513  1.78348428  1.75577454  0.00000000  2.65479668  2.59820809  1.05004039  2.12114634  1.85749615  2.51174118  2.08728534  0.07721271
12    0.71810805  2.71827205  2.71106609  2.67336535  2.49396567  2.63724751  2.33348720  2.53548070  2.50279682  2.67960393  2.34690275  2.65479668  0.00000000  2.45282046  2.60383972  2.34059277  2.64540731  2.46125506  2.53876227  2.65230630
13    2.44106355  2.56051354  2.72035236  1.94287870  2.58424377  2.68953750  1.30984869  2.30461771  2.52476121  2.46910617  2.65244296  2.59820809  2.45282046  0.00000000  2.07582496  2.02095640  2.35457058  0.35204699  2.36496577  2.57267811
14    2.64046362  2.15904460  2.59387721  2.52355491  2.62967071  1.76118821  2.22409943  2.61369813  2.62627300  1.95646110  1.98199669  1.05004039  2.60383972  2.07582496  0.00000000  2.09586923  1.98290399  1.97385488  1.70825451  1.00005326
15    2.38667275  2.54469626  2.59302001  2.70250612  2.59415850  1.86739230  1.57740671  2.66885333  2.61004772  2.47984930  1.44607896  2.12114634  2.34059277  2.02095640  2.09586923  0.00000000  2.39068724  2.02514037  2.42702980  2.11991099
16    2.64754269  1.35148460  2.71122756  2.71345125  2.58632504  2.60241302  2.14446183  2.70503870  2.61157803  0.59329898  2.60915040  1.85749615  2.64540731  2.35457058  1.98290399  2.39068724  0.00000000  2.33381259  2.38780629  1.86362510
17    2.45220027  2.53809105  2.71328858  1.97531012  2.58678091  2.63768815  1.36091062  2.32188020  2.53043075  2.44047437  2.61499778  2.51174118  2.46125506  0.35204699  1.97385488  2.02514037  2.33381259  0.00000000  2.33232181  2.48545354
18    2.54579176  2.45938948  2.67526656  2.49130502  1.92931314  2.35976366  2.43561321  2.44973266  0.96517050  2.38256509  2.41940746  2.08728534  2.53876227  2.36496577  1.70825451  2.42702980  2.38780629  2.33232181  0.00000000  2.06876130
19    2.70445704  2.03020125  2.55328756  2.70991121  2.64424957  1.46325325  2.51750973  2.71289125  2.65885115  1.79193802  1.76683050  0.07721271  2.65230630  2.57267811  1.00005326  2.11991099  1.86362510  2.48545354  2.06876130  0.00000000

--------------------------------------------------------------------------------
n=19
(result of R-step: (6,9:16)0.09880082)
V=[0, 1, 2, 3, 4, 5, 6, 7, 8, 9, 10, 11, 12, 13, 14, 15, 17, 18, 19]
total successes of this branch: 1
Matrix on 19 elements:

0    0.00000000  2.72483416  2.72459918  2.67095582  2.48462597  2.72467268  2.11552188  2.52620521  2.49347078  2.48266614  2.44883516  2.70774523  0.71810805  2.44106355  2.64046362  2.38667275  2.45220027  2.54579176  2.70445704
1    2.72483416  0.00000000  2.70944871  2.71910448  2.59985421  2.58614865  2.27355186  2.71983582  2.62537692  1.02719260  2.60685293  2.02358085  2.71827205  2.56051354  2.15904460  2.54469626  2.53809105  2.45938948  2.03020125
2    2.72459918  2.70944871  0.00000000  2.72314288  2.71941417  2.43858702  2.51769176  2.72332876  2.72024689  2.50924202  2.48128562  2.55120193  2.71106609  2.72035236  2.59387721  2.59302001  2.71328858  2.67526656  2.55328756
3    2.67095582  2.71910448  2.72314288  0.00000000  2.68743395  2.72187960  2.48810017  1.68165072  2.47348192  2.51495371  2.71427722  2.71948681  2.67336535  1.94287870  2.52355491  2.70250612  1.97531012  2.49130502  2.70991121
4    2.48462597  2.59985421  2.71941417  2.68743395  0.00000000  2.68201391  2.32725854  2.66154758  1.54225623  2.39152381  2.65254597  2.64499868  2.49396567  2.58424377  2.62967071  2.59415850  2.58678091  1.92931314  2.64424957
5    2.72467268  2.58614865  2.43858702  2.72187960  2.68201391  0.00000000  2.47088702  2.72223611  2.69057005  2.39362919  1.15284126  1.44794436  2.63724751  2.68953750  1.76118821  1.86739230  2.63768815  2.35976366  1.46325325
6    2.11552188  2.27355186  2.51769176  2.48810017  2.32725854  2.47088702  0.00000000  2.44054436  2.35135690  1.93315803  2.41783475  2.33143544  2.13233650  1.10869800  2.02294873  1.37625601  1.15975993  2.23446251  2.31635904
7    2.52620521  2.71983582  2.72332876  1.68165072  2.66154758  2.72223611  2.44054436  0.00000000  2.35911614  2.51083253  2.69297076  2.71798812  2.53548070  2.30461771  2.61369813  2.66885333  2.32188020  2.44973266  2.71289125
8    2.49347078  2.62537692  2.72024689  2.47348192  1.54225623  2.69057005  2.35135690  2.35911614  0.00000000  2.41690337  2.66114520  2.66052513  2.50279682  2.52476121  2.62627300  2.61004772  2.53043075  0.96517050  2.65885115
9    2.48266614  1.02719260  2.50924202  2.51495371  2.39152381  2.39362919  1.93315803  2.51083253  2.41690337  0.00000000  2.40692147  1.58233358  2.47845323  2.26795547  1.75531041  2.27869861  2.23932367  2.18141439  1.59078733
10    2.44883516  2.60685293  2.48128562  2.71427722  2.65254597  1.15284126  2.41783475  2.69297076  2.66114520  2.40692147  0.00000000  1.75577454  2.34690275  2.65244296  1.98199669  1.44607896  2.61499778  2.41940746  1.76683050
11    2.70774523  2.02358085  2.55120193  2.71948681  2.64499868  1.44794436  2.33143544  2.71798812  2.66052513  1.58233358  1.75577454  0.00000000  2.65479668  2.59820809  1.05004039  2.12114634  2.51174118  2.08728534  0.07721271
12    0.71810805  2.71827205  2.71106609  2.67336535  2.49396567  2.63724751  2.13233650  2.53548070  2.50279682  2.47845323  2.34690275  2.65479668  0.00000000  2.45282046  2.60383972  2.34059277  2.46125506  2.53876227  2.65230630
13    2.44106355  2.56051354  2.72035236  1.94287870  2.58424377  2.68953750  1.10869800  2.30461771  2.52476121  2.26795547  2.65244296  2.59820809  2.45282046  0.00000000  2.07582496  2.02095640  0.35204699  2.36496577  2.57267811
14    2.64046362  2.15904460  2.59387721  2.52355491  2.62967071  1.76118821  2.02294873  2.61369813  2.62627300  1.75531041  1.98199669  1.05004039  2.60383972  2.07582496  0.00000000  2.09586923  1.97385488  1.70825451  1.00005326
15    2.38667275  2.54469626  2.59302001  2.70250612  2.59415850  1.86739230  1.37625601  2.66885333  2.61004772  2.27869861  1.44607896  2.12114634  2.34059277  2.02095640  2.09586923  0.00000000  2.02514037  2.42702980  2.11991099
17    2.45220027  2.53809105  2.71328858  1.97531012  2.58678091  2.63768815  1.15975993  2.32188020  2.53043075  2.23932367  2.61499778  2.51174118  2.46125506  0.35204699  1.97385488  2.02514037  0.00000000  2.33232181  2.48545354
18    2.54579176  2.45938948  2.67526656  2.49130502  1.92931314  2.35976366  2.23446251  2.44973266  0.96517050  2.18141439  2.41940746  2.08728534  2.53876227  2.36496577  1.70825451  2.42702980  2.33232181  0.00000000  2.06876130
19    2.70445704  2.03020125  2.55328756  2.70991121  2.64424957  1.46325325  2.31635904  2.71289125  2.65885115  1.59078733  1.76683050  0.07721271  2.65230630  2.57267811  1.00005326  2.11991099  2.48545354  2.06876130  0.00000000

--------------------------------------------------------------------------------
n=18
(result of R-step: (6,10:15)0.47034802)
V=[0, 1, 2, 3, 4, 5, 6, 7, 8, 9, 10, 11, 12, 13, 14, 17, 18, 19]
total successes of this branch: 1
Matrix on 18 elements:

0    0.00000000  2.72483416  2.72459918  2.67095582  2.48462597  2.72467268  2.11442246  2.52620521  2.49347078  2.48266614  2.24658505  2.70774523  0.71810805  2.44106355  2.64046362  2.45220027  2.54579176  2.70445704
1    2.72483416  0.00000000  2.70944871  2.71910448  2.59985421  2.58614865  2.27245244  2.71983582  2.62537692  1.02719260  2.40460282  2.02358085  2.71827205  2.56051354  2.15904460  2.53809105  2.45938948  2.03020125
2    2.72459918  2.70944871  0.00000000  2.72314288  2.71941417  2.43858702  2.51659235  2.72332876  2.72024689  2.50924202  2.27903551  2.55120193  2.71106609  2.72035236  2.59387721  2.71328858  2.67526656  2.55328756
3    2.67095582  2.71910448  2.72314288  0.00000000  2.68743395  2.72187960  2.48700075  1.68165072  2.47348192  2.51495371  2.51202711  2.71948681  2.67336535  1.94287870  2.52355491  1.97531012  2.49130502  2.70991121
4    2.48462597  2.59985421  2.71941417  2.68743395  0.00000000  2.68201391  2.32615912  2.66154758  1.54225623  2.39152381  2.45029586  2.64499868  2.49396567  2.58424377  2.62967071  2.58678091  1.92931314  2.64424957
5    2.72467268  2.58614865  2.43858702  2.72187960  2.68201391  0.00000000  2.46978761  2.72223611  2.69057005  2.39362919  0.95059114  1.44794436  2.63724751  2.68953750  1.76118821  2.63768815  2.35976366  1.46325325
6    2.11442246  2.27245244  2.51659235  2.48700075  2.32615912  2.46978761  0.00000000  2.43944494  2.35025749  1.93205862  2.21448522  2.33033602  2.13123708  1.10759858  2.02184931  1.15866051  2.23336310  2.31525962
7    2.52620521  2.71983582  2.72332876  1.68165072  2.66154758  2.72223611  2.43944494  0.00000000  2.35911614  2.51083253  2.49072065  2.71798812  2.53548070  2.30461771  2.61369813  2.32188020  2.44973266  2.71289125
8    2.49347078  2.62537692  2.72024689  2.47348192  1.54225623  2.69057005  2.35025749  2.35911614  0.00000000  2.41690337  2.45889509  2.66052513  2.50279682  2.52476121  2.62627300  2.53043075  0.96517050  2.65885115
9    2.48266614  1.02719260  2.50924202  2.51495371  2.39152381  2.39362919  1.93205862  2.51083253  2.41690337  0.00000000  2.20467136  1.58233358  2.47845323  2.26795547  1.75531041  2.23932367  2.18141439  1.59078733
10    2.24658505  2.40460282  2.27903551  2.51202711  2.45029586  0.95059114  2.21448522  2.49072065  2.45889509  2.20467136  0.00000000  1.55352443  2.14465263  2.45019285  1.77974658  2.41274767  2.21715735  1.56458039
11    2.70774523  2.02358085  2.55120193  2.71948681  2.64499868  1.44794436  2.33033602  2.71798812  2.66052513  1.58233358  1.55352443  0.00000000  2.65479668  2.59820809  1.05004039  2.51174118  2.08728534  0.07721271
12    0.71810805  2.71827205  2.71106609  2.67336535  2.49396567  2.63724751  2.13123708  2.53548070  2.50279682  2.47845323  2.14465263  2.65479668  0.00000000  2.45282046  2.60383972  2.46125506  2.53876227  2.65230630
13    2.44106355  2.56051354  2.72035236  1.94287870  2.58424377  2.68953750  1.10759858  2.30461771  2.52476121  2.26795547  2.45019285  2.59820809  2.45282046  0.00000000  2.07582496  0.35204699  2.36496577  2.57267811
14    2.64046362  2.15904460  2.59387721  2.52355491  2.62967071  1.76118821  2.02184931  2.61369813  2.62627300  1.75531041  1.77974658  1.05004039  2.60383972  2.07582496  0.00000000  1.97385488  1.70825451  1.00005326
17    2.45220027  2.53809105  2.71328858  1.97531012  2.58678091  2.63768815  1.15866051  2.32188020  2.53043075  2.23932367  2.41274767  2.51174118  2.46125506  0.35204699  1.97385488  0.00000000  2.33232181  2.48545354
18    2.54579176  2.45938948  2.67526656  2.49130502  1.92931314  2.35976366  2.23336310  2.44973266  0.96517050  2.18141439  2.21715735  2.08728534  2.53876227  2.36496577  1.70825451  2.33232181  0.00000000  2.06876130
19    2.70445704  2.03020125  2.55328756  2.70991121  2.64424957  1.46325325  2.31525962  2.71289125  2.65885115  1.59078733  1.56458039  0.07721271  2.65230630  2.57267811  1.00005326  2.48545354  2.06876130  0.00000000

--------------------------------------------------------------------------------
n=17
(result of R-step: (0,10:12)0.94438006)
V=[0, 1, 2, 3, 4, 5, 6, 7, 8, 9, 10, 11, 13, 14, 17, 18, 19]
total successes of this branch: 1
Matrix on 17 elements:

0    0.00000000  2.41674635  2.41651136  2.36286800  2.17653816  2.41658487  1.80633465  2.21811740  2.18538297  2.17457833  1.83265954  2.39965742  2.13297574  2.33237580  2.14411245  2.23770395  2.39636922
1    2.41674635  0.00000000  2.70944871  2.71910448  2.59985421  2.58614865  2.27245244  2.71983582  2.62537692  1.02719260  2.29876512  2.02358085  2.56051354  2.15904460  2.53809105  2.45938948  2.03020125
2    2.41651136  2.70944871  0.00000000  2.72314288  2.71941417  2.43858702  2.51659235  2.72332876  2.72024689  2.50924202  2.17319781  2.55120193  2.72035236  2.59387721  2.71328858  2.67526656  2.55328756
3    2.36286800  2.71910448  2.72314288  0.00000000  2.68743395  2.72187960  2.48700075  1.68165072  2.47348192  2.51495371  2.40618940  2.71948681  1.94287870  2.52355491  1.97531012  2.49130502  2.70991121
4    2.17653816  2.59985421  2.71941417  2.68743395  0.00000000  2.68201391  2.32615912  2.66154758  1.54225623  2.39152381  2.34445816  2.64499868  2.58424377  2.62967071  2.58678091  1.92931314  2.64424957
5    2.41658487  2.58614865  2.43858702  2.72187960  2.68201391  0.00000000  2.46978761  2.72223611  2.69057005  2.39362919  0.84475344  1.44794436  2.68953750  1.76118821  2.63768815  2.35976366  1.46325325
6    1.80633465  2.27245244  2.51659235  2.48700075  2.32615912  2.46978761  0.00000000  2.43944494  2.35025749  1.93205862  2.10864752  2.33033602  1.10759858  2.02184931  1.15866051  2.23336310  2.31525962
7    2.21811740  2.71983582  2.72332876  1.68165072  2.66154758  2.72223611  2.43944494  0.00000000  2.35911614  2.51083253  2.38488295  2.71798812  2.30461771  2.61369813  2.32188020  2.44973266  2.71289125
8    2.18538297  2.62537692  2.72024689  2.47348192  1.54225623  2.69057005  2.35025749  2.35911614  0.00000000  2.41690337  2.35305739  2.66052513  2.52476121  2.62627300  2.53043075  0.96517050  2.65885115
9    2.17457833  1.02719260  2.50924202  2.51495371  2.39152381  2.39362919  1.93205862  2.51083253  2.41690337  0.00000000  2.09883365  1.58233358  2.26795547  1.75531041  2.23932367  2.18141439  1.59078733
10    1.83265954  2.29876512  2.17319781  2.40618940  2.34445816  0.84475344  2.10864752  2.38488295  2.35305739  2.09883365  0.00000000  1.44768673  2.34435514  1.67390888  2.30690997  2.11131965  1.45874269
11    2.39965742  2.02358085  2.55120193  2.71948681  2.64499868  1.44794436  2.33033602  2.71798812  2.66052513  1.58233358  1.44768673  0.00000000  2.59820809  1.05004039  2.51174118  2.08728534  0.07721271
13    2.13297574  2.56051354  2.72035236  1.94287870  2.58424377  2.68953750  1.10759858  2.30461771  2.52476121  2.26795547  2.34435514  2.59820809  0.00000000  2.07582496  0.35204699  2.36496577  2.57267811
14    2.33237580  2.15904460  2.59387721  2.52355491  2.62967071  1.76118821  2.02184931  2.61369813  2.62627300  1.75531041  1.67390888  1.05004039  2.07582496  0.00000000  1.97385488  1.70825451  1.00005326
17    2.14411245  2.53809105  2.71328858  1.97531012  2.58678091  2.63768815  1.15866051  2.32188020  2.53043075  2.23932367  2.30690997  2.51174118  0.35204699  1.97385488  0.00000000  2.33232181  2.48545354
18    2.23770395  2.45938948  2.67526656  2.49130502  1.92931314  2.35976366  2.23336310  2.44973266  0.96517050  2.18141439  2.11131965  2.08728534  2.36496577  1.70825451  2.33232181  0.00000000  2.06876130
19    2.39636922  2.03020125  2.55328756  2.70991121  2.64424957  1.46325325  2.31525962  2.71289125  2.65885115  1.59078733  1.45874269  0.07721271  2.57267811  1.00005326  2.48545354  2.06876130  0.00000000

--------------------------------------------------------------------------------
n=16
(result of R-step: (11,14:19)0.95112788)
V=[0, 1, 2, 3, 4, 5, 6, 7, 8, 9, 10, 11, 13, 14, 17, 18]
total successes of this branch: 1
Matrix on 16 elements:

0    0.00000000  2.41674635  2.41651136  2.36286800  2.17653816  2.41658487  1.80633465  2.21811740  2.18538297  2.17457833  1.83265954  2.38604463  2.13297574  2.31876301  2.14411245  2.23770395
1    2.41674635  0.00000000  2.70944871  2.71910448  2.59985421  2.58614865  2.27245244  2.71983582  2.62537692  1.02719260  2.29876512  2.00996806  2.56051354  2.14543181  2.53809105  2.45938948
2    2.41651136  2.70944871  0.00000000  2.72314288  2.71941417  2.43858702  2.51659235  2.72332876  2.72024689  2.50924202  2.17319781  2.53758914  2.72035236  2.58026442  2.71328858  2.67526656
3    2.36286800  2.71910448  2.72314288  0.00000000  2.68743395  2.72187960  2.48700075  1.68165072  2.47348192  2.51495371  2.40618940  2.70587402  1.94287870  2.50994212  1.97531012  2.49130502
4    2.17653816  2.59985421  2.71941417  2.68743395  0.00000000  2.68201391  2.32615912  2.66154758  1.54225623  2.39152381  2.34445816  2.63138589  2.58424377  2.61605792  2.58678091  1.92931314
5    2.41658487  2.58614865  2.43858702  2.72187960  2.68201391  0.00000000  2.46978761  2.72223611  2.69057005  2.39362919  0.84475344  1.43433157  2.68953750  1.74757542  2.63768815  2.35976366
6    1.80633465  2.27245244  2.51659235  2.48700075  2.32615912  2.46978761  0.00000000  2.43944494  2.35025749  1.93205862  2.10864752  2.31672323  1.10759858  2.00823652  1.15866051  2.23336310
7    2.21811740  2.71983582  2.72332876  1.68165072  2.66154758  2.72223611  2.43944494  0.00000000  2.35911614  2.51083253  2.38488295  2.70437533  2.30461771  2.60008534  2.32188020  2.44973266
8    2.18538297  2.62537692  2.72024689  2.47348192  1.54225623  2.69057005  2.35025749  2.35911614  0.00000000  2.41690337  2.35305739  2.64691234  2.52476121  2.61266021  2.53043075  0.96517050
9    2.17457833  1.02719260  2.50924202  2.51495371  2.39152381  2.39362919  1.93205862  2.51083253  2.41690337  0.00000000  2.09883365  1.56872079  2.26795547  1.74169762  2.23932367  2.18141439
10    1.83265954  2.29876512  2.17319781  2.40618940  2.34445816  0.84475344  2.10864752  2.38488295  2.35305739  2.09883365  0.00000000  1.43407394  2.34435514  1.66029608  2.30690997  2.11131965
11    2.38604463  2.00996806  2.53758914  2.70587402  2.63138589  1.43433157  2.31672323  2.70437533  2.64691234  1.56872079  1.43407394  0.00000000  2.58459530  1.02281481  2.49812839  2.07367255
13    2.13297574  2.56051354  2.72035236  1.94287870  2.58424377  2.68953750  1.10759858  2.30461771  2.52476121  2.26795547  2.34435514  2.58459530  0.00000000  2.06221217  0.35204699  2.36496577
14    2.31876301  2.14543181  2.58026442  2.50994212  2.61605792  1.74757542  2.00823652  2.60008534  2.61266021  1.74169762  1.66029608  1.02281481  2.06221217  0.00000000  1.96024209  1.69464172
17    2.14411245  2.53809105  2.71328858  1.97531012  2.58678091  2.63768815  1.15866051  2.32188020  2.53043075  2.23932367  2.30690997  2.49812839  0.35204699  1.96024209  0.00000000  2.33232181
18    2.23770395  2.45938948  2.67526656  2.49130502  1.92931314  2.35976366  2.23336310  2.44973266  0.96517050  2.18141439  2.11131965  2.07367255  2.36496577  1.69464172  2.33232181  0.00000000

--------------------------------------------------------------------------------
n=15
(result of R-step: (8,14:18)0.64405761)
V=[0, 1, 2, 3, 4, 5, 6, 7, 8, 9, 10, 11, 13, 14, 17]
total successes of this branch: 1
Matrix on 15 elements:

0    0.00000000  2.41674635  2.41651136  2.36286800  2.17653816  2.41658487  1.80633465  2.21811740  2.16180696  2.17457833  1.83265954  2.38604463  2.13297574  2.30879979  2.14411245
1    2.41674635  0.00000000  2.70944871  2.71910448  2.59985421  2.58614865  2.27245244  2.71983582  2.60180091  1.02719260  2.29876512  2.00996806  2.56051354  2.13546859  2.53809105
2    2.41651136  2.70944871  0.00000000  2.72314288  2.71941417  2.43858702  2.51659235  2.72332876  2.69667088  2.50924202  2.17319781  2.53758914  2.72035236  2.57030120  2.71328858
3    2.36286800  2.71910448  2.72314288  0.00000000  2.68743395  2.72187960  2.48700075  1.68165072  2.44990591  2.51495371  2.40618940  2.70587402  1.94287870  2.49997890  1.97531012
4    2.17653816  2.59985421  2.71941417  2.68743395  0.00000000  2.68201391  2.32615912  2.66154758  1.51868022  2.39152381  2.34445816  2.63138589  2.58424377  2.60609470  2.58678091
5    2.41658487  2.58614865  2.43858702  2.72187960  2.68201391  0.00000000  2.46978761  2.72223611  2.66699404  2.39362919  0.84475344  1.43433157  2.68953750  1.73761220  2.63768815
6    1.80633465  2.27245244  2.51659235  2.48700075  2.32615912  2.46978761  0.00000000  2.43944494  2.32668148  1.93205862  2.10864752  2.31672323  1.10759858  1.99827330  1.15866051
7    2.21811740  2.71983582  2.72332876  1.68165072  2.66154758  2.72223611  2.43944494  0.00000000  2.33554013  2.51083253  2.38488295  2.70437533  2.30461771  2.59012212  2.32188020
8    2.16180696  2.60180091  2.69667088  2.44990591  1.51868022  2.66699404  2.32668148  2.33554013  0.00000000  2.39332736  2.32948138  2.62333633  2.50118520  2.57912098  2.50685474
9    2.17457833  1.02719260  2.50924202  2.51495371  2.39152381  2.39362919  1.93205862  2.51083253  2.39332736  0.00000000  2.09883365  1.56872079  2.26795547  1.73173440  2.23932367
10    1.83265954  2.29876512  2.17319781  2.40618940  2.34445816  0.84475344  2.10864752  2.38488295  2.32948138  2.09883365  0.00000000  1.43407394  2.34435514  1.65033287  2.30690997
11    2.38604463  2.00996806  2.53758914  2.70587402  2.63138589  1.43433157  2.31672323  2.70437533  2.62333633  1.56872079  1.43407394  0.00000000  2.58459530  1.01285159  2.49812839
13    2.13297574  2.56051354  2.72035236  1.94287870  2.58424377  2.68953750  1.10759858  2.30461771  2.50118520  2.26795547  2.34435514  2.58459530  0.00000000  2.05224895  0.35204699
14    2.30879979  2.13546859  2.57030120  2.49997890  2.60609470  1.73761220  1.99827330  2.59012212  2.57912098  1.73173440  1.65033287  1.01285159  2.05224895  0.00000000  1.95027887
17    2.14411245  2.53809105  2.71328858  1.97531012  2.58678091  2.63768815  1.15866051  2.32188020  2.50685474  2.23932367  2.30690997  2.49812839  0.35204699  1.95027887  0.00000000

--------------------------------------------------------------------------------
n=14
(result of R-step: (4,7:8)0.78727819)
V=[0, 1, 2, 3, 4, 5, 6, 7, 9, 10, 11, 13, 14, 17]
total successes of this branch: 1
Matrix on 14 elements:

0    0.00000000  2.41674635  2.41651136  2.36286800  1.55662576  2.41658487  1.80633465  1.59820501  2.17457833  1.83265954  2.38604463  2.13297574  2.30879979  2.14411245
1    2.41674635  0.00000000  2.70944871  2.71910448  1.97994182  2.58614865  2.27245244  2.09992342  1.02719260  2.29876512  2.00996806  2.56051354  2.13546859  2.53809105
2    2.41651136  2.70944871  0.00000000  2.72314288  2.09950178  2.43858702  2.51659235  2.10341637  2.50924202  2.17319781  2.53758914  2.72035236  2.57030120  2.71328858
3    2.36286800  2.71910448  2.72314288  0.00000000  2.06752156  2.72187960  2.48700075  1.06173833  2.51495371  2.40618940  2.70587402  1.94287870  2.49997890  1.97531012
4    1.55662576  1.97994182  2.09950178  2.06752156  0.00000000  2.06210152  1.70624673  1.42172280  1.77161142  1.72454577  2.01147350  1.96433138  1.98618231  1.96686852
5    2.41658487  2.58614865  2.43858702  2.72187960  2.06210152  0.00000000  2.46978761  2.10232372  2.39362919  0.84475344  1.43433157  2.68953750  1.73761220  2.63768815
6    1.80633465  2.27245244  2.51659235  2.48700075  1.70624673  2.46978761  0.00000000  1.81953255  1.93205862  2.10864752  2.31672323  1.10759858  1.99827330  1.15866051
7    1.59820501  2.09992342  2.10341637  1.06173833  1.42172280  2.10232372  1.81953255  0.00000000  1.89092014  1.76497056  2.08446294  1.68470532  1.97020973  1.70196781
9    2.17457833  1.02719260  2.50924202  2.51495371  1.77161142  2.39362919  1.93205862  1.89092014  0.00000000  2.09883365  1.56872079  2.26795547  1.73173440  2.23932367
10    1.83265954  2.29876512  2.17319781  2.40618940  1.72454577  0.84475344  2.10864752  1.76497056  2.09883365  0.00000000  1.43407394  2.34435514  1.65033287  2.30690997
11    2.38604463  2.00996806  2.53758914  2.70587402  2.01147350  1.43433157  2.31672323  2.08446294  1.56872079  1.43407394  0.00000000  2.58459530  1.01285159  2.49812839
13    2.13297574  2.56051354  2.72035236  1.94287870  1.96433138  2.68953750  1.10759858  1.68470532  2.26795547  2.34435514  2.58459530  0.00000000  2.05224895  0.35204699
14    2.30879979  2.13546859  2.57030120  2.49997890  1.98618231  1.73761220  1.99827330  1.97020973  1.73173440  1.65033287  1.01285159  2.05224895  0.00000000  1.95027887
17    2.14411245  2.53809105  2.71328858  1.97531012  1.96686852  2.63768815  1.15866051  1.70196781  2.23932367  2.30690997  2.49812839  0.35204699  1.95027887  0.00000000

--------------------------------------------------------------------------------
n=13
(result of R-step: (13,14:17)0.94414888)
V=[0, 1, 2, 3, 4, 5, 6, 7, 9, 10, 11, 13, 14]
total successes of this branch: 1
Matrix on 13 elements:

0    0.00000000  2.41674635  2.41651136  2.36286800  1.55662576  2.41658487  1.80633465  1.59820501  2.17457833  1.83265954  2.38604463  2.00793728  2.20733735
1    2.41674635  0.00000000  2.70944871  2.71910448  1.97994182  2.58614865  2.27245244  2.09992342  1.02719260  2.29876512  2.00996806  2.43547509  2.03400615
2    2.41651136  2.70944871  0.00000000  2.72314288  2.09950178  2.43858702  2.51659235  2.10341637  2.50924202  2.17319781  2.53758914  2.59531391  2.46883875
3    2.36286800  2.71910448  2.72314288  0.00000000  2.06752156  2.72187960  2.48700075  1.06173833  2.51495371  2.40618940  2.70587402  1.81784025  2.39851645
4    1.55662576  1.97994182  2.09950178  2.06752156  0.00000000  2.06210152  1.70624673  1.42172280  1.77161142  1.72454577  2.01147350  1.83929292  1.88471987
5    2.41658487  2.58614865  2.43858702  2.72187960  2.06210152  0.00000000  2.46978761  2.10232372  2.39362919  0.84475344  1.43433157  2.56449905  1.63614975
6    1.80633465  2.27245244  2.51659235  2.48700075  1.70624673  2.46978761  0.00000000  1.81953255  1.93205862  2.10864752  2.31672323  0.98256013  1.89681086
7    1.59820501  2.09992342  2.10341637  1.06173833  1.42172280  2.10232372  1.81953255  0.00000000  1.89092014  1.76497056  2.08446294  1.55966687  1.86874729
9    2.17457833  1.02719260  2.50924202  2.51495371  1.77161142  2.39362919  1.93205862  1.89092014  0.00000000  2.09883365  1.56872079  2.14291702  1.63027195
10    1.83265954  2.29876512  2.17319781  2.40618940  1.72454577  0.84475344  2.10864752  1.76497056  2.09883365  0.00000000  1.43407394  2.21931669  1.54887042
11    2.38604463  2.00996806  2.53758914  2.70587402  2.01147350  1.43433157  2.31672323  2.08446294  1.56872079  1.43407394  0.00000000  2.45955684  0.91138914
13    2.00793728  2.43547509  2.59531391  1.81784025  1.83929292  2.56449905  0.98256013  1.55966687  2.14291702  2.21931669  2.45955684  0.00000000  1.82574805
14    2.20733735  2.03400615  2.46883875  2.39851645  1.88471987  1.63614975  1.89681086  1.86874729  1.63027195  1.54887042  0.91138914  1.82574805  0.00000000

--------------------------------------------------------------------------------
n=12
(result of R-step: (11,13:14)0.74770814)
V=[0, 1, 2, 3, 4, 5, 6, 7, 9, 10, 11, 13]
total successes of this branch: 1
Matrix on 12 elements:

0    0.00000000  2.41674635  2.41651136  2.36286800  1.55662576  2.41658487  1.80633465  1.59820501  2.17457833  1.83265954  2.13582879  1.86914711
1    2.41674635  0.00000000  2.70944871  2.71910448  1.97994182  2.58614865  2.27245244  2.09992342  1.02719260  2.29876512  1.75975222  2.29668491
2    2.41651136  2.70944871  0.00000000  2.72314288  2.09950178  2.43858702  2.51659235  2.10341637  2.50924202  2.17319781  2.28737330  2.45652373
3    2.36286800  2.71910448  2.72314288  0.00000000  2.06752156  2.72187960  2.48700075  1.06173833  2.51495371  2.40618940  2.45565818  1.67905007
4    1.55662576  1.97994182  2.09950178  2.06752156  0.00000000  2.06210152  1.70624673  1.42172280  1.77161142  1.72454577  1.76125766  1.70050275
5    2.41658487  2.58614865  2.43858702  2.72187960  2.06210152  0.00000000  2.46978761  2.10232372  2.39362919  0.84475344  1.18411573  2.42570887
6    1.80633465  2.27245244  2.51659235  2.48700075  1.70624673  2.46978761  0.00000000  1.81953255  1.93205862  2.10864752  2.06650739  0.84376995
7    1.59820501  2.09992342  2.10341637  1.06173833  1.42172280  2.10232372  1.81953255  0.00000000  1.89092014  1.76497056  1.83424710  1.42087669
9    2.17457833  1.02719260  2.50924202  2.51495371  1.77161142  2.39362919  1.93205862  1.89092014  0.00000000  2.09883365  1.31850495  2.00412684
10    1.83265954  2.29876512  2.17319781  2.40618940  1.72454577  0.84475344  2.10864752  1.76497056  2.09883365  0.00000000  1.18385810  2.08052651
11    2.13582879  1.75975222  2.28737330  2.45565818  1.76125766  1.18411573  2.06650739  1.83424710  1.31850495  1.18385810  0.00000000  2.07055082
13    1.86914711  2.29668491  2.45652373  1.67905007  1.70050275  2.42570887  0.84376995  1.42087669  2.00412684  2.08052651  2.07055082  0.00000000

--------------------------------------------------------------------------------
n=11
(result of R-step: (3,6:13)0.35110602)
V=[0, 1, 2, 3, 4, 5, 6, 7, 9, 10, 11]
total successes of this branch: 1
Matrix on 11 elements:

0    0.00000000  2.41674635  2.41651136  2.08112974  1.55662576  2.41658487  1.72684649  1.59820501  2.17457833  1.83265954  2.13582879
1    2.41674635  0.00000000  2.70944871  2.43736622  1.97994182  2.58614865  2.19296429  2.09992342  1.02719260  2.29876512  1.75975222
2    2.41651136  2.70944871  0.00000000  2.44140461  2.09950178  2.43858702  2.43710419  2.10341637  2.50924202  2.17319781  2.28737330
3    2.08112974  2.43736622  2.44140461  0.00000000  1.78578329  2.44014134  2.12577433  0.78000007  2.23321544  2.12445114  2.17391992
4    1.55662576  1.97994182  2.09950178  1.78578329  0.00000000  2.06210152  1.62675858  1.42172280  1.77161142  1.72454577  1.76125766
5    2.41658487  2.58614865  2.43858702  2.44014134  2.06210152  0.00000000  2.39029945  2.10232372  2.39362919  0.84475344  1.18411573
6    1.72684649  2.19296429  2.43710419  2.12577433  1.62675858  2.39029945  0.00000000  1.74004440  1.85257046  2.02915936  1.98701924
7    1.59820501  2.09992342  2.10341637  0.78000007  1.42172280  2.10232372  1.74004440  0.00000000  1.89092014  1.76497056  1.83424710
9    2.17457833  1.02719260  2.50924202  2.23321544  1.77161142  2.39362919  1.85257046  1.89092014  0.00000000  2.09883365  1.31850495
10    1.83265954  2.29876512  2.17319781  2.12445114  1.72454577  0.84475344  2.02915936  1.76497056  2.09883365  0.00000000  1.18385810
11    2.13582879  1.75975222  2.28737330  2.17391992  1.76125766  1.18411573  1.98701924  1.83424710  1.31850495  1.18385810  0.00000000

--------------------------------------------------------------------------------
n=10
(result of R-step: (5,9:11)0.58567861)
V=[0, 1, 2, 3, 4, 5, 6, 7, 9, 10]
total successes of this branch: 1
Matrix on 10 elements:

0    0.00000000  2.41674635  2.41651136  2.08112974  1.55662576  2.09826049  1.72684649  1.59820501  2.05740465  1.83265954
1    2.41674635  0.00000000  2.70944871  2.43736622  1.97994182  2.26782427  2.19296429  2.09992342  0.91001892  2.29876512
2    2.41651136  2.70944871  0.00000000  2.44140461  2.09950178  2.12026264  2.43710419  2.10341637  2.39206834  2.17319781
3    2.08112974  2.43736622  2.44140461  0.00000000  1.78578329  2.12181696  2.12577433  0.78000007  2.11604176  2.12445114
4    1.55662576  1.97994182  2.09950178  1.78578329  0.00000000  1.74377714  1.62675858  1.42172280  1.65443773  1.72454577
5    2.09826049  2.26782427  2.12026264  2.12181696  1.74377714  0.00000000  2.07197508  1.78399934  1.95813113  0.52642907
6    1.72684649  2.19296429  2.43710419  2.12577433  1.62675858  2.07197508  0.00000000  1.74004440  1.73539678  2.02915936
7    1.59820501  2.09992342  2.10341637  0.78000007  1.42172280  1.78399934  1.74004440  0.00000000  1.77374646  1.76497056
9    2.05740465  0.91001892  2.39206834  2.11604176  1.65443773  1.95813113  1.73539678  1.77374646  0.00000000  1.98165997
10    1.83265954  2.29876512  2.17319781  2.12445114  1.72454577  0.52642907  2.02915936  1.76497056  1.98165997  0.00000000

--------------------------------------------------------------------------------
n=9
(result of R-step: (0,5:10)0.14928947)
V=[0, 1, 2, 3, 4, 5, 6, 7, 9]
total successes of this branch: 1
Matrix on 9 elements:

0    0.00000000  2.28633229  2.28609731  1.95071568  1.42621171  1.84766895  1.59643244  1.46779095  1.92699060
1    2.28633229  0.00000000  2.70944871  2.43736622  1.97994182  2.14764678  2.19296429  2.09992342  0.91001892
2    2.28609731  2.70944871  0.00000000  2.44140461  2.09950178  2.00008515  2.43710419  2.10341637  2.39206834
3    1.95071568  2.43736622  2.44140461  0.00000000  1.78578329  2.00163947  2.12577433  0.78000007  2.11604176
4    1.42621171  1.97994182  2.09950178  1.78578329  0.00000000  1.62359965  1.62675858  1.42172280  1.65443773
5    1.84766895  2.14764678  2.00008515  2.00163947  1.62359965  0.00000000  1.95179758  1.66382185  1.83795364
6    1.59643244  2.19296429  2.43710419  2.12577433  1.62675858  1.95179758  0.00000000  1.74004440  1.73539678
7    1.46779095  2.09992342  2.10341637  0.78000007  1.42172280  1.66382185  1.74004440  0.00000000  1.77374646
9    1.92699060  0.91001892  2.39206834  2.11604176  1.65443773  1.83795364  1.73539678  1.77374646  0.00000000

--------------------------------------------------------------------------------
n=8
(result of R-step: (0,3:7)0.12763977)
V=[0, 1, 2, 3, 4, 5, 6, 9]
total successes of this branch: 1
Matrix on 8 elements:

0    0.00000000  1.95638410  1.95614912  1.13405570  1.09626352  1.51772076  1.26648425  1.59704240
1    1.95638410  0.00000000  2.70944871  1.95065442  1.97994182  2.14764678  2.19296429  0.91001892
2    1.95614912  2.70944871  0.00000000  1.95469282  2.09950178  2.00008515  2.43710419  2.39206834
3    1.13405570  1.95065442  1.95469282  0.00000000  1.29907150  1.51492767  1.63906254  1.62932997
4    1.09626352  1.97994182  2.09950178  1.29907150  0.00000000  1.62359965  1.62675858  1.65443773
5    1.51772076  2.14764678  2.00008515  1.51492767  1.62359965  0.00000000  1.95179758  1.83795364
6    1.26648425  2.19296429  2.43710419  1.63906254  1.62675858  1.95179758  0.00000000  1.73539678
9    1.59704240  0.91001892  2.39206834  1.62932997  1.65443773  1.83795364  1.73539678  0.00000000

--------------------------------------------------------------------------------
n=7
(result of R-step: (1,6:9)0.89950715)
V=[0, 1, 2, 3, 4, 5, 6]
total successes of this branch: 1
Matrix on 7 elements:

0    0.00000000  1.41183402  1.95614912  1.13405570  1.09626352  1.51772076  1.00367243
1    1.41183402  0.00000000  2.16489863  1.40610434  1.43539174  1.60309670  1.38560239
2    1.95614912  2.16489863  0.00000000  1.95469282  2.09950178  2.00008515  2.17429238
3    1.13405570  1.40610434  1.95469282  0.00000000  1.29907150  1.51492767  1.37625072
4    1.09626352  1.43539174  2.09950178  1.29907150  0.00000000  1.62359965  1.36394676
5    1.51772076  1.60309670  2.00008515  1.51492767  1.62359965  0.00000000  1.68898577
6    1.00367243  1.38560239  2.17429238  1.37625072  1.36394676  1.68898577  0.00000000

--------------------------------------------------------------------------------
n=6
(result of R-step: (0,1:6)0.62003009)
V=[0, 1, 2, 3, 4, 5]
total successes of this branch: 1
Matrix on 6 elements:

0    0.00000000  0.65829319  1.69132869  0.86923528  0.83144309  1.25290033
1    0.65829319  0.00000000  1.67617823  0.91738394  0.94667134  1.11437630
2    1.69132869  1.67617823  0.00000000  1.95469282  2.09950178  2.00008515
3    0.86923528  0.91738394  1.95469282  0.00000000  1.29907150  1.51492767
4    0.83144309  0.94667134  2.09950178  1.29907150  0.00000000  1.62359965
5    1.25290033  1.11437630  2.00008515  1.51492767  1.62359965  0.00000000

--------------------------------------------------------------------------------
n=5
(result of R-step: (0,4:3)0.96432757)
V=[0, 1, 2, 4, 5]
total successes of this branch: 0
reason of abort: negative delta/dxy

--------------------------------------------------------------------------------
n=5
(result of R-step: (1,2:5)0.31281590)
V=[0, 1, 2, 3, 4]
total successes of this branch: 1
Matrix on 5 elements:

0    0.00000000  0.53392020  0.53368522  0.86923528  0.83144309
1    0.53392020  0.00000000  0.39416176  0.79301095  0.82229834
2    0.53368522  0.39416176  0.00000000  0.79704934  0.94185830
3    0.86923528  0.79301095  0.79704934  0.00000000  1.29907150
4    0.83144309  0.82229834  0.94185830  1.29907150  0.00000000

--------------------------------------------------------------------------------
n=4
(result of R-step: (0,1:4)0.65776559)
V=[0, 1, 2, 3]
total successes of this branch: 1
Matrix on 4 elements:

0    0.00000000  0.36518814  0.38713269  0.72268275
1    0.36518814  0.00000000  0.37198223  0.77083141
2    0.38713269  0.37198223  0.00000000  0.79704934
3    0.72268275  0.77083141  0.79704934  0.00000000

--------------------------------------------------------------------------------
n=4
(result of R-step: (0,2:1)0.63264425)
V=[0, 2, 3, 4]
total successes of this branch: 0
Matrix on 4 elements:

0    0.00000000  0.08277769  0.56292231  0.52513012
2    0.08277769  0.00000000  0.65245478  0.79726374
3    0.56292231  0.65245478  0.00000000  1.29907150
4    0.52513012  0.79726374  1.29907150  0.00000000
reason of abort: no pseudometric

--------------------------------------------------------------------------------
n=4
(result of R-step: (0,2:3)0.16642836)
V=[0, 1, 2, 4]
total successes of this branch: 0
Matrix on 4 elements:

0    0.00000000  0.38736768  0.18760601  0.68489057
1    0.38736768  0.00000000  0.19463508  0.82229834
2    0.18760601  0.19463508  0.00000000  0.74233162
4    0.68489057  0.82229834  0.74233162  0.00000000
reason of abort: no pseudometric

--------------------------------------------------------------------------------
n=4
(result of R-step: (0,3:1)0.36171558)
V=[0, 2, 3, 4]
total successes of this branch: 0
reason of abort: negative delta/dxy

--------------------------------------------------------------------------------
n=4
(result of R-step: (0,4:2)0.52231427)
V=[0, 1, 3, 4]
total successes of this branch: 0
reason of abort: negative delta/dxy

--------------------------------------------------------------------------------
n=4
(result of R-step: (0,4:3)0.96432757)
V=[0, 1, 2, 4]
total successes of this branch: 0
reason of abort: negative delta/dxy

--------------------------------------------------------------------------------
n=4
(result of R-step: (1,3:2)0.15314177)
V=[0, 1, 3, 4]
total successes of this branch: 0
Matrix on 4 elements:

0    0.00000000  0.51174067  0.30254919  0.83144309
1    0.51174067  0.00000000  0.20414533  0.80011881
3    0.30254919  0.20414533  0.00000000  0.73238541
4    0.83144309  0.80011881  0.73238541  0.00000000
reason of abort: no pseudometric

--------------------------------------------------------------------------------
n=4
(result of R-step: (1,4:2)0.97950789)
V=[0, 1, 3, 4]
total successes of this branch: 0
reason of abort: negative delta/dxy

--------------------------------------------------------------------------------
n=4
(result of R-step: (1,4:3)0.72989759)
V=[0, 1, 2, 4]
total successes of this branch: 0
reason of abort: negative delta/dxy

--------------------------------------------------------------------------------
n=4
(result of R-step: (2,4:3)0.51449796)
V=[0, 1, 2, 4]
total successes of this branch: 0
Matrix on 4 elements:

0    0.00000000  0.53392020  0.38909066  0.18932497
1    0.53392020  0.00000000  0.24956720  0.18018022
2    0.38909066  0.24956720  0.00000000  0.15514561
4    0.18932497  0.18018022  0.15514561  0.00000000
reason of abort: no pseudometric
