n=20
V=[0, 1, 2, 3, 4, 5, 6, 7, 8, 9, 10, 11, 12, 13, 14, 15, 16, 17, 18, 19]
total successes of this branch: 3
Matrix on 20 elements:

0    0.00000000  1.57560391  1.56741729  1.25300183  1.57277254  1.56992663  1.57329960  1.56899484  1.57391888  1.41135566  1.50126041  1.57092445  1.57298728  1.53253682  1.51137442  1.57341742  1.55117594  1.50216100  1.57309099  1.50906364
1    1.57560391  0.00000000  1.55861772  1.44982013  1.21314383  1.39673717  1.13826278  1.45684799  0.93516667  1.45334201  1.27842272  1.30799269  1.03386523  1.41088806  1.30450798  1.05676595  1.39987780  1.16389717  1.03938676  1.31147183
2    1.56741729  1.55861772  0.00000000  1.56494878  1.37596183  1.08565423  1.40996347  0.98180298  1.41824074  1.27271645  1.34891047  1.04707487  1.33566969  0.86815573  1.33669040  1.39974611  1.11401144  1.35400410  1.35111900  1.22896577
3    1.25300183  1.44982013  1.56494878  0.00000000  1.48963786  1.52965994  1.48222573  1.54276369  1.47351683  1.07599963  1.30151999  1.51562745  1.48661786  1.42605891  1.33230234  1.48056887  1.44778717  1.29804667  1.48515940  1.33259152
4    1.57277254  1.21314383  1.37596183  1.48963786  0.00000000  1.11998766  0.88576593  1.21503810  1.18549480  1.35202746  1.09317785  1.08369606  1.19108419  1.22686716  0.64111432  0.73710832  1.14185782  1.25900485  1.08162716  1.12653233
5    1.56992663  1.39673717  1.08565423  1.52965994  1.11998766  0.00000000  1.17150496  0.90983041  1.20191907  1.21904426  1.19265236  1.13684036  1.14665788  1.14206779  1.15766581  1.16607871  0.22771619  1.20947839  1.15134039  1.18003189
6    1.57329960  1.13826278  1.40996347  1.48222573  0.88576593  1.17150496  0.00000000  1.26005134  1.14812916  1.37088730  0.90319304  0.87411823  1.16930407  1.14277446  1.07029148  1.03336009  1.18988859  1.24645800  1.13652694  0.96296681
7    1.56899484  1.45684799  0.98180298  1.54276369  1.21503810  0.90983041  1.26005134  0.00000000  1.29449154  1.07388356  1.17723641  1.14770088  1.12926456  1.08484305  1.16134717  1.25973515  0.94727757  1.19711181  1.16072201  1.15418496
8    1.57391888  0.93516667  1.41824074  1.47351683  1.18549480  1.20191907  1.14812916  1.29449154  0.00000000  1.38380174  1.25296582  1.25719417  0.58639442  1.33110140  1.26092478  0.60886534  1.21798801  0.67617077  0.59181233  1.27246006
9    1.41135566  1.45334201  1.27271645  1.07599963  1.35202746  1.21904426  1.37088730  1.07388356  1.38380174  0.00000000  0.99613160  1.33124811  1.32516733  1.12689020  0.91562207  1.36990229  1.21058110  0.82460440  1.33595327  1.02875489
10    1.50126041  1.27842272  1.34891047  1.30151999  1.09317785  1.19265236  0.90319304  1.17723641  1.25296582  0.99613160  0.00000000  1.08316375  1.23863833  0.81275711  1.05626438  1.18306762  1.19909345  1.13959528  1.22523981  0.22747073
11    1.57092445  1.30799269  1.04707487  1.51562745  1.08369606  1.13684036  0.87411823  1.14770088  1.25719417  1.33124811  1.08316375  0.00000000  1.23647878  1.06610233  1.17785740  1.18129856  1.15925110  1.28988271  1.22317441  1.07890706
12    1.57298728  1.03386523  1.33566969  1.48661786  1.19108419  1.14665788  1.16930407  1.12926456  0.58639442  1.32516733  1.23863833  1.23647878  0.00000000  1.28451100  1.24208537  0.85091198  1.16677144  0.91250005  0.27454444  1.25008322
13    1.53253682  1.41088806  0.86815573  1.42605891  1.22686716  1.14206779  1.14277446  1.08484305  1.33110140  1.12689020  0.81275711  1.06610233  1.28451100  0.00000000  1.18883894  1.28550482  1.15886998  1.24095946  1.28475061  0.61818936
14    1.51137442  1.30450798  1.33669040  1.33230234  0.64111432  1.15766581  1.07029148  1.16134717  1.26092478  0.91562207  1.05626438  1.17785740  1.24208537  1.18883894  0.00000000  0.98979277  1.16799808  1.10850290  1.18125571  1.08934074
15    1.57341742  1.05676595  1.39974611  1.48056887  0.73710832  1.16607871  1.03336009  1.25973515  0.60886534  1.36990229  1.18306762  1.18129856  0.85091198  1.28550482  0.98979277  0.00000000  1.18468536  0.94479866  0.66779433  1.20862493
16    1.55117594  1.39987780  1.11401144  1.44778717  1.14185782  0.22771619  1.18988859  0.94727757  1.21798801  1.21058110  1.19909345  1.15925110  1.16677144  1.15886998  1.16799808  1.18468536  0.00000000  1.21471849  1.17109062  1.18905800
17    1.50216100  1.16389717  1.35400410  1.29804667  1.25900485  1.20947839  1.24645800  1.19711181  0.67617077  0.82460440  1.13959528  1.28988271  0.91250005  1.24095946  1.10850290  0.94479866  1.21471849  0.00000000  0.92028749  1.16488488
18    1.57309099  1.03938676  1.35111900  1.48515940  1.08162716  1.15134039  1.13652694  1.16072201  0.59181233  1.33595327  1.22523981  1.22317441  0.27454444  1.28475061  1.18125571  0.66779433  1.17109062  0.92028749  0.00000000  1.24008731
19    1.50906364  1.31147183  1.22896577  1.33259152  1.12653233  1.18003189  0.96296681  1.15418496  1.27246006  1.02875489  0.22747073  1.07890706  1.25008322  0.61818936  1.08934074  1.20862493  1.18905800  1.16488488  1.24008731  0.00000000

--------------------------------------------------------------------------------
n=19
(result of R-step: (3,5:16)0.05916447)
V=[0, 1, 2, 3, 4, 5, 6, 7, 8, 9, 10, 11, 12, 13, 14, 15, 17, 18, 19]
total successes of this branch: 3
Matrix on 19 elements:

0    0.00000000  1.57560391  1.56741729  1.18008012  1.57277254  1.49700492  1.57329960  1.56899484  1.57391888  1.41135566  1.50126041  1.57092445  1.57298728  1.53253682  1.51137442  1.57341742  1.50216100  1.57309099  1.50906364
1    1.57560391  0.00000000  1.55861772  1.37689842  1.21314383  1.32381546  1.13826278  1.45684799  0.93516667  1.45334201  1.27842272  1.30799269  1.03386523  1.41088806  1.30450798  1.05676595  1.16389717  1.03938676  1.31147183
2    1.56741729  1.55861772  0.00000000  1.49202707  1.37596183  1.01273252  1.40996347  0.98180298  1.41824074  1.27271645  1.34891047  1.04707487  1.33566969  0.86815573  1.33669040  1.39974611  1.35400410  1.35111900  1.22896577
3    1.18008012  1.37689842  1.49202707  0.00000000  1.41671615  1.38381652  1.40930402  1.46984198  1.40059512  1.00307792  1.22859828  1.44270574  1.41369615  1.35313721  1.25938063  1.40764716  1.22512496  1.41223769  1.25966981
4    1.57277254  1.21314383  1.37596183  1.41671615  0.00000000  1.04706595  0.88576593  1.21503810  1.18549480  1.35202746  1.09317785  1.08369606  1.19108419  1.22686716  0.64111432  0.73710832  1.25900485  1.08162716  1.12653233
5    1.49700492  1.32381546  1.01273252  1.38381652  1.04706595  0.00000000  1.09858325  0.83690870  1.12899736  1.14612256  1.11973065  1.06391865  1.07373618  1.06914608  1.08474410  1.09315700  1.13655668  1.07841868  1.10711018
6    1.57329960  1.13826278  1.40996347  1.40930402  0.88576593  1.09858325  0.00000000  1.26005134  1.14812916  1.37088730  0.90319304  0.87411823  1.16930407  1.14277446  1.07029148  1.03336009  1.24645800  1.13652694  0.96296681
7    1.56899484  1.45684799  0.98180298  1.46984198  1.21503810  0.83690870  1.26005134  0.00000000  1.29449154  1.07388356  1.17723641  1.14770088  1.12926456  1.08484305  1.16134717  1.25973515  1.19711181  1.16072201  1.15418496
8    1.57391888  0.93516667  1.41824074  1.40059512  1.18549480  1.12899736  1.14812916  1.29449154  0.00000000  1.38380174  1.25296582  1.25719417  0.58639442  1.33110140  1.26092478  0.60886534  0.67617077  0.59181233  1.27246006
9    1.41135566  1.45334201  1.27271645  1.00307792  1.35202746  1.14612256  1.37088730  1.07388356  1.38380174  0.00000000  0.99613160  1.33124811  1.32516733  1.12689020  0.91562207  1.36990229  0.82460440  1.33595327  1.02875489
10    1.50126041  1.27842272  1.34891047  1.22859828  1.09317785  1.11973065  0.90319304  1.17723641  1.25296582  0.99613160  0.00000000  1.08316375  1.23863833  0.81275711  1.05626438  1.18306762  1.13959528  1.22523981  0.22747073
11    1.57092445  1.30799269  1.04707487  1.44270574  1.08369606  1.06391865  0.87411823  1.14770088  1.25719417  1.33124811  1.08316375  0.00000000  1.23647878  1.06610233  1.17785740  1.18129856  1.28988271  1.22317441  1.07890706
12    1.57298728  1.03386523  1.33566969  1.41369615  1.19108419  1.07373618  1.16930407  1.12926456  0.58639442  1.32516733  1.23863833  1.23647878  0.00000000  1.28451100  1.24208537  0.85091198  0.91250005  0.27454444  1.25008322
13    1.53253682  1.41088806  0.86815573  1.35313721  1.22686716  1.06914608  1.14277446  1.08484305  1.33110140  1.12689020  0.81275711  1.06610233  1.28451100  0.00000000  1.18883894  1.28550482  1.24095946  1.28475061  0.61818936
14    1.51137442  1.30450798  1.33669040  1.25938063  0.64111432  1.08474410  1.07029148  1.16134717  1.26092478  0.91562207  1.05626438  1.17785740  1.24208537  1.18883894  0.00000000  0.98979277  1.10850290  1.18125571  1.08934074
15    1.57341742  1.05676595  1.39974611  1.40764716  0.73710832  1.09315700  1.03336009  1.25973515  0.60886534  1.36990229  1.18306762  1.18129856  0.85091198  1.28550482  0.98979277  0.00000000  0.94479866  0.66779433  1.20862493
17    1.50216100  1.16389717  1.35400410  1.22512496  1.25900485  1.13655668  1.24645800  1.19711181  0.67617077  0.82460440  1.13959528  1.28988271  0.91250005  1.24095946  1.10850290  0.94479866  0.00000000  0.92028749  1.16488488
18    1.57309099  1.03938676  1.35111900  1.41223769  1.08162716  1.07841868  1.13652694  1.16072201  0.59181233  1.33595327  1.22523981  1.22317441  0.27454444  1.28475061  1.18125571  0.66779433  0.92028749  0.00000000  1.24008731
19    1.50906364  1.31147183  1.22896577  1.25966981  1.12653233  1.10711018  0.96296681  1.15418496  1.27246006  1.02875489  0.22747073  1.07890706  1.25008322  0.61818936  1.08934074  1.20862493  1.16488488  1.24008731  0.00000000

--------------------------------------------------------------------------------
n=18
(result of R-step: (8,9:17)0.55858475)
V=[0, 1, 2, 3, 4, 5, 6, 7, 8, 9, 10, 11, 12, 13, 14, 15, 18, 19]
total successes of this branch: 3
Matrix on 18 elements:

0    0.00000000  1.57560391  1.56741729  1.18008012  1.57277254  1.49700492  1.57329960  1.56899484  1.51543216  1.35286894  1.50126041  1.57092445  1.57298728  1.53253682  1.51137442  1.57341742  1.57309099  1.50906364
1    1.57560391  0.00000000  1.55861772  1.37689842  1.21314383  1.32381546  1.13826278  1.45684799  0.87667995  1.39485529  1.27842272  1.30799269  1.03386523  1.41088806  1.30450798  1.05676595  1.03938676  1.31147183
2    1.56741729  1.55861772  0.00000000  1.49202707  1.37596183  1.01273252  1.40996347  0.98180298  1.35975403  1.21422973  1.34891047  1.04707487  1.33566969  0.86815573  1.33669040  1.39974611  1.35111900  1.22896577
3    1.18008012  1.37689842  1.49202707  0.00000000  1.41671615  1.38381652  1.40930402  1.46984198  1.34210840  0.94459120  1.22859828  1.44270574  1.41369615  1.35313721  1.25938063  1.40764716  1.41223769  1.25966981
4    1.57277254  1.21314383  1.37596183  1.41671615  0.00000000  1.04706595  0.88576593  1.21503810  1.12700808  1.29354074  1.09317785  1.08369606  1.19108419  1.22686716  0.64111432  0.73710832  1.08162716  1.12653233
5    1.49700492  1.32381546  1.01273252  1.38381652  1.04706595  0.00000000  1.09858325  0.83690870  1.07051064  1.08763584  1.11973065  1.06391865  1.07373618  1.06914608  1.08474410  1.09315700  1.07841868  1.10711018
6    1.57329960  1.13826278  1.40996347  1.40930402  0.88576593  1.09858325  0.00000000  1.26005134  1.08964244  1.31240058  0.90319304  0.87411823  1.16930407  1.14277446  1.07029148  1.03336009  1.13652694  0.96296681
7    1.56899484  1.45684799  0.98180298  1.46984198  1.21503810  0.83690870  1.26005134  0.00000000  1.23600482  1.01539684  1.17723641  1.14770088  1.12926456  1.08484305  1.16134717  1.25973515  1.16072201  1.15418496
8    1.51543216  0.87667995  1.35975403  1.34210840  1.12700808  1.07051064  1.08964244  1.23600482  0.00000000  1.26682830  1.19447910  1.19870745  0.52790770  1.27261468  1.20243806  0.55037862  0.53332561  1.21397334
9    1.35286894  1.39485529  1.21422973  0.94459120  1.29354074  1.08763584  1.31240058  1.01539684  1.26682830  0.00000000  0.93764488  1.27276139  1.26668061  1.06840348  0.85713535  1.31141557  1.27746655  0.97026817
10    1.50126041  1.27842272  1.34891047  1.22859828  1.09317785  1.11973065  0.90319304  1.17723641  1.19447910  0.93764488  0.00000000  1.08316375  1.23863833  0.81275711  1.05626438  1.18306762  1.22523981  0.22747073
11    1.57092445  1.30799269  1.04707487  1.44270574  1.08369606  1.06391865  0.87411823  1.14770088  1.19870745  1.27276139  1.08316375  0.00000000  1.23647878  1.06610233  1.17785740  1.18129856  1.22317441  1.07890706
12    1.57298728  1.03386523  1.33566969  1.41369615  1.19108419  1.07373618  1.16930407  1.12926456  0.52790770  1.26668061  1.23863833  1.23647878  0.00000000  1.28451100  1.24208537  0.85091198  0.27454444  1.25008322
13    1.53253682  1.41088806  0.86815573  1.35313721  1.22686716  1.06914608  1.14277446  1.08484305  1.27261468  1.06840348  0.81275711  1.06610233  1.28451100  0.00000000  1.18883894  1.28550482  1.28475061  0.61818936
14    1.51137442  1.30450798  1.33669040  1.25938063  0.64111432  1.08474410  1.07029148  1.16134717  1.20243806  0.85713535  1.05626438  1.17785740  1.24208537  1.18883894  0.00000000  0.98979277  1.18125571  1.08934074
15    1.57341742  1.05676595  1.39974611  1.40764716  0.73710832  1.09315700  1.03336009  1.25973515  0.55037862  1.31141557  1.18306762  1.18129856  0.85091198  1.28550482  0.98979277  0.00000000  0.66779433  1.20862493
18    1.57309099  1.03938676  1.35111900  1.41223769  1.08162716  1.07841868  1.13652694  1.16072201  0.53332561  1.27746655  1.22523981  1.22317441  0.27454444  1.28475061  1.18125571  0.66779433  0.00000000  1.24008731
19    1.50906364  1.31147183  1.22896577  1.25966981  1.12653233  1.10711018  0.96296681  1.15418496  1.21397334  0.97026817  0.22747073  1.07890706  1.25008322  0.61818936  1.08934074  1.20862493  1.24008731  0.00000000

--------------------------------------------------------------------------------
n=17
(result of R-step: (10,13:19)0.75050751)
V=[0, 1, 2, 3, 4, 5, 6, 7, 8, 9, 10, 11, 12, 13, 14, 15, 18]
total successes of this branch: 3
Matrix on 17 elements:

0    0.00000000  1.57560391  1.56741729  1.18008012  1.57277254  1.49700492  1.57329960  1.56899484  1.51543216  1.35286894  1.48480892  1.57092445  1.57298728  1.51608533  1.51137442  1.57341742  1.57309099
1    1.57560391  0.00000000  1.55861772  1.37689842  1.21314383  1.32381546  1.13826278  1.45684799  0.87667995  1.39485529  1.26197123  1.30799269  1.03386523  1.39443657  1.30450798  1.05676595  1.03938676
2    1.56741729  1.55861772  0.00000000  1.49202707  1.37596183  1.01273252  1.40996347  0.98180298  1.35975403  1.21422973  1.33245898  1.04707487  1.33566969  0.85170424  1.33669040  1.39974611  1.35111900
3    1.18008012  1.37689842  1.49202707  0.00000000  1.41671615  1.38381652  1.40930402  1.46984198  1.34210840  0.94459120  1.21214679  1.44270574  1.41369615  1.33668572  1.25938063  1.40764716  1.41223769
4    1.57277254  1.21314383  1.37596183  1.41671615  0.00000000  1.04706595  0.88576593  1.21503810  1.12700808  1.29354074  1.07672636  1.08369606  1.19108419  1.21041567  0.64111432  0.73710832  1.08162716
5    1.49700492  1.32381546  1.01273252  1.38381652  1.04706595  0.00000000  1.09858325  0.83690870  1.07051064  1.08763584  1.10327916  1.06391865  1.07373618  1.05269459  1.08474410  1.09315700  1.07841868
6    1.57329960  1.13826278  1.40996347  1.40930402  0.88576593  1.09858325  0.00000000  1.26005134  1.08964244  1.31240058  0.88674155  0.87411823  1.16930407  1.12632297  1.07029148  1.03336009  1.13652694
7    1.56899484  1.45684799  0.98180298  1.46984198  1.21503810  0.83690870  1.26005134  0.00000000  1.23600482  1.01539684  1.16078492  1.14770088  1.12926456  1.06839157  1.16134717  1.25973515  1.16072201
8    1.51543216  0.87667995  1.35975403  1.34210840  1.12700808  1.07051064  1.08964244  1.23600482  0.00000000  1.26682830  1.17802761  1.19870745  0.52790770  1.25616319  1.20243806  0.55037862  0.53332561
9    1.35286894  1.39485529  1.21422973  0.94459120  1.29354074  1.08763584  1.31240058  1.01539684  1.26682830  0.00000000  0.92119340  1.27276139  1.26668061  1.05195199  0.85713535  1.31141557  1.27746655
10    1.48480892  1.26197123  1.33245898  1.21214679  1.07672636  1.10327916  0.88674155  1.16078492  1.17802761  0.92119340  0.00000000  1.06671227  1.22218684  0.77985413  1.03981289  1.16661614  1.20878832
11    1.57092445  1.30799269  1.04707487  1.44270574  1.08369606  1.06391865  0.87411823  1.14770088  1.19870745  1.27276139  1.06671227  0.00000000  1.23647878  1.04965084  1.17785740  1.18129856  1.22317441
12    1.57298728  1.03386523  1.33566969  1.41369615  1.19108419  1.07373618  1.16930407  1.12926456  0.52790770  1.26668061  1.22218684  1.23647878  0.00000000  1.26805951  1.24208537  0.85091198  0.27454444
13    1.51608533  1.39443657  0.85170424  1.33668572  1.21041567  1.05269459  1.12632297  1.06839157  1.25616319  1.05195199  0.77985413  1.04965084  1.26805951  0.00000000  1.17238745  1.26905333  1.26829912
14    1.51137442  1.30450798  1.33669040  1.25938063  0.64111432  1.08474410  1.07029148  1.16134717  1.20243806  0.85713535  1.03981289  1.17785740  1.24208537  1.17238745  0.00000000  0.98979277  1.18125571
15    1.57341742  1.05676595  1.39974611  1.40764716  0.73710832  1.09315700  1.03336009  1.25973515  0.55037862  1.31141557  1.16661614  1.18129856  0.85091198  1.26905333  0.98979277  0.00000000  0.66779433
18    1.57309099  1.03938676  1.35111900  1.41223769  1.08162716  1.07841868  1.13652694  1.16072201  0.53332561  1.27746655  1.20878832  1.22317441  0.27454444  1.26829912  1.18125571  0.66779433  0.00000000

--------------------------------------------------------------------------------
n=16
(result of R-step: (2,10:13)0.47276124)
V=[0, 1, 2, 3, 4, 5, 6, 7, 8, 9, 10, 11, 12, 14, 15, 18]
total successes of this branch: 3
Matrix on 16 elements:

0    0.00000000  1.57560391  1.40141610  1.18008012  1.57277254  1.49700492  1.57329960  1.56899484  1.51543216  1.35286894  1.33525922  1.57092445  1.57298728  1.51137442  1.57341742  1.57309099
1    1.57560391  0.00000000  1.39261654  1.37689842  1.21314383  1.32381546  1.13826278  1.45684799  0.87667995  1.39485529  1.11242153  1.30799269  1.03386523  1.30450798  1.05676595  1.03938676
2    1.40141610  1.39261654  0.00000000  1.32602589  1.20996064  0.84673134  1.24396228  0.81580179  1.19375284  1.04822854  1.01690809  0.88107368  1.16966850  1.17068921  1.23374492  1.18511781
3    1.18008012  1.37689842  1.32602589  0.00000000  1.41671615  1.38381652  1.40930402  1.46984198  1.34210840  0.94459120  1.06259709  1.44270574  1.41369615  1.25938063  1.40764716  1.41223769
4    1.57277254  1.21314383  1.20996064  1.41671615  0.00000000  1.04706595  0.88576593  1.21503810  1.12700808  1.29354074  0.92717666  1.08369606  1.19108419  0.64111432  0.73710832  1.08162716
5    1.49700492  1.32381546  0.84673134  1.38381652  1.04706595  0.00000000  1.09858325  0.83690870  1.07051064  1.08763584  0.95372946  1.06391865  1.07373618  1.08474410  1.09315700  1.07841868
6    1.57329960  1.13826278  1.24396228  1.40930402  0.88576593  1.09858325  0.00000000  1.26005134  1.08964244  1.31240058  0.73719185  0.87411823  1.16930407  1.07029148  1.03336009  1.13652694
7    1.56899484  1.45684799  0.81580179  1.46984198  1.21503810  0.83690870  1.26005134  0.00000000  1.23600482  1.01539684  1.01123522  1.14770088  1.12926456  1.16134717  1.25973515  1.16072201
8    1.51543216  0.87667995  1.19375284  1.34210840  1.12700808  1.07051064  1.08964244  1.23600482  0.00000000  1.26682830  1.02847791  1.19870745  0.52790770  1.20243806  0.55037862  0.53332561
9    1.35286894  1.39485529  1.04822854  0.94459120  1.29354074  1.08763584  1.31240058  1.01539684  1.26682830  0.00000000  0.77164370  1.27276139  1.26668061  0.85713535  1.31141557  1.27746655
10    1.33525922  1.11242153  1.01690809  1.06259709  0.92717666  0.95372946  0.73719185  1.01123522  1.02847791  0.77164370  0.00000000  0.91716257  1.07263714  0.89026320  1.01706644  1.05923862
11    1.57092445  1.30799269  0.88107368  1.44270574  1.08369606  1.06391865  0.87411823  1.14770088  1.19870745  1.27276139  0.91716257  0.00000000  1.23647878  1.17785740  1.18129856  1.22317441
12    1.57298728  1.03386523  1.16966850  1.41369615  1.19108419  1.07373618  1.16930407  1.12926456  0.52790770  1.26668061  1.07263714  1.23647878  0.00000000  1.24208537  0.85091198  0.27454444
14    1.51137442  1.30450798  1.17068921  1.25938063  0.64111432  1.08474410  1.07029148  1.16134717  1.20243806  0.85713535  0.89026320  1.17785740  1.24208537  0.00000000  0.98979277  1.18125571
15    1.57341742  1.05676595  1.23374492  1.40764716  0.73710832  1.09315700  1.03336009  1.25973515  0.55037862  1.31141557  1.01706644  1.18129856  0.85091198  0.98979277  0.00000000  0.66779433
18    1.57309099  1.03938676  1.18511781  1.41223769  1.08162716  1.07841868  1.13652694  1.16072201  0.53332561  1.27746655  1.05923862  1.22317441  0.27454444  1.18125571  0.66779433  0.00000000

--------------------------------------------------------------------------------
n=15
(result of R-step: (2,6:11)0.40377761)
V=[0, 1, 2, 3, 4, 5, 6, 7, 8, 9, 10, 12, 14, 15, 18]
total successes of this branch: 3
Matrix on 15 elements:

0    0.00000000  1.57560391  1.31180247  1.18008012  1.57277254  1.49700492  1.31768479  1.56899484  1.51543216  1.35286894  1.33525922  1.57298728  1.51137442  1.57341742  1.57309099
1    1.57560391  0.00000000  1.30300291  1.37689842  1.21314383  1.32381546  0.88264796  1.45684799  0.87667995  1.39485529  1.11242153  1.03386523  1.30450798  1.05676595  1.03938676
2    1.31180247  1.30300291  0.00000000  1.23641226  1.12034701  0.75711771  0.89873384  0.72618816  1.10413921  0.95861492  0.92729446  1.08005488  1.08107558  1.14413130  1.09550419
3    1.18008012  1.37689842  1.23641226  0.00000000  1.41671615  1.38381652  1.15368921  1.46984198  1.34210840  0.94459120  1.06259709  1.41369615  1.25938063  1.40764716  1.41223769
4    1.57277254  1.21314383  1.12034701  1.41671615  0.00000000  1.04706595  0.63015112  1.21503810  1.12700808  1.29354074  0.92717666  1.19108419  0.64111432  0.73710832  1.08162716
5    1.49700492  1.32381546  0.75711771  1.38381652  1.04706595  0.00000000  0.84296843  0.83690870  1.07051064  1.08763584  0.95372946  1.07373618  1.08474410  1.09315700  1.07841868
6    1.31768479  0.88264796  0.89873384  1.15368921  0.63015112  0.84296843  0.00000000  1.00443652  0.83402762  1.05678577  0.48157704  0.91368926  0.81467666  0.77774528  0.88091213
7    1.56899484  1.45684799  0.72618816  1.46984198  1.21503810  0.83690870  1.00443652  0.00000000  1.23600482  1.01539684  1.01123522  1.12926456  1.16134717  1.25973515  1.16072201
8    1.51543216  0.87667995  1.10413921  1.34210840  1.12700808  1.07051064  0.83402762  1.23600482  0.00000000  1.26682830  1.02847791  0.52790770  1.20243806  0.55037862  0.53332561
9    1.35286894  1.39485529  0.95861492  0.94459120  1.29354074  1.08763584  1.05678577  1.01539684  1.26682830  0.00000000  0.77164370  1.26668061  0.85713535  1.31141557  1.27746655
10    1.33525922  1.11242153  0.92729446  1.06259709  0.92717666  0.95372946  0.48157704  1.01123522  1.02847791  0.77164370  0.00000000  1.07263714  0.89026320  1.01706644  1.05923862
12    1.57298728  1.03386523  1.08005488  1.41369615  1.19108419  1.07373618  0.91368926  1.12926456  0.52790770  1.26668061  1.07263714  0.00000000  1.24208537  0.85091198  0.27454444
14    1.51137442  1.30450798  1.08107558  1.25938063  0.64111432  1.08474410  0.81467666  1.16134717  1.20243806  0.85713535  0.89026320  1.24208537  0.00000000  0.98979277  1.18125571
15    1.57341742  1.05676595  1.14413130  1.40764716  0.73710832  1.09315700  0.77774528  1.25973515  0.55037862  1.31141557  1.01706644  0.85091198  0.98979277  0.00000000  0.66779433
18    1.57309099  1.03938676  1.09550419  1.41223769  1.08162716  1.07841868  0.88091213  1.16072201  0.53332561  1.27746655  1.05923862  0.27454444  1.18125571  0.66779433  0.00000000

--------------------------------------------------------------------------------
n=14
(result of R-step: (12,15:18)0.75889240)
V=[0, 1, 2, 3, 4, 5, 6, 7, 8, 9, 10, 12, 14, 15]
total successes of this branch: 3
Matrix on 14 elements:

0    0.00000000  1.57560391  1.31180247  1.18008012  1.57277254  1.49700492  1.31768479  1.56899484  1.51543216  1.35286894  1.33525922  1.52727389  1.51137442  1.52770402
1    1.57560391  0.00000000  1.30300291  1.37689842  1.21314383  1.32381546  0.88264796  1.45684799  0.87667995  1.39485529  1.11242153  0.98815183  1.30450798  1.01105256
2    1.31180247  1.30300291  0.00000000  1.23641226  1.12034701  0.75711771  0.89873384  0.72618816  1.10413921  0.95861492  0.92729446  1.03434148  1.08107558  1.09841790
3    1.18008012  1.37689842  1.23641226  0.00000000  1.41671615  1.38381652  1.15368921  1.46984198  1.34210840  0.94459120  1.06259709  1.36798276  1.25938063  1.36193376
4    1.57277254  1.21314383  1.12034701  1.41671615  0.00000000  1.04706595  0.63015112  1.21503810  1.12700808  1.29354074  0.92717666  1.14537080  0.64111432  0.69139493
5    1.49700492  1.32381546  0.75711771  1.38381652  1.04706595  0.00000000  0.84296843  0.83690870  1.07051064  1.08763584  0.95372946  1.02802278  1.08474410  1.04744361
6    1.31768479  0.88264796  0.89873384  1.15368921  0.63015112  0.84296843  0.00000000  1.00443652  0.83402762  1.05678577  0.48157704  0.86797586  0.81467666  0.73203188
7    1.56899484  1.45684799  0.72618816  1.46984198  1.21503810  0.83690870  1.00443652  0.00000000  1.23600482  1.01539684  1.01123522  1.08355117  1.16134717  1.21402176
8    1.51543216  0.87667995  1.10413921  1.34210840  1.12700808  1.07051064  0.83402762  1.23600482  0.00000000  1.26682830  1.02847791  0.48219430  1.20243806  0.50466523
9    1.35286894  1.39485529  0.95861492  0.94459120  1.29354074  1.08763584  1.05678577  1.01539684  1.26682830  0.00000000  0.77164370  1.22096722  0.85713535  1.26570218
10    1.33525922  1.11242153  0.92729446  1.06259709  0.92717666  0.95372946  0.48157704  1.01123522  1.02847791  0.77164370  0.00000000  1.02692375  0.89026320  0.97135304
12    1.52727389  0.98815183  1.03434148  1.36798276  1.14537080  1.02802278  0.86797586  1.08355117  0.48219430  1.22096722  1.02692375  0.00000000  1.19637198  0.75948519
14    1.51137442  1.30450798  1.08107558  1.25938063  0.64111432  1.08474410  0.81467666  1.16134717  1.20243806  0.85713535  0.89026320  1.19637198  0.00000000  0.94407938
15    1.52770402  1.01105256  1.09841790  1.36193376  0.69139493  1.04744361  0.73203188  1.21402176  0.50466523  1.26570218  0.97135304  0.75948519  0.94407938  0.00000000

--------------------------------------------------------------------------------
n=13
(result of R-step: (4,8:15)0.43744342)
V=[0, 1, 2, 3, 4, 5, 6, 7, 8, 9, 10, 12, 14]
total successes of this branch: 3
Matrix on 13 elements:

0    0.00000000  1.57560391  1.31180247  1.18008012  1.49253310  1.49700492  1.31768479  1.56899484  1.49367945  1.35286894  1.33525922  1.52727389  1.51137442
1    1.57560391  0.00000000  1.30300291  1.37689842  1.13290440  1.32381546  0.88264796  1.45684799  0.85492724  1.39485529  1.11242153  0.98815183  1.30450798
2    1.31180247  1.30300291  0.00000000  1.23641226  1.04010758  0.75711771  0.89873384  0.72618816  1.08238650  0.95861492  0.92729446  1.03434148  1.08107558
3    1.18008012  1.37689842  1.23641226  0.00000000  1.33647672  1.38381652  1.15368921  1.46984198  1.32035569  0.94459120  1.06259709  1.36798276  1.25938063
4    1.49253310  1.13290440  1.04010758  1.33647672  0.00000000  0.96682652  0.54991169  1.13479867  1.02501594  1.21330131  0.84693723  1.06513136  0.56087488
5    1.49700492  1.32381546  0.75711771  1.38381652  0.96682652  0.00000000  0.84296843  0.83690870  1.04875793  1.08763584  0.95372946  1.02802278  1.08474410
6    1.31768479  0.88264796  0.89873384  1.15368921  0.54991169  0.84296843  0.00000000  1.00443652  0.81227491  1.05678577  0.48157704  0.86797586  0.81467666
7    1.56899484  1.45684799  0.72618816  1.46984198  1.13479867  0.83690870  1.00443652  0.00000000  1.21425211  1.01539684  1.01123522  1.08355117  1.16134717
8    1.49367945  0.85492724  1.08238650  1.32035569  1.02501594  1.04875793  0.81227491  1.21425211  0.00000000  1.24507559  1.00672520  0.46044159  1.18068535
9    1.35286894  1.39485529  0.95861492  0.94459120  1.21330131  1.08763584  1.05678577  1.01539684  1.24507559  0.00000000  0.77164370  1.22096722  0.85713535
10    1.33525922  1.11242153  0.92729446  1.06259709  0.84693723  0.95372946  0.48157704  1.01123522  1.00672520  0.77164370  0.00000000  1.02692375  0.89026320
12    1.52727389  0.98815183  1.03434148  1.36798276  1.06513136  1.02802278  0.86797586  1.08355117  0.46044159  1.22096722  1.02692375  0.00000000  1.19637198
14    1.51137442  1.30450798  1.08107558  1.25938063  0.56087488  1.08474410  0.81467666  1.16134717  1.18068535  0.85713535  0.89026320  1.19637198  0.00000000

--------------------------------------------------------------------------------
n=12
(result of R-step: (4,9:14)0.61963014)
V=[0, 1, 2, 3, 4, 5, 6, 7, 8, 9, 10, 12]
total successes of this branch: 3
Matrix on 12 elements:

0    0.00000000  1.57560391  1.31180247  1.18008012  1.47041807  1.49700492  1.31768479  1.56899484  1.49367945  1.30900120  1.33525922  1.52727389
1    1.57560391  0.00000000  1.30300291  1.37689842  1.11078936  1.32381546  0.88264796  1.45684799  0.85492724  1.35098755  1.11242153  0.98815183
2    1.31180247  1.30300291  0.00000000  1.23641226  1.01799255  0.75711771  0.89873384  0.72618816  1.08238650  0.91474717  0.92729446  1.03434148
3    1.18008012  1.37689842  1.23641226  0.00000000  1.31436168  1.38381652  1.15368921  1.46984198  1.32035569  0.90072346  1.06259709  1.36798276
4    1.47041807  1.11078936  1.01799255  1.31436168  0.00000000  0.94471149  0.52779665  1.11268363  1.00290090  1.14731853  0.82482220  1.04301633
5    1.49700492  1.32381546  0.75711771  1.38381652  0.94471149  0.00000000  0.84296843  0.83690870  1.04875793  1.04376809  0.95372946  1.02802278
6    1.31768479  0.88264796  0.89873384  1.15368921  0.52779665  0.84296843  0.00000000  1.00443652  0.81227491  1.01291802  0.48157704  0.86797586
7    1.56899484  1.45684799  0.72618816  1.46984198  1.11268363  0.83690870  1.00443652  0.00000000  1.21425211  0.97152909  1.01123522  1.08355117
8    1.49367945  0.85492724  1.08238650  1.32035569  1.00290090  1.04875793  0.81227491  1.21425211  0.00000000  1.20120784  1.00672520  0.46044159
9    1.30900120  1.35098755  0.91474717  0.90072346  1.14731853  1.04376809  1.01291802  0.97152909  1.20120784  0.00000000  0.72777595  1.17709947
10    1.33525922  1.11242153  0.92729446  1.06259709  0.82482220  0.95372946  0.48157704  1.01123522  1.00672520  0.72777595  0.00000000  1.02692375
12    1.52727389  0.98815183  1.03434148  1.36798276  1.04301633  1.02802278  0.86797586  1.08355117  0.46044159  1.17709947  1.02692375  0.00000000

--------------------------------------------------------------------------------
n=11
(result of R-step: (6,9:10)0.55515969)
V=[0, 1, 2, 3, 4, 5, 6, 7, 8, 9, 12]
total successes of this branch: 3
Matrix on 11 elements:

0    0.00000000  1.57560391  1.31180247  1.18008012  1.47041807  1.49700492  1.30908093  1.56899484  1.49367945  1.14713699  1.52727389
1    1.57560391  0.00000000  1.30300291  1.37689842  1.11078936  1.32381546  0.87404411  1.45684799  0.85492724  1.18912334  0.98815183
2    1.31180247  1.30300291  0.00000000  1.23641226  1.01799255  0.75711771  0.89012998  0.72618816  1.08238650  0.75288297  1.03434148
3    1.18008012  1.37689842  1.23641226  0.00000000  1.31436168  1.38381652  1.14508535  1.46984198  1.32035569  0.73885925  1.36798276
4    1.47041807  1.11078936  1.01799255  1.31436168  0.00000000  0.94471149  0.51919280  1.11268363  1.00290090  0.98545432  1.04301633
5    1.49700492  1.32381546  0.75711771  1.38381652  0.94471149  0.00000000  0.83436458  0.83690870  1.04875793  0.88190388  1.02802278
6    1.30908093  0.87404411  0.89012998  1.14508535  0.51919280  0.83436458  0.00000000  0.99583267  0.80367105  0.84244995  0.85937201
7    1.56899484  1.45684799  0.72618816  1.46984198  1.11268363  0.83690870  0.99583267  0.00000000  1.21425211  0.80966489  1.08355117
8    1.49367945  0.85492724  1.08238650  1.32035569  1.00290090  1.04875793  0.80367105  1.21425211  0.00000000  1.03934363  0.46044159
9    1.14713699  1.18912334  0.75288297  0.73885925  0.98545432  0.88190388  0.84244995  0.80966489  1.03934363  0.00000000  1.01523526
12    1.52727389  0.98815183  1.03434148  1.36798276  1.04301633  1.02802278  0.85937201  1.08355117  0.46044159  1.01523526  0.00000000

--------------------------------------------------------------------------------
n=10
(result of R-step: (7,8:12)0.18919319)
V=[0, 1, 2, 3, 4, 5, 6, 7, 8, 9]
total successes of this branch: 3
Matrix on 10 elements:

0    0.00000000  1.57560391  1.31180247  1.18008012  1.47041807  1.49700492  1.30908093  1.35841112  1.36333516  1.14713699
1    1.57560391  0.00000000  1.30300291  1.37689842  1.11078936  1.32381546  0.87404411  1.24626427  0.72458295  1.18912334
2    1.31180247  1.30300291  0.00000000  1.23641226  1.01799255  0.75711771  0.89012998  0.51560444  0.95204221  0.75288297
3    1.18008012  1.37689842  1.23641226  0.00000000  1.31436168  1.38381652  1.14508535  1.25925825  1.19001140  0.73885925
4    1.47041807  1.11078936  1.01799255  1.31436168  0.00000000  0.94471149  0.51919280  0.90209991  0.87255661  0.98545432
5    1.49700492  1.32381546  0.75711771  1.38381652  0.94471149  0.00000000  0.83436458  0.62632498  0.91841364  0.88190388
6    1.30908093  0.87404411  0.89012998  1.14508535  0.51919280  0.83436458  0.00000000  0.78524894  0.67332676  0.84244995
7    1.35841112  1.24626427  0.51560444  1.25925825  0.90209991  0.62632498  0.78524894  0.00000000  0.87332409  0.59908117
8    1.36333516  0.72458295  0.95204221  1.19001140  0.87255661  0.91841364  0.67332676  0.87332409  0.00000000  0.90899934
9    1.14713699  1.18912334  0.75288297  0.73885925  0.98545432  0.88190388  0.84244995  0.59908117  0.90899934  0.00000000

--------------------------------------------------------------------------------
n=9
(result of R-step: (1,5:8)0.70319701)
V=[0, 1, 2, 3, 4, 5, 6, 7, 9]
total successes of this branch: 3
Matrix on 9 elements:

0    0.00000000  1.20542963  1.31180247  1.18008012  1.47041807  1.19975234  1.30908093  1.35841112  1.14713699
1    1.20542963  0.00000000  0.93282862  1.00672414  0.74061508  0.65638860  0.50386982  0.87608999  0.81894905
2    1.31180247  0.93282862  0.00000000  1.23641226  1.01799255  0.45986513  0.89012998  0.51560444  0.75288297
3    1.18008012  1.00672414  1.23641226  0.00000000  1.31436168  1.08656395  1.14508535  1.25925825  0.73885925
4    1.47041807  0.74061508  1.01799255  1.31436168  0.00000000  0.64745891  0.51919280  0.90209991  0.98545432
5    1.19975234  0.65638860  0.45986513  1.08656395  0.64745891  0.00000000  0.53711200  0.32907240  0.58465131
6    1.30908093  0.50386982  0.89012998  1.14508535  0.51919280  0.53711200  0.00000000  0.78524894  0.84244995
7    1.35841112  0.87608999  0.51560444  1.25925825  0.90209991  0.32907240  0.78524894  0.00000000  0.59908117
9    1.14713699  0.81894905  0.75288297  0.73885925  0.98545432  0.58465131  0.84244995  0.59908117  0.00000000

--------------------------------------------------------------------------------
n=8
(result of R-step: (1,4:6)0.18615136)
V=[0, 1, 2, 3, 4, 5, 7, 9]
total successes of this branch: 3
Matrix on 8 elements:

0    0.00000000  1.17016147  1.31180247  1.18008012  1.16733009  1.19975234  1.35841112  1.14713699
1    1.17016147  0.00000000  0.89756047  0.97145598  0.40225895  0.62112045  0.84082183  0.78368090
2    1.31180247  0.89756047  0.00000000  1.23641226  0.71490457  0.45986513  0.51560444  0.75288297
3    1.18008012  0.97145598  1.23641226  0.00000000  1.01127371  1.08656395  1.25925825  0.73885925
4    1.16733009  0.40225895  0.71490457  1.01127371  0.00000000  0.34437093  0.59901194  0.68236634
5    1.19975234  0.62112045  0.45986513  1.08656395  0.34437093  0.00000000  0.32907240  0.58465131
7    1.35841112  0.84082183  0.51560444  1.25925825  0.59901194  0.32907240  0.00000000  0.59908117
9    1.14713699  0.78368090  0.75288297  0.73885925  0.68236634  0.58465131  0.59908117  0.00000000

--------------------------------------------------------------------------------
n=7
(result of R-step: (3,7:9)0.49886919)
V=[0, 1, 2, 3, 4, 5, 7]
total successes of this branch: 3
Matrix on 7 elements:

0    0.00000000  1.17016147  1.31180247  0.94944208  1.16733009  1.19975234  1.26543509
1    1.17016147  0.00000000  0.89756047  0.74081794  0.40225895  0.62112045  0.74784580
2    1.31180247  0.89756047  0.00000000  1.00577422  0.71490457  0.45986513  0.42262841
3    0.94944208  0.74081794  1.00577422  0.00000000  0.78063566  0.85592590  0.93564418
4    1.16733009  0.40225895  0.71490457  0.78063566  0.00000000  0.34437093  0.50603590
5    1.19975234  0.62112045  0.45986513  0.85592590  0.34437093  0.00000000  0.23609637
7    1.26543509  0.74784580  0.42262841  0.93564418  0.50603590  0.23609637  0.00000000

--------------------------------------------------------------------------------
n=6
(result of R-step: (0,1:3)0.77006992)
V=[0, 1, 2, 4, 5, 7]
total successes of this branch: 3
Matrix on 6 elements:

0    0.00000000  0.48173176  0.73317429  0.58870191  0.62112416  0.68680690
1    0.48173176  0.00000000  0.78775894  0.29245742  0.51131892  0.63804428
2    0.73317429  0.78775894  0.00000000  0.71490457  0.45986513  0.42262841
4    0.58870191  0.29245742  0.71490457  0.00000000  0.34437093  0.50603590
5    0.62112416  0.51131892  0.45986513  0.34437093  0.00000000  0.23609637
7    0.68680690  0.63804428  0.42262841  0.50603590  0.23609637  0.00000000

--------------------------------------------------------------------------------
n=5
(result of R-step: (0,4:1)0.36402174)
V=[0, 2, 4, 5, 7]
total successes of this branch: 3
Matrix on 5 elements:

0    0.00000000  0.67668542  0.52281545  0.56463529  0.63031803
2    0.67668542  0.00000000  0.70550698  0.45986513  0.42262841
4    0.52281545  0.70550698  0.00000000  0.33497334  0.49663831
5    0.56463529  0.45986513  0.33497334  0.00000000  0.23609637
7    0.63031803  0.42262841  0.49663831  0.23609637  0.00000000

--------------------------------------------------------------------------------
n=4
(result of R-step: (0,2:5)0.47133832)
V=[0, 2, 4, 7]
total successes of this branch: 0
reason of abort: negative delta/dxy

--------------------------------------------------------------------------------
n=4
(result of R-step: (0,4:7)0.71185045)
V=[0, 2, 4, 5]
total successes of this branch: 0
reason of abort: negative delta/dxy

--------------------------------------------------------------------------------
n=4
(result of R-step: (0,5:4)0.08399087)
V=[0, 2, 5, 7]
total successes of this branch: 0
reason of abort: negative delta/dxy

--------------------------------------------------------------------------------
n=4
(result of R-step: (0,7:2)0.04927903)
V=[0, 4, 5, 7]
total successes of this branch: 0
reason of abort: negative delta/dxy

--------------------------------------------------------------------------------
n=4
(result of R-step: (0,7:5)0.87283572)
V=[0, 2, 4, 7]
total successes of this branch: 0
reason of abort: negative delta/dxy

--------------------------------------------------------------------------------
n=4
(result of R-step: (2,4:0)0.48256112)
V=[2, 4, 5, 7]
total successes of this branch: 1
Matrix on 4 elements:

2    0.00000000  0.54559819  0.31249037  0.27525365
4    0.54559819  0.00000000  0.32243931  0.48410428
5    0.31249037  0.32243931  0.00000000  0.23609637
7    0.27525365  0.48410428  0.23609637  0.00000000

--------------------------------------------------------------------------------
n=4
(result of R-step: (2,5:7)0.37132824)
V=[0, 2, 4, 5]
total successes of this branch: 1
Matrix on 4 elements:

0    0.00000000  0.52931066  0.52281545  0.53182000
2    0.52931066  0.00000000  0.55813222  0.27967508
4    0.52281545  0.55813222  0.00000000  0.30215805
5    0.53182000  0.27967508  0.30215805  0.00000000

--------------------------------------------------------------------------------
n=4
(result of R-step: (4,5:2)0.24633373)
V=[0, 4, 5, 7]
total successes of this branch: 0
reason of abort: negative delta/dxy

--------------------------------------------------------------------------------
n=4
(result of R-step: (4,7:2)0.85958793)
V=[0, 4, 5, 7]
total successes of this branch: 0
reason of abort: negative delta/dxy

--------------------------------------------------------------------------------
n=4
(result of R-step: (4,7:5)0.26363842)
V=[0, 2, 4, 7]
total successes of this branch: 1
Matrix on 4 elements:

0    0.00000000  0.67668542  0.51028142  0.53355554
2    0.67668542  0.00000000  0.69297295  0.32586592
4    0.51028142  0.69297295  0.00000000  0.38734179
7    0.53355554  0.32586592  0.38734179  0.00000000
