n=20
V=[0, 1, 2, 3, 4, 5, 6, 7, 8, 9, 10, 11, 12, 13, 14, 15, 16, 17, 18, 19]
total successes of this branch: 3
Matrix on 20 elements:

0    0.00000000  2.01384665  1.98095353  1.99232170  2.00934355  1.98497538  1.11783523  1.86657042  1.98225763  1.98099994  1.98847137  2.00078797  1.95500956  1.99133486  0.94728407  1.98847138  1.99054454  1.98657854  1.61485599  1.83368790
1    2.01384665  0.00000000  2.00042722  1.92738063  1.53050050  1.97458469  1.75681719  1.97871614  1.99204769  1.93200252  1.95212111  1.01661175  1.98890768  1.93372163  2.00562967  1.95212103  1.52620073  1.67393768  0.82632831  1.82817488
2    1.98095353  2.00042722  0.00000000  1.86211802  1.97149246  1.35244683  1.98529449  1.41858333  0.94464452  1.82218528  1.59499039  1.35269873  1.05627239  1.79365305  1.59032357  1.52582681  1.22161368  1.68982872  1.84701144  1.47455070
3    1.99232170  1.92738063  1.86211802  0.00000000  1.82238689  1.58309129  1.97784540  1.62615379  1.77164267  0.61889003  1.05930189  1.90147115  1.73737535  0.52128195  1.90913817  0.91571781  1.81249825  0.98047233  1.92055631  1.66461283
4    2.00934355  1.53050050  1.97149246  1.82238689  0.00000000  1.91874167  1.90260252  1.92827552  1.95438784  1.83192036  1.87288812  1.70557580  1.94823755  1.83533039  1.98862835  1.87288797  1.84318719  1.79630159  1.70188166  1.89870074
5    1.98497538  1.97458469  1.35244683  1.58309129  1.91874167  0.00000000  1.98265914  0.97815739  1.15676512  1.52862730  1.00621089  1.72759385  1.11469724  1.43523652  1.67278689  1.34739058  1.37130813  1.58471949  1.86168508  1.09357633
6    1.11783523  1.75681719  1.98529449  1.97784540  1.90260252  1.98265914  0.00000000  1.89165545  1.98443997  1.97008547  1.98036837  1.84752346  1.96258623  1.97849204  1.44449627  1.98036836  1.92472646  1.93553307  1.63998098  1.85877816
7    1.86657042  1.97871614  1.41858333  1.62615379  1.92827552  0.97815739  1.89165545  0.00000000  1.27577375  1.52649421  1.28652748  1.75634152  1.05622534  1.53910737  1.64387344  1.45603677  1.46018042  1.59129223  1.85345476  0.26759057
8    1.98225763  1.99204769  0.94464452  1.77164267  1.95438784  1.15676512  1.98443997  1.27577375  0.00000000  1.72699812  1.44937453  1.57622507  0.56318477  1.68904516  1.35610802  1.22934491  0.68212601  1.68449254  1.75414887  1.33826590
9    1.98099994  1.93200252  1.82218528  0.61889003  1.83192036  1.52862730  1.97008547  1.52649421  1.72699812  0.00000000  1.09569933  1.88840470  1.67977299  0.74109653  1.88525561  1.05210673  1.78077803  0.63540389  1.91451496  1.57718299
10    1.98847137  1.95212111  1.59499039  1.05930189  1.87288812  1.00621089  1.98036837  1.28652748  1.44937453  1.09569933  0.00000000  1.81033900  1.41101880  0.87388449  1.78526231  1.05542723  1.58126275  1.29716889  1.88970086  1.36532256
11    2.00078797  1.01661175  1.35269873  1.90147115  1.70557580  1.72759385  1.84752346  1.75634152  1.57622507  1.88840470  1.81033900  0.00000000  1.61864830  1.87811393  1.84075174  1.78288078  1.42941869  1.39647909  1.32491448  1.69998239
12    1.95500956  1.98890768  1.05627239  1.73737535  1.94823755  1.11469724  1.96258623  1.05622534  0.56318477  1.67977299  1.41101880  1.61864830  0.00000000  1.65372998  1.43037023  1.30970915  0.93720234  1.66254086  1.77996427  1.15077040
13    1.99133486  1.93372163  1.79365305  0.52128195  1.83533039  1.43523652  1.97849204  1.53910737  1.68904516  0.74109653  0.87388449  1.87811393  1.65372998  0.00000000  1.87738872  0.69149671  1.75323246  1.06164184  1.91264804  1.58790456
14    0.94728407  2.00562967  1.59032357  1.90913817  1.98862835  1.67278689  1.44449627  1.64387344  1.35610802  1.88525561  1.78526231  1.84075174  1.43037023  1.87738872  0.00000000  1.71294674  1.52650054  1.87270918  1.30079143  1.59905520
15    1.98847138  1.95212103  1.52582681  0.91571781  1.87288797  1.34739058  1.98036836  1.45603677  1.22934491  1.05210673  1.05542723  1.78288078  1.30970915  0.69149671  1.71294674  0.00000000  1.41895466  1.25812485  1.86264826  1.50915414
16    1.99054454  1.52620073  1.22161368  1.81249825  1.84318719  1.37130813  1.92472646  1.46018042  0.68212601  1.78077803  1.58126275  1.42941869  0.93720234  1.75323246  1.52650054  1.41895466  0.00000000  1.68172362  1.52631289  1.46881958
17    1.98657854  1.67393768  1.68982872  0.98047233  1.79630159  1.58471949  1.93553307  1.59129223  1.68449254  0.63540389  1.29716889  1.39647909  1.66254086  1.06164184  1.87270918  1.25812485  1.68172362  0.00000000  1.74829616  1.61180231
18    1.61485599  0.82632831  1.84701144  1.92055631  1.70188166  1.86168508  1.63998098  1.85345476  1.75414887  1.91451496  1.88970086  1.32491448  1.77996427  1.91264804  1.30079143  1.86264826  1.52631289  1.74829616  0.00000000  1.61515678
19    1.83368790  1.82817488  1.47455070  1.66461283  1.89870074  1.09357633  1.85877816  0.26759057  1.33826590  1.57718299  1.36532256  1.69998239  1.15077040  1.58790456  1.59905520  1.50915414  1.46881958  1.61180231  1.61515678  0.00000000

--------------------------------------------------------------------------------
n=19
(result of R-step: (7,18:19)0.86936579)
V=[0, 1, 2, 3, 4, 5, 6, 7, 8, 9, 10, 11, 12, 13, 14, 15, 16, 17, 18]
total successes of this branch: 3
Matrix on 19 elements:

0    0.00000000  2.01384665  1.98095353  1.99232170  2.00934355  1.98497538  1.11783523  1.85192412  1.98225763  1.98099994  1.98847137  2.00078797  1.95500956  1.99133486  0.94728407  1.98847138  1.99054454  1.98657854  1.60020969
1    2.01384665  0.00000000  2.00042722  1.92738063  1.53050050  1.97458469  1.75681719  1.96406985  1.99204769  1.93200252  1.95212111  1.01661175  1.98890768  1.93372163  2.00562967  1.95212103  1.52620073  1.67393768  0.81168201
2    1.98095353  2.00042722  0.00000000  1.86211802  1.97149246  1.35244683  1.98529449  1.40393704  0.94464452  1.82218528  1.59499039  1.35269873  1.05627239  1.79365305  1.59032357  1.52582681  1.22161368  1.68982872  1.83236514
3    1.99232170  1.92738063  1.86211802  0.00000000  1.82238689  1.58309129  1.97784540  1.61150749  1.77164267  0.61889003  1.05930189  1.90147115  1.73737535  0.52128195  1.90913817  0.91571781  1.81249825  0.98047233  1.90591001
4    2.00934355  1.53050050  1.97149246  1.82238689  0.00000000  1.91874167  1.90260252  1.91362922  1.95438784  1.83192036  1.87288812  1.70557580  1.94823755  1.83533039  1.98862835  1.87288797  1.84318719  1.79630159  1.68723536
5    1.98497538  1.97458469  1.35244683  1.58309129  1.91874167  0.00000000  1.98265914  0.96351109  1.15676512  1.52862730  1.00621089  1.72759385  1.11469724  1.43523652  1.67278689  1.34739058  1.37130813  1.58471949  1.84703878
6    1.11783523  1.75681719  1.98529449  1.97784540  1.90260252  1.98265914  0.00000000  1.87700915  1.98443997  1.97008547  1.98036837  1.84752346  1.96258623  1.97849204  1.44449627  1.98036836  1.92472646  1.93553307  1.62533468
7    1.85192412  1.96406985  1.40393704  1.61150749  1.91362922  0.96351109  1.87700915  0.00000000  1.26112745  1.51184791  1.27188118  1.74169522  1.04157904  1.52446108  1.62922715  1.44139047  1.44553412  1.57664593  1.82416216
8    1.98225763  1.99204769  0.94464452  1.77164267  1.95438784  1.15676512  1.98443997  1.26112745  0.00000000  1.72699812  1.44937453  1.57622507  0.56318477  1.68904516  1.35610802  1.22934491  0.68212601  1.68449254  1.73950257
9    1.98099994  1.93200252  1.82218528  0.61889003  1.83192036  1.52862730  1.97008547  1.51184791  1.72699812  0.00000000  1.09569933  1.88840470  1.67977299  0.74109653  1.88525561  1.05210673  1.78077803  0.63540389  1.89986866
10    1.98847137  1.95212111  1.59499039  1.05930189  1.87288812  1.00621089  1.98036837  1.27188118  1.44937453  1.09569933  0.00000000  1.81033900  1.41101880  0.87388449  1.78526231  1.05542723  1.58126275  1.29716889  1.87505456
11    2.00078797  1.01661175  1.35269873  1.90147115  1.70557580  1.72759385  1.84752346  1.74169522  1.57622507  1.88840470  1.81033900  0.00000000  1.61864830  1.87811393  1.84075174  1.78288078  1.42941869  1.39647909  1.31026818
12    1.95500956  1.98890768  1.05627239  1.73737535  1.94823755  1.11469724  1.96258623  1.04157904  0.56318477  1.67977299  1.41101880  1.61864830  0.00000000  1.65372998  1.43037023  1.30970915  0.93720234  1.66254086  1.76531797
13    1.99133486  1.93372163  1.79365305  0.52128195  1.83533039  1.43523652  1.97849204  1.52446108  1.68904516  0.74109653  0.87388449  1.87811393  1.65372998  0.00000000  1.87738872  0.69149671  1.75323246  1.06164184  1.89800174
14    0.94728407  2.00562967  1.59032357  1.90913817  1.98862835  1.67278689  1.44449627  1.62922715  1.35610802  1.88525561  1.78526231  1.84075174  1.43037023  1.87738872  0.00000000  1.71294674  1.52650054  1.87270918  1.28614513
15    1.98847138  1.95212103  1.52582681  0.91571781  1.87288797  1.34739058  1.98036836  1.44139047  1.22934491  1.05210673  1.05542723  1.78288078  1.30970915  0.69149671  1.71294674  0.00000000  1.41895466  1.25812485  1.84800196
16    1.99054454  1.52620073  1.22161368  1.81249825  1.84318719  1.37130813  1.92472646  1.44553412  0.68212601  1.78077803  1.58126275  1.42941869  0.93720234  1.75323246  1.52650054  1.41895466  0.00000000  1.68172362  1.51166659
17    1.98657854  1.67393768  1.68982872  0.98047233  1.79630159  1.58471949  1.93553307  1.57664593  1.68449254  0.63540389  1.29716889  1.39647909  1.66254086  1.06164184  1.87270918  1.25812485  1.68172362  0.00000000  1.73364986
18    1.60020969  0.81168201  1.83236514  1.90591001  1.68723536  1.84703878  1.62533468  1.82416216  1.73950257  1.89986866  1.87505456  1.31026818  1.76531797  1.89800174  1.28614513  1.84800196  1.51166659  1.73364986  0.00000000

--------------------------------------------------------------------------------
n=18
(result of R-step: (1,14:18)0.62590976)
V=[0, 1, 2, 3, 4, 5, 6, 7, 8, 9, 10, 11, 12, 13, 14, 15, 16, 17]
total successes of this branch: 3
Matrix on 18 elements:

0    0.00000000  1.95310161  1.98095353  1.99232170  2.00934355  1.98497538  1.11783523  1.85192412  1.98225763  1.98099994  1.98847137  2.00078797  1.95500956  1.99133486  0.88653904  1.98847138  1.99054454  1.98657854
1    1.95310161  0.00000000  1.93968218  1.86663560  1.46975546  1.91383965  1.69607216  1.90332481  1.93130266  1.87125749  1.89137607  0.95586672  1.92816265  1.87297660  1.88413960  1.89137600  1.46545570  1.61319264
2    1.98095353  1.93968218  0.00000000  1.86211802  1.97149246  1.35244683  1.98529449  1.40393704  0.94464452  1.82218528  1.59499039  1.35269873  1.05627239  1.79365305  1.52957853  1.52582681  1.22161368  1.68982872
3    1.99232170  1.86663560  1.86211802  0.00000000  1.82238689  1.58309129  1.97784540  1.61150749  1.77164267  0.61889003  1.05930189  1.90147115  1.73737535  0.52128195  1.84839314  0.91571781  1.81249825  0.98047233
4    2.00934355  1.46975546  1.97149246  1.82238689  0.00000000  1.91874167  1.90260252  1.91362922  1.95438784  1.83192036  1.87288812  1.70557580  1.94823755  1.83533039  1.92788332  1.87288797  1.84318719  1.79630159
5    1.98497538  1.91383965  1.35244683  1.58309129  1.91874167  0.00000000  1.98265914  0.96351109  1.15676512  1.52862730  1.00621089  1.72759385  1.11469724  1.43523652  1.61204186  1.34739058  1.37130813  1.58471949
6    1.11783523  1.69607216  1.98529449  1.97784540  1.90260252  1.98265914  0.00000000  1.87700915  1.98443997  1.97008547  1.98036837  1.84752346  1.96258623  1.97849204  1.38375123  1.98036836  1.92472646  1.93553307
7    1.85192412  1.90332481  1.40393704  1.61150749  1.91362922  0.96351109  1.87700915  0.00000000  1.26112745  1.51184791  1.27188118  1.74169522  1.04157904  1.52446108  1.56848211  1.44139047  1.44553412  1.57664593
8    1.98225763  1.93130266  0.94464452  1.77164267  1.95438784  1.15676512  1.98443997  1.26112745  0.00000000  1.72699812  1.44937453  1.57622507  0.56318477  1.68904516  1.29536299  1.22934491  0.68212601  1.68449254
9    1.98099994  1.87125749  1.82218528  0.61889003  1.83192036  1.52862730  1.97008547  1.51184791  1.72699812  0.00000000  1.09569933  1.88840470  1.67977299  0.74109653  1.82451057  1.05210673  1.78077803  0.63540389
10    1.98847137  1.89137607  1.59499039  1.05930189  1.87288812  1.00621089  1.98036837  1.27188118  1.44937453  1.09569933  0.00000000  1.81033900  1.41101880  0.87388449  1.72451728  1.05542723  1.58126275  1.29716889
11    2.00078797  0.95586672  1.35269873  1.90147115  1.70557580  1.72759385  1.84752346  1.74169522  1.57622507  1.88840470  1.81033900  0.00000000  1.61864830  1.87811393  1.78000670  1.78288078  1.42941869  1.39647909
12    1.95500956  1.92816265  1.05627239  1.73737535  1.94823755  1.11469724  1.96258623  1.04157904  0.56318477  1.67977299  1.41101880  1.61864830  0.00000000  1.65372998  1.36962519  1.30970915  0.93720234  1.66254086
13    1.99133486  1.87297660  1.79365305  0.52128195  1.83533039  1.43523652  1.97849204  1.52446108  1.68904516  0.74109653  0.87388449  1.87811393  1.65372998  0.00000000  1.81664368  0.69149671  1.75323246  1.06164184
14    0.88653904  1.88413960  1.52957853  1.84839314  1.92788332  1.61204186  1.38375123  1.56848211  1.29536299  1.82451057  1.72451728  1.78000670  1.36962519  1.81664368  0.00000000  1.65220170  1.46575550  1.81196414
15    1.98847138  1.89137600  1.52582681  0.91571781  1.87288797  1.34739058  1.98036836  1.44139047  1.22934491  1.05210673  1.05542723  1.78288078  1.30970915  0.69149671  1.65220170  0.00000000  1.41895466  1.25812485
16    1.99054454  1.46545570  1.22161368  1.81249825  1.84318719  1.37130813  1.92472646  1.44553412  0.68212601  1.78077803  1.58126275  1.42941869  0.93720234  1.75323246  1.46575550  1.41895466  0.00000000  1.68172362
17    1.98657854  1.61319264  1.68982872  0.98047233  1.79630159  1.58471949  1.93553307  1.57664593  1.68449254  0.63540389  1.29716889  1.39647909  1.66254086  1.06164184  1.81196414  1.25812485  1.68172362  0.00000000

--------------------------------------------------------------------------------
n=17
(result of R-step: (1,8:16)0.26233539)
V=[0, 1, 2, 3, 4, 5, 6, 7, 8, 9, 10, 11, 12, 13, 14, 15, 17]
total successes of this branch: 3
Matrix on 17 elements:

0    0.00000000  1.90570712  1.98095353  1.99232170  2.00934355  1.98497538  1.11783523  1.85192412  1.87411810  1.98099994  1.98847137  2.00078797  1.95500956  1.99133486  0.88653904  1.98847138  1.98657854
1    1.90570712  0.00000000  1.89228769  1.81924111  1.42236097  1.86644516  1.64867766  1.85593032  1.77576864  1.82386299  1.84398158  0.90847222  1.88076815  1.82558210  1.83674511  1.84398151  1.56579815
2    1.98095353  1.89228769  0.00000000  1.86211802  1.97149246  1.35244683  1.98529449  1.40393704  0.83650499  1.82218528  1.59499039  1.35269873  1.05627239  1.79365305  1.52957853  1.52582681  1.68982872
3    1.99232170  1.81924111  1.86211802  0.00000000  1.82238689  1.58309129  1.97784540  1.61150749  1.66350314  0.61889003  1.05930189  1.90147115  1.73737535  0.52128195  1.84839314  0.91571781  0.98047233
4    2.00934355  1.42236097  1.97149246  1.82238689  0.00000000  1.91874167  1.90260252  1.91362922  1.84624831  1.83192036  1.87288812  1.70557580  1.94823755  1.83533039  1.92788332  1.87288797  1.79630159
5    1.98497538  1.86644516  1.35244683  1.58309129  1.91874167  0.00000000  1.98265914  0.96351109  1.04862559  1.52862730  1.00621089  1.72759385  1.11469724  1.43523652  1.61204186  1.34739058  1.58471949
6    1.11783523  1.64867766  1.98529449  1.97784540  1.90260252  1.98265914  0.00000000  1.87700915  1.87630045  1.97008547  1.98036837  1.84752346  1.96258623  1.97849204  1.38375123  1.98036836  1.93553307
7    1.85192412  1.85593032  1.40393704  1.61150749  1.91362922  0.96351109  1.87700915  0.00000000  1.15298792  1.51184791  1.27188118  1.74169522  1.04157904  1.52446108  1.56848211  1.44139047  1.57664593
8    1.87411810  1.77576864  0.83650499  1.66350314  1.84624831  1.04862559  1.87630045  1.15298792  0.00000000  1.61885860  1.34123500  1.46808555  0.45504524  1.58090563  1.18722346  1.12120538  1.57635301
9    1.98099994  1.82386299  1.82218528  0.61889003  1.83192036  1.52862730  1.97008547  1.51184791  1.61885860  0.00000000  1.09569933  1.88840470  1.67977299  0.74109653  1.82451057  1.05210673  0.63540389
10    1.98847137  1.84398158  1.59499039  1.05930189  1.87288812  1.00621089  1.98036837  1.27188118  1.34123500  1.09569933  0.00000000  1.81033900  1.41101880  0.87388449  1.72451728  1.05542723  1.29716889
11    2.00078797  0.90847222  1.35269873  1.90147115  1.70557580  1.72759385  1.84752346  1.74169522  1.46808555  1.88840470  1.81033900  0.00000000  1.61864830  1.87811393  1.78000670  1.78288078  1.39647909
12    1.95500956  1.88076815  1.05627239  1.73737535  1.94823755  1.11469724  1.96258623  1.04157904  0.45504524  1.67977299  1.41101880  1.61864830  0.00000000  1.65372998  1.36962519  1.30970915  1.66254086
13    1.99133486  1.82558210  1.79365305  0.52128195  1.83533039  1.43523652  1.97849204  1.52446108  1.58090563  0.74109653  0.87388449  1.87811393  1.65372998  0.00000000  1.81664368  0.69149671  1.06164184
14    0.88653904  1.83674511  1.52957853  1.84839314  1.92788332  1.61204186  1.38375123  1.56848211  1.18722346  1.82451057  1.72451728  1.78000670  1.36962519  1.81664368  0.00000000  1.65220170  1.81196414
15    1.98847138  1.84398151  1.52582681  0.91571781  1.87288797  1.34739058  1.98036836  1.44139047  1.12120538  1.05210673  1.05542723  1.78288078  1.30970915  0.69149671  1.65220170  0.00000000  1.25812485
17    1.98657854  1.56579815  1.68982872  0.98047233  1.79630159  1.58471949  1.93553307  1.57664593  1.57635301  0.63540389  1.29716889  1.39647909  1.66254086  1.06164184  1.81196414  1.25812485  0.00000000

--------------------------------------------------------------------------------
n=16
(result of R-step: (8,13:15)0.31545765)
V=[0, 1, 2, 3, 4, 5, 6, 7, 8, 9, 10, 11, 12, 13, 14, 17]
total successes of this branch: 3
Matrix on 16 elements:

0    0.00000000  1.90570712  1.98095353  1.99232170  2.00934355  1.98497538  1.11783523  1.85192412  1.86635940  1.98099994  1.98847137  2.00078797  1.95500956  1.87543663  0.88653904  1.98657854
1    1.90570712  0.00000000  1.89228769  1.81924111  1.42236097  1.86644516  1.64867766  1.85593032  1.76800993  1.82386299  1.84398158  0.90847222  1.88076815  1.70968387  1.83674511  1.56579815
2    1.98095353  1.89228769  0.00000000  1.86211802  1.97149246  1.35244683  1.98529449  1.40393704  0.82874629  1.82218528  1.59499039  1.35269873  1.05627239  1.67775482  1.52957853  1.68982872
3    1.99232170  1.81924111  1.86211802  0.00000000  1.82238689  1.58309129  1.97784540  1.61150749  1.65574444  0.61889003  1.05930189  1.90147115  1.73737535  0.40538372  1.84839314  0.98047233
4    2.00934355  1.42236097  1.97149246  1.82238689  0.00000000  1.91874167  1.90260252  1.91362922  1.83848961  1.83192036  1.87288812  1.70557580  1.94823755  1.71943216  1.92788332  1.79630159
5    1.98497538  1.86644516  1.35244683  1.58309129  1.91874167  0.00000000  1.98265914  0.96351109  1.04086689  1.52862730  1.00621089  1.72759385  1.11469724  1.31933829  1.61204186  1.58471949
6    1.11783523  1.64867766  1.98529449  1.97784540  1.90260252  1.98265914  0.00000000  1.87700915  1.86854174  1.97008547  1.98036837  1.84752346  1.96258623  1.86259381  1.38375123  1.93553307
7    1.85192412  1.85593032  1.40393704  1.61150749  1.91362922  0.96351109  1.87700915  0.00000000  1.14522922  1.51184791  1.27188118  1.74169522  1.04157904  1.40856285  1.56848211  1.57664593
8    1.86635940  1.76800993  0.82874629  1.65574444  1.83848961  1.04086689  1.86854174  1.14522922  0.00000000  1.61109989  1.33347630  1.46032684  0.44728654  1.45724870  1.17946476  1.56859431
9    1.98099994  1.82386299  1.82218528  0.61889003  1.83192036  1.52862730  1.97008547  1.51184791  1.61109989  0.00000000  1.09569933  1.88840470  1.67977299  0.62519830  1.82451057  0.63540389
10    1.98847137  1.84398158  1.59499039  1.05930189  1.87288812  1.00621089  1.98036837  1.27188118  1.33347630  1.09569933  0.00000000  1.81033900  1.41101880  0.75798626  1.72451728  1.29716889
11    2.00078797  0.90847222  1.35269873  1.90147115  1.70557580  1.72759385  1.84752346  1.74169522  1.46032684  1.88840470  1.81033900  0.00000000  1.61864830  1.76221570  1.78000670  1.39647909
12    1.95500956  1.88076815  1.05627239  1.73737535  1.94823755  1.11469724  1.96258623  1.04157904  0.44728654  1.67977299  1.41101880  1.61864830  0.00000000  1.53783175  1.36962519  1.66254086
13    1.87543663  1.70968387  1.67775482  0.40538372  1.71943216  1.31933829  1.86259381  1.40856285  1.45724870  0.62519830  0.75798626  1.76221570  1.53783175  0.00000000  1.70074545  0.94574361
14    0.88653904  1.83674511  1.52957853  1.84839314  1.92788332  1.61204186  1.38375123  1.56848211  1.17946476  1.82451057  1.72451728  1.78000670  1.36962519  1.70074545  0.00000000  1.81196414
17    1.98657854  1.56579815  1.68982872  0.98047233  1.79630159  1.58471949  1.93553307  1.57664593  1.56859431  0.63540389  1.29716889  1.39647909  1.66254086  0.94574361  1.81196414  0.00000000

--------------------------------------------------------------------------------
n=15
(result of R-step: (0,8:14)0.62305648)
V=[0, 1, 2, 3, 4, 5, 6, 7, 8, 9, 10, 11, 12, 13, 17]
total successes of this branch: 3
Matrix on 15 elements:

0    0.00000000  1.74513988  1.82038629  1.83175447  1.84877632  1.82440814  0.95726799  1.69135688  1.66112315  1.82043271  1.82790413  1.84022073  1.79444232  1.71486940  1.82601130
1    1.74513988  0.00000000  1.89228769  1.81924111  1.42236097  1.86644516  1.64867766  1.85593032  1.72334093  1.82386299  1.84398158  0.90847222  1.88076815  1.70968387  1.56579815
2    1.82038629  1.89228769  0.00000000  1.86211802  1.97149246  1.35244683  1.98529449  1.40393704  0.78407728  1.82218528  1.59499039  1.35269873  1.05627239  1.67775482  1.68982872
3    1.83175447  1.81924111  1.86211802  0.00000000  1.82238689  1.58309129  1.97784540  1.61150749  1.61107543  0.61889003  1.05930189  1.90147115  1.73737535  0.40538372  0.98047233
4    1.84877632  1.42236097  1.97149246  1.82238689  0.00000000  1.91874167  1.90260252  1.91362922  1.79382060  1.83192036  1.87288812  1.70557580  1.94823755  1.71943216  1.79630159
5    1.82440814  1.86644516  1.35244683  1.58309129  1.91874167  0.00000000  1.98265914  0.96351109  0.99619788  1.52862730  1.00621089  1.72759385  1.11469724  1.31933829  1.58471949
6    0.95726799  1.64867766  1.98529449  1.97784540  1.90260252  1.98265914  0.00000000  1.87700915  1.82387274  1.97008547  1.98036837  1.84752346  1.96258623  1.86259381  1.93553307
7    1.69135688  1.85593032  1.40393704  1.61150749  1.91362922  0.96351109  1.87700915  0.00000000  1.10056021  1.51184791  1.27188118  1.74169522  1.04157904  1.40856285  1.57664593
8    1.66112315  1.72334093  0.78407728  1.61107543  1.79382060  0.99619788  1.82387274  1.10056021  0.00000000  1.56643089  1.28880729  1.41565784  0.40261753  1.41257970  1.52392530
9    1.82043271  1.82386299  1.82218528  0.61889003  1.83192036  1.52862730  1.97008547  1.51184791  1.56643089  0.00000000  1.09569933  1.88840470  1.67977299  0.62519830  0.63540389
10    1.82790413  1.84398158  1.59499039  1.05930189  1.87288812  1.00621089  1.98036837  1.27188118  1.28880729  1.09569933  0.00000000  1.81033900  1.41101880  0.75798626  1.29716889
11    1.84022073  0.90847222  1.35269873  1.90147115  1.70557580  1.72759385  1.84752346  1.74169522  1.41565784  1.88840470  1.81033900  0.00000000  1.61864830  1.76221570  1.39647909
12    1.79444232  1.88076815  1.05627239  1.73737535  1.94823755  1.11469724  1.96258623  1.04157904  0.40261753  1.67977299  1.41101880  1.61864830  0.00000000  1.53783175  1.66254086
13    1.71486940  1.70968387  1.67775482  0.40538372  1.71943216  1.31933829  1.86259381  1.40856285  1.41257970  0.62519830  0.75798626  1.76221570  1.53783175  0.00000000  0.94574361
17    1.82601130  1.56579815  1.68982872  0.98047233  1.79630159  1.58471949  1.93553307  1.57664593  1.52392530  0.63540389  1.29716889  1.39647909  1.66254086  0.94574361  0.00000000

--------------------------------------------------------------------------------
n=14
(result of R-step: (3,10:13)0.74369943)
V=[0, 1, 2, 3, 4, 5, 6, 7, 8, 9, 10, 11, 12, 17]
total successes of this branch: 3
Matrix on 14 elements:

0    0.00000000  1.74513988  1.82038629  1.66382219  1.84877632  1.82440814  0.95726799  1.69135688  1.66112315  1.82043271  1.65997185  1.84022073  1.79444232  1.82601130
1    1.74513988  0.00000000  1.89228769  1.65130883  1.42236097  1.86644516  1.64867766  1.85593032  1.72334093  1.82386299  1.67604930  0.90847222  1.88076815  1.56579815
2    1.82038629  1.89228769  0.00000000  1.69418574  1.97149246  1.35244683  1.98529449  1.40393704  0.78407728  1.82218528  1.42705811  1.35269873  1.05627239  1.68982872
3    1.66382219  1.65130883  1.69418574  0.00000000  1.65445461  1.41515901  1.80991312  1.44357521  1.44314315  0.45095775  0.72343733  1.73353887  1.56944307  0.81254005
4    1.84877632  1.42236097  1.97149246  1.65445461  0.00000000  1.91874167  1.90260252  1.91362922  1.79382060  1.83192036  1.70495585  1.70557580  1.94823755  1.79630159
5    1.82440814  1.86644516  1.35244683  1.41515901  1.91874167  0.00000000  1.98265914  0.96351109  0.99619788  1.52862730  0.83827861  1.72759385  1.11469724  1.58471949
6    0.95726799  1.64867766  1.98529449  1.80991312  1.90260252  1.98265914  0.00000000  1.87700915  1.82387274  1.97008547  1.81243609  1.84752346  1.96258623  1.93553307
7    1.69135688  1.85593032  1.40393704  1.44357521  1.91362922  0.96351109  1.87700915  0.00000000  1.10056021  1.51184791  1.10394890  1.74169522  1.04157904  1.57664593
8    1.66112315  1.72334093  0.78407728  1.44314315  1.79382060  0.99619788  1.82387274  1.10056021  0.00000000  1.56643089  1.12087502  1.41565784  0.40261753  1.52392530
9    1.82043271  1.82386299  1.82218528  0.45095775  1.83192036  1.52862730  1.97008547  1.51184791  1.56643089  0.00000000  0.92776706  1.88840470  1.67977299  0.63540389
10    1.65997185  1.67604930  1.42705811  0.72343733  1.70495585  0.83827861  1.81243609  1.10394890  1.12087502  0.92776706  0.00000000  1.64240672  1.24308652  1.12923661
11    1.84022073  0.90847222  1.35269873  1.73353887  1.70557580  1.72759385  1.84752346  1.74169522  1.41565784  1.88840470  1.64240672  0.00000000  1.61864830  1.39647909
12    1.79444232  1.88076815  1.05627239  1.56944307  1.94823755  1.11469724  1.96258623  1.04157904  0.40261753  1.67977299  1.24308652  1.61864830  0.00000000  1.66254086
17    1.82601130  1.56579815  1.68982872  0.81254005  1.79630159  1.58471949  1.93553307  1.57664593  1.52392530  0.63540389  1.12923661  1.39647909  1.66254086  0.00000000

--------------------------------------------------------------------------------
n=13
(result of R-step: (3,5:10)0.47588241)
V=[0, 1, 2, 3, 4, 5, 6, 7, 8, 9, 11, 12, 17]
total successes of this branch: 3
Matrix on 13 elements:

0    0.00000000  1.74513988  1.82038629  1.59054372  1.84877632  1.58319740  0.95726799  1.69135688  1.66112315  1.82043271  1.84022073  1.79444232  1.82601130
1    1.74513988  0.00000000  1.89228769  1.57803036  1.42236097  1.62523441  1.64867766  1.85593032  1.72334093  1.82386299  0.90847222  1.88076815  1.56579815
2    1.82038629  1.89228769  0.00000000  1.62090727  1.97149246  1.11123608  1.98529449  1.40393704  0.78407728  1.82218528  1.35269873  1.05627239  1.68982872
3    1.59054372  1.57803036  1.62090727  0.00000000  1.58117615  1.10066980  1.73663466  1.37029674  1.36986469  0.37767929  1.66026041  1.49616460  0.73926158
4    1.84877632  1.42236097  1.97149246  1.58117615  0.00000000  1.67753092  1.90260252  1.91362922  1.79382060  1.83192036  1.70557580  1.94823755  1.79630159
5    1.58319740  1.62523441  1.11123608  1.10066980  1.67753092  0.00000000  1.74144840  0.72230035  0.75498714  1.28741656  1.48638310  0.87348649  1.34350874
6    0.95726799  1.64867766  1.98529449  1.73663466  1.90260252  1.74144840  0.00000000  1.87700915  1.82387274  1.97008547  1.84752346  1.96258623  1.93553307
7    1.69135688  1.85593032  1.40393704  1.37029674  1.91362922  0.72230035  1.87700915  0.00000000  1.10056021  1.51184791  1.74169522  1.04157904  1.57664593
8    1.66112315  1.72334093  0.78407728  1.36986469  1.79382060  0.75498714  1.82387274  1.10056021  0.00000000  1.56643089  1.41565784  0.40261753  1.52392530
9    1.82043271  1.82386299  1.82218528  0.37767929  1.83192036  1.28741656  1.97008547  1.51184791  1.56643089  0.00000000  1.88840470  1.67977299  0.63540389
11    1.84022073  0.90847222  1.35269873  1.66026041  1.70557580  1.48638310  1.84752346  1.74169522  1.41565784  1.88840470  0.00000000  1.61864830  1.39647909
12    1.79444232  1.88076815  1.05627239  1.49616460  1.94823755  0.87348649  1.96258623  1.04157904  0.40261753  1.67977299  1.61864830  0.00000000  1.66254086
17    1.82601130  1.56579815  1.68982872  0.73926158  1.79630159  1.34350874  1.93553307  1.57664593  1.52392530  0.63540389  1.39647909  1.66254086  0.00000000

--------------------------------------------------------------------------------
n=12
(result of R-step: (7,8:12)0.23553224)
V=[0, 1, 2, 3, 4, 5, 6, 7, 8, 9, 11, 17]
total successes of this branch: 3
Matrix on 12 elements:

0    0.00000000  1.74513988  1.82038629  1.59054372  1.84877632  1.58319740  0.95726799  1.53418500  1.64987221  1.82043271  1.84022073  1.82601130
1    1.74513988  0.00000000  1.89228769  1.57803036  1.42236097  1.62523441  1.64867766  1.69875844  1.71208998  1.82386299  0.90847222  1.56579815
2    1.82038629  1.89228769  0.00000000  1.62090727  1.97149246  1.11123608  1.98529449  1.24676515  0.77282634  1.82218528  1.35269873  1.68982872
3    1.59054372  1.57803036  1.62090727  0.00000000  1.58117615  1.10066980  1.73663466  1.21312486  1.35861374  0.37767929  1.66026041  0.73926158
4    1.84877632  1.42236097  1.97149246  1.58117615  0.00000000  1.67753092  1.90260252  1.75645734  1.78256966  1.83192036  1.70557580  1.79630159
5    1.58319740  1.62523441  1.11123608  1.10066980  1.67753092  0.00000000  1.74144840  0.56512846  0.74373619  1.28741656  1.48638310  1.34350874
6    0.95726799  1.64867766  1.98529449  1.73663466  1.90260252  1.74144840  0.00000000  1.71983727  1.81262179  1.97008547  1.84752346  1.93553307
7    1.53418500  1.69875844  1.24676515  1.21312486  1.75645734  0.56512846  1.71983727  0.00000000  0.93213739  1.35467603  1.58452334  1.41947405
8    1.64987221  1.71208998  0.77282634  1.35861374  1.78256966  0.74373619  1.81262179  0.93213739  0.00000000  1.55517994  1.40440689  1.51267436
9    1.82043271  1.82386299  1.82218528  0.37767929  1.83192036  1.28741656  1.97008547  1.35467603  1.55517994  0.00000000  1.88840470  0.63540389
11    1.84022073  0.90847222  1.35269873  1.66026041  1.70557580  1.48638310  1.84752346  1.58452334  1.40440689  1.88840470  0.00000000  1.39647909
17    1.82601130  1.56579815  1.68982872  0.73926158  1.79630159  1.34350874  1.93553307  1.41947405  1.51267436  0.63540389  1.39647909  0.00000000

--------------------------------------------------------------------------------
n=11
(result of R-step: (9,11:17)0.71808232)
V=[0, 1, 2, 3, 4, 5, 6, 7, 8, 9, 11]
total successes of this branch: 3
Matrix on 11 elements:

0    0.00000000  1.74513988  1.82038629  1.59054372  1.84877632  1.58319740  0.95726799  1.53418500  1.64987221  1.74869357  1.76848159
1    1.74513988  0.00000000  1.89228769  1.57803036  1.42236097  1.62523441  1.64867766  1.69875844  1.71208998  1.75212385  0.83673308
2    1.82038629  1.89228769  0.00000000  1.62090727  1.97149246  1.11123608  1.98529449  1.24676515  0.77282634  1.75044614  1.28095959
3    1.59054372  1.57803036  1.62090727  0.00000000  1.58117615  1.10066980  1.73663466  1.21312486  1.35861374  0.30594015  1.58852127
4    1.84877632  1.42236097  1.97149246  1.58117615  0.00000000  1.67753092  1.90260252  1.75645734  1.78256966  1.76018122  1.63383666
5    1.58319740  1.62523441  1.11123608  1.10066980  1.67753092  0.00000000  1.74144840  0.56512846  0.74373619  1.21567742  1.41464396
6    0.95726799  1.64867766  1.98529449  1.73663466  1.90260252  1.74144840  0.00000000  1.71983727  1.81262179  1.89834633  1.77578432
7    1.53418500  1.69875844  1.24676515  1.21312486  1.75645734  0.56512846  1.71983727  0.00000000  0.93213739  1.28293689  1.51278420
8    1.64987221  1.71208998  0.77282634  1.35861374  1.78256966  0.74373619  1.81262179  0.93213739  0.00000000  1.48344080  1.33266775
9    1.74869357  1.75212385  1.75044614  0.30594015  1.76018122  1.21567742  1.89834633  1.28293689  1.48344080  0.00000000  1.74492642
11    1.76848159  0.83673308  1.28095959  1.58852127  1.63383666  1.41464396  1.77578432  1.51278420  1.33266775  1.74492642  0.00000000

--------------------------------------------------------------------------------
n=10
(result of R-step: (1,2:11)0.60299660)
V=[0, 1, 2, 3, 4, 5, 6, 7, 8, 9]
total successes of this branch: 3
Matrix on 10 elements:

0    0.00000000  1.66883778  1.63594466  1.59054372  1.84877632  1.58319740  0.95726799  1.53418500  1.64987221  1.74869357
1    1.66883778  0.00000000  1.63154396  1.50172826  1.34605887  1.54893231  1.57237556  1.62245634  1.63578788  1.67582175
2    1.63594466  1.63154396  0.00000000  1.43646564  1.78705083  0.92679446  1.80085287  1.06232352  0.58838471  1.56600451
3    1.59054372  1.50172826  1.43646564  0.00000000  1.58117615  1.10066980  1.73663466  1.21312486  1.35861374  0.30594015
4    1.84877632  1.34605887  1.78705083  1.58117615  0.00000000  1.67753092  1.90260252  1.75645734  1.78256966  1.76018122
5    1.58319740  1.54893231  0.92679446  1.10066980  1.67753092  0.00000000  1.74144840  0.56512846  0.74373619  1.21567742
6    0.95726799  1.57237556  1.80085287  1.73663466  1.90260252  1.74144840  0.00000000  1.71983727  1.81262179  1.89834633
7    1.53418500  1.62245634  1.06232352  1.21312486  1.75645734  0.56512846  1.71983727  0.00000000  0.93213739  1.28293689
8    1.64987221  1.63578788  0.58838471  1.35861374  1.78256966  0.74373619  1.81262179  0.93213739  0.00000000  1.48344080
9    1.74869357  1.67582175  1.56600451  0.30594015  1.76018122  1.21567742  1.89834633  1.28293689  1.48344080  0.00000000

--------------------------------------------------------------------------------
n=9
(result of R-step: (2,5:8)0.67574666)
V=[0, 1, 2, 3, 4, 5, 6, 7, 9]
total successes of this branch: 3
Matrix on 9 elements:

0    0.00000000  1.66883778  1.44590489  1.59054372  1.84877632  1.44992674  0.95726799  1.53418500  1.74869357
1    1.66883778  0.00000000  1.44150419  1.50172826  1.34605887  1.41566166  1.57237556  1.62245634  1.67582175
2    1.44590489  1.44150419  0.00000000  1.24642587  1.59701105  0.60348403  1.61081309  0.87228375  1.37596474
3    1.59054372  1.50172826  1.24642587  0.00000000  1.58117615  0.96739914  1.73663466  1.21312486  0.30594015
4    1.84877632  1.34605887  1.59701105  1.58117615  0.00000000  1.54426027  1.90260252  1.75645734  1.76018122
5    1.44992674  1.41566166  0.60348403  0.96739914  1.54426027  0.00000000  1.60817774  0.43185781  1.08240676
6    0.95726799  1.57237556  1.61081309  1.73663466  1.90260252  1.60817774  0.00000000  1.71983727  1.89834633
7    1.53418500  1.62245634  0.87228375  1.21312486  1.75645734  0.43185781  1.71983727  0.00000000  1.28293689
9    1.74869357  1.67582175  1.37596474  0.30594015  1.76018122  1.08240676  1.89834633  1.28293689  0.00000000

--------------------------------------------------------------------------------
n=8
(result of R-step: (3,7:9)0.90996705)
V=[0, 1, 2, 3, 4, 5, 6, 7]
total successes of this branch: 3
Matrix on 8 elements:

0    0.00000000  1.66883778  1.44590489  1.57213924  1.84877632  1.44992674  0.95726799  1.44638795
1    1.66883778  0.00000000  1.44150419  1.48332378  1.34605887  1.41566166  1.57237556  1.53465929
2    1.44590489  1.44150419  0.00000000  1.22802139  1.59701105  0.60348403  1.61081309  0.78448671
3    1.57213924  1.48332378  1.22802139  0.00000000  1.56277167  0.94899466  1.71823018  1.10692333
4    1.84877632  1.34605887  1.59701105  1.56277167  0.00000000  1.54426027  1.90260252  1.66866030
5    1.44992674  1.41566166  0.60348403  0.94899466  1.54426027  0.00000000  1.60817774  0.34406076
6    0.95726799  1.57237556  1.61081309  1.71823018  1.90260252  1.60817774  0.00000000  1.63204022
7    1.44638795  1.53465929  0.78448671  1.10692333  1.66866030  0.34406076  1.63204022  0.00000000

--------------------------------------------------------------------------------
n=7
(result of R-step: (0,5:7)0.10522800)
V=[0, 1, 2, 3, 4, 5, 6]
total successes of this branch: 3
Matrix on 7 elements:

0    0.00000000  1.39952880  1.17659591  1.30283026  1.57946734  1.12522295  0.68795901
1    1.39952880  0.00000000  1.44150419  1.48332378  1.34605887  1.36026684  1.57237556
2    1.17659591  1.44150419  0.00000000  1.22802139  1.59701105  0.54808921  1.61081309
3    1.30283026  1.48332378  1.22802139  0.00000000  1.56277167  0.89359985  1.71823018
4    1.57946734  1.34605887  1.59701105  1.56277167  0.00000000  1.48886545  1.90260252
5    1.12522295  1.36026684  0.54808921  0.89359985  1.48886545  0.00000000  1.55278293
6    0.68795901  1.57237556  1.61081309  1.71823018  1.90260252  1.55278293  0.00000000

--------------------------------------------------------------------------------
n=6
(result of R-step: (0,1:6)0.77708557)
V=[0, 1, 2, 3, 4, 5]
total successes of this branch: 3
Matrix on 6 elements:

0    0.00000000  1.15304087  1.17606924  1.30230359  1.57894067  1.12469628
1    1.15304087  0.00000000  1.19554293  1.23736252  1.10009761  1.11430559
2    1.17606924  1.19554293  0.00000000  1.22802139  1.59701105  0.54808921
3    1.30230359  1.23736252  1.22802139  0.00000000  1.56277167  0.89359985
4    1.57894067  1.10009761  1.59701105  1.56277167  0.00000000  1.48886545
5    1.12469628  1.11430559  0.54808921  0.89359985  1.48886545  0.00000000

--------------------------------------------------------------------------------
n=5
(result of R-step: (0,4:1)0.47396527)
V=[0, 2, 3, 4, 5]
total successes of this branch: 3
Matrix on 5 elements:

0    0.00000000  0.62284350  0.74907786  0.49942754  0.57147054
2    0.62284350  0.00000000  1.22802139  1.07072366  0.54808921
3    0.74907786  1.22802139  0.00000000  1.03648427  0.89359985
4    0.49942754  1.07072366  1.03648427  0.00000000  0.96257806
5    0.57147054  0.54808921  0.89359985  0.96257806  0.00000000

--------------------------------------------------------------------------------
n=4
(result of R-step: (0,2:3)0.63858151)
V=[0, 2, 4, 5]
total successes of this branch: 0
reason of abort: negative delta/dxy

--------------------------------------------------------------------------------
n=4
(result of R-step: (0,3:4)0.79942439)
V=[0, 2, 3, 5]
total successes of this branch: 1
Matrix on 4 elements:

0    0.00000000  0.60865545  0.45779497  0.55728249
2    0.60865545  0.00000000  0.95092656  0.54808921
3    0.45779497  0.95092656  0.00000000  0.61650502
5    0.55728249  0.54808921  0.61650502  0.00000000

--------------------------------------------------------------------------------
n=4
(result of R-step: (0,5:2)0.71015592)
V=[0, 3, 4, 5]
total successes of this branch: 0
reason of abort: negative delta/dxy

--------------------------------------------------------------------------------
n=4
(result of R-step: (2,3:5)0.64621850)
V=[0, 2, 3, 4]
total successes of this branch: 1
Matrix on 4 elements:

0    0.00000000  0.46061486  0.47198303  0.49942754
2    0.46061486  0.00000000  0.78869791  0.90849501
3    0.47198303  0.78869791  0.00000000  0.75938945
4    0.49942754  0.90849501  0.75938945  0.00000000

--------------------------------------------------------------------------------
n=4
(result of R-step: (2,4:0)0.17111660)
V=[2, 3, 4, 5]
total successes of this branch: 1
Matrix on 4 elements:

2    0.00000000  1.06579274  0.52461078  0.38586056
3    1.06579274  0.00000000  0.65260004  0.89359985
4    0.52461078  0.65260004  0.00000000  0.57869382
5    0.38586056  0.89359985  0.57869382  0.00000000

--------------------------------------------------------------------------------
n=4
(result of R-step: (2,4:3)0.59235114)
V=[0, 2, 4, 5]
total successes of this branch: 0
Matrix on 4 elements:

0    0.00000000  0.10372795  0.22260209  0.57147054
2    0.10372795  0.00000000  0.27478266  0.02897366
4    0.22260209  0.27478266  0.00000000  0.68575261
5    0.57147054  0.02897366  0.68575261  0.00000000
reason of abort: no pseudometric

--------------------------------------------------------------------------------
n=4
(result of R-step: (2,5:4)0.75933053)
V=[0, 2, 3, 5]
total successes of this branch: 0
reason of abort: negative delta/dxy

--------------------------------------------------------------------------------
n=4
(result of R-step: (3,5:0)0.88759368)
V=[2, 3, 4, 5]
total successes of this branch: 0
reason of abort: negative delta/dxy

--------------------------------------------------------------------------------
n=4
(result of R-step: (4,5:0)0.57742270)
V=[2, 3, 4, 5]
total successes of this branch: 0
Matrix on 4 elements:

2    0.00000000  1.22802139  0.79389821  0.26094314
3    1.22802139  0.00000000  0.75965882  0.60645378
4    0.79389821  0.75965882  0.00000000  0.39860654
5    0.26094314  0.60645378  0.39860654  0.00000000
reason of abort: no pseudometric

--------------------------------------------------------------------------------
n=4
(result of R-step: (4,5:3)0.84470137)
V=[0, 2, 4, 5]
total successes of this branch: 0
reason of abort: negative delta/dxy
