n=20
V=[0, 1, 2, 3, 4, 5, 6, 7, 8, 9, 10, 11, 12, 13, 14, 15, 16, 17, 18, 19]
total successes of this branch: 3
Matrix on 20 elements:

0    0.00000000  2.39817491  2.31857128  2.35928375  2.31986228  2.08336104  2.32328628  1.85863628  1.81930476  1.84860636  2.22571814  1.62049906  2.23520545  2.01290752  2.32289104  2.21464819  2.07045115  2.11121709  2.29370182  1.99689824
1    2.39817491  0.00000000  2.27527711  2.22588479  2.27371088  2.38123580  2.26955688  2.38438691  2.36373134  2.38879126  2.29172775  2.37897903  2.29438402  2.38270136  2.27003638  2.29457700  2.35664936  2.34124275  2.28560469  2.35033162
2    2.31857128  2.27527711  0.00000000  2.22809440  2.12221448  2.28096934  2.13141083  2.29681907  2.26423245  2.29774117  1.68584185  2.18935370  2.15374625  2.28422264  2.04625649  1.70380387  2.27489803  2.24492087  2.13977506  2.22219781
3    2.35928375  2.22588479  2.22809440  0.00000000  2.22462698  2.34120181  2.18908517  2.34436661  2.32201949  2.34926701  2.24556250  2.33879278  2.24701743  2.34276625  2.19235518  2.24860670  2.07635907  2.11858588  2.23752184  2.29909535
4    2.31986228  2.27371088  2.12221448  2.22462698  0.00000000  2.29262031  1.85096686  2.26240282  2.12833926  2.30477121  2.12335356  2.28899090  1.46937650  2.29497727  1.87370460  2.12867899  2.28328995  2.08189947  0.65636422  2.14664272
5    2.08336104  2.38123580  2.28096934  2.34120181  2.29262031  0.00000000  2.29683992  2.10654257  2.14127043  1.79180272  2.25498826  2.11422624  2.20265300  1.33950653  2.29550955  2.24139167  1.50591862  1.67831492  2.08911626  2.16281974
6    2.32328628  2.26955688  2.13141083  2.18908517  1.85096686  2.29683992  0.00000000  2.27096321  2.19257889  2.30863596  2.14278681  2.29331652  1.93318293  2.29912805  1.20072505  2.14765523  2.28084658  2.19482251  1.90028686  1.95223040
7    1.85863628  2.38438691  2.29681907  2.34436661  2.26240282  2.10654257  2.27096321  0.00000000  1.97037268  1.99596738  2.23610686  1.92707774  2.21454012  2.08509384  2.27313061  2.22905768  2.12816694  2.14953867  2.24516242  0.87972789
8    1.81930476  2.36373134  2.26423245  2.32201949  2.12833926  2.14127043  2.19257889  1.97037268  0.00000000  1.99766207  2.13208772  1.88879973  2.10486430  2.11341413  2.19858536  2.12814172  2.14806983  2.13737928  2.12976963  2.03833780
9    1.84860636  2.38879126  2.29774117  2.34926701  2.30477121  1.79180272  2.30863596  1.99596738  1.99766207  0.00000000  2.24193273  1.91875846  2.12183788  1.79671734  2.30772269  2.20581908  1.88851266  1.94624543  2.24802949  2.08881274
10    2.22571814  2.29172775  1.68584185  2.24556250  2.12335356  2.25498826  2.14278681  2.23610686  2.13208772  2.24193273  0.00000000  2.14139278  2.14465522  2.25245583  2.10448270  1.04778859  2.25131064  2.22492038  2.13791426  2.19690723
11    1.62049906  2.37897903  2.18935370  2.33879278  2.28899090  2.11422624  2.29331652  1.92707774  1.88879973  1.91875846  2.14139278  0.00000000  2.22248203  2.07150921  2.28460168  2.13485745  2.11591315  2.14228199  2.26965941  2.03355367
12    2.23520545  2.29438402  2.15374625  2.24701743  1.46937650  2.20265300  1.93318293  2.21454012  2.10486430  2.12183788  2.14465522  2.22248203  0.00000000  2.20546942  1.95167199  2.14398543  2.21237181  1.80626055  1.55048747  2.13625409
13    2.01290752  2.38270136  2.28422264  2.34276625  2.29497727  1.33950653  2.29912805  2.08509384  2.11341413  1.79671734  2.25245583  2.07150921  2.20546942  0.00000000  2.29787858  2.23907783  1.00557105  1.30246761  2.18928840  2.14846430
14    2.32289104  2.27003638  2.04625649  2.19235518  1.87370460  2.29550955  1.20072505  2.27313061  2.19858536  2.30772269  2.10448270  2.28460168  1.95167199  2.29787858  0.00000000  2.11044872  2.28034793  2.19902208  1.92036232  1.68215257
15    2.21464819  2.29457700  1.70380387  2.24860670  2.12867899  2.24139167  2.14765523  2.22905768  2.12814172  2.20581908  1.04778859  2.13485745  2.14398543  2.23907783  2.11044872  0.00000000  2.24066087  2.21674001  2.14114664  2.19373417
16    2.07045115  2.35664936  2.27489803  2.07635907  2.28328995  1.50591862  2.28084658  2.12816694  2.14806983  1.88851266  2.25131064  2.11591315  2.21237181  1.00557105  2.28034793  2.24066087  0.00000000  0.97719684  2.19730145  2.17348870
17    2.11121709  2.34124275  2.24492087  2.11858588  2.08189947  1.67831492  2.19482251  2.14953867  2.13737928  1.94624543  2.22492038  2.14228199  1.80626055  1.30246761  2.19902208  2.21674001  0.97719684  0.00000000  2.03725719  2.16427556
18    2.29370182  2.28560469  2.13977506  2.23752184  0.65636422  2.08911626  1.90028686  2.24516242  2.12976963  2.24802949  2.13791426  2.26965941  1.55048747  2.18928840  1.92036232  2.14114664  2.19730145  2.03725719  0.00000000  2.14843213
19    1.99689824  2.35033162  2.22219781  2.29909535  2.14664272  2.16281974  1.95223040  0.87972789  2.03833780  2.08881274  2.19690723  2.03355367  2.13625409  2.14846430  1.68215257  2.19373417  2.17348870  2.16427556  2.14843213  0.00000000

--------------------------------------------------------------------------------
n=19
(result of R-step: (4,5:18)0.88938555)
V=[0, 1, 2, 3, 4, 5, 6, 7, 8, 9, 10, 11, 12, 13, 14, 15, 16, 17, 19]
total successes of this branch: 3
Matrix on 19 elements:

0    0.00000000  2.39817491  2.31857128  2.35928375  2.09343219  1.85693095  2.32328628  1.85863628  1.81930476  1.84860636  2.22571814  1.62049906  2.23520545  2.01290752  2.32289104  2.21464819  2.07045115  2.11121709  1.99689824
1    2.39817491  0.00000000  2.27527711  2.22588479  2.04728079  2.15480571  2.26955688  2.38438691  2.36373134  2.38879126  2.29172775  2.37897903  2.29438402  2.38270136  2.27003638  2.29457700  2.35664936  2.34124275  2.35033162
2    2.31857128  2.27527711  0.00000000  2.22809440  1.89578439  2.05453926  2.13141083  2.29681907  2.26423245  2.29774117  1.68584185  2.18935370  2.15374625  2.28422264  2.04625649  1.70380387  2.27489803  2.24492087  2.22219781
3    2.35928375  2.22588479  2.22809440  0.00000000  1.99819690  2.11477172  2.18908517  2.34436661  2.32201949  2.34926701  2.24556250  2.33879278  2.24701743  2.34276625  2.19235518  2.24860670  2.07635907  2.11858588  2.29909535
4    2.09343219  2.04728079  1.89578439  1.99819690  0.00000000  1.83976014  1.62453677  2.03597273  1.90190917  2.07834113  1.89692347  2.06256082  1.24294641  2.06854719  1.64727452  1.90224890  2.05685986  1.85546938  1.92021263
5    1.85693095  2.15480571  2.05453926  2.11477172  1.83976014  0.00000000  2.07040984  1.88011248  1.91484035  1.56537263  2.02855818  1.88779615  1.97622292  1.11307645  2.06907946  2.01496158  1.27948853  1.45188483  1.93638966
6    2.32328628  2.26955688  2.13141083  2.18908517  1.62453677  2.07040984  0.00000000  2.27096321  2.19257889  2.30863596  2.14278681  2.29331652  1.93318293  2.29912805  1.20072505  2.14765523  2.28084658  2.19482251  1.95223040
7    1.85863628  2.38438691  2.29681907  2.34436661  2.03597273  1.88011248  2.27096321  0.00000000  1.97037268  1.99596738  2.23610686  1.92707774  2.21454012  2.08509384  2.27313061  2.22905768  2.12816694  2.14953867  0.87972789
8    1.81930476  2.36373134  2.26423245  2.32201949  1.90190917  1.91484035  2.19257889  1.97037268  0.00000000  1.99766207  2.13208772  1.88879973  2.10486430  2.11341413  2.19858536  2.12814172  2.14806983  2.13737928  2.03833780
9    1.84860636  2.38879126  2.29774117  2.34926701  2.07834113  1.56537263  2.30863596  1.99596738  1.99766207  0.00000000  2.24193273  1.91875846  2.12183788  1.79671734  2.30772269  2.20581908  1.88851266  1.94624543  2.08881274
10    2.22571814  2.29172775  1.68584185  2.24556250  1.89692347  2.02855818  2.14278681  2.23610686  2.13208772  2.24193273  0.00000000  2.14139278  2.14465522  2.25245583  2.10448270  1.04778859  2.25131064  2.22492038  2.19690723
11    1.62049906  2.37897903  2.18935370  2.33879278  2.06256082  1.88779615  2.29331652  1.92707774  1.88879973  1.91875846  2.14139278  0.00000000  2.22248203  2.07150921  2.28460168  2.13485745  2.11591315  2.14228199  2.03355367
12    2.23520545  2.29438402  2.15374625  2.24701743  1.24294641  1.97622292  1.93318293  2.21454012  2.10486430  2.12183788  2.14465522  2.22248203  0.00000000  2.20546942  1.95167199  2.14398543  2.21237181  1.80626055  2.13625409
13    2.01290752  2.38270136  2.28422264  2.34276625  2.06854719  1.11307645  2.29912805  2.08509384  2.11341413  1.79671734  2.25245583  2.07150921  2.20546942  0.00000000  2.29787858  2.23907783  1.00557105  1.30246761  2.14846430
14    2.32289104  2.27003638  2.04625649  2.19235518  1.64727452  2.06907946  1.20072505  2.27313061  2.19858536  2.30772269  2.10448270  2.28460168  1.95167199  2.29787858  0.00000000  2.11044872  2.28034793  2.19902208  1.68215257
15    2.21464819  2.29457700  1.70380387  2.24860670  1.90224890  2.01496158  2.14765523  2.22905768  2.12814172  2.20581908  1.04778859  2.13485745  2.14398543  2.23907783  2.11044872  0.00000000  2.24066087  2.21674001  2.19373417
16    2.07045115  2.35664936  2.27489803  2.07635907  2.05685986  1.27948853  2.28084658  2.12816694  2.14806983  1.88851266  2.25131064  2.11591315  2.21237181  1.00557105  2.28034793  2.24066087  0.00000000  0.97719684  2.17348870
17    2.11121709  2.34124275  2.24492087  2.11858588  1.85546938  1.45188483  2.19482251  2.14953867  2.13737928  1.94624543  2.22492038  2.14228199  1.80626055  1.30246761  2.19902208  2.21674001  0.97719684  0.00000000  2.16427556
19    1.99689824  2.35033162  2.22219781  2.29909535  1.92021263  1.93638966  1.95223040  0.87972789  2.03833780  2.08881274  2.19690723  2.03355367  2.13625409  2.14846430  1.68215257  2.19373417  2.17348870  2.16427556  0.00000000

--------------------------------------------------------------------------------
n=18
(result of R-step: (7,14:19)0.70218516)
V=[0, 1, 2, 3, 4, 5, 6, 7, 8, 9, 10, 11, 12, 13, 14, 15, 16, 17]
total successes of this branch: 3
Matrix on 18 elements:

0    0.00000000  2.39817491  2.31857128  2.35928375  2.09343219  1.85693095  2.32328628  1.71426135  1.81930476  1.84860636  2.22571814  1.62049906  2.23520545  2.01290752  2.17851611  2.21464819  2.07045115  2.11121709
1    2.39817491  0.00000000  2.27527711  2.22588479  2.04728079  2.15480571  2.26955688  2.24001198  2.36373134  2.38879126  2.29172775  2.37897903  2.29438402  2.38270136  2.12566146  2.29457700  2.35664936  2.34124275
2    2.31857128  2.27527711  0.00000000  2.22809440  1.89578439  2.05453926  2.13141083  2.15244414  2.26423245  2.29774117  1.68584185  2.18935370  2.15374625  2.28422264  1.90188156  1.70380387  2.27489803  2.24492087
3    2.35928375  2.22588479  2.22809440  0.00000000  1.99819690  2.11477172  2.18908517  2.19999168  2.32201949  2.34926701  2.24556250  2.33879278  2.24701743  2.34276625  2.04798025  2.24860670  2.07635907  2.11858588
4    2.09343219  2.04728079  1.89578439  1.99819690  0.00000000  1.83976014  1.62453677  1.89159780  1.90190917  2.07834113  1.89692347  2.06256082  1.24294641  2.06854719  1.50289959  1.90224890  2.05685986  1.85546938
5    1.85693095  2.15480571  2.05453926  2.11477172  1.83976014  0.00000000  2.07040984  1.73573756  1.91484035  1.56537263  2.02855818  1.88779615  1.97622292  1.11307645  1.92470454  2.01496158  1.27948853  1.45188483
6    2.32328628  2.26955688  2.13141083  2.18908517  1.62453677  2.07040984  0.00000000  2.12658828  2.19257889  2.30863596  2.14278681  2.29331652  1.93318293  2.29912805  1.05635012  2.14765523  2.28084658  2.19482251
7    1.71426135  2.24001198  2.15244414  2.19999168  1.89159780  1.73573756  2.12658828  0.00000000  1.82599775  1.85159245  2.09173193  1.78270281  2.07016520  1.94071892  1.98438076  2.08468275  1.98379202  2.00516374
8    1.81930476  2.36373134  2.26423245  2.32201949  1.90190917  1.91484035  2.19257889  1.82599775  0.00000000  1.99766207  2.13208772  1.88879973  2.10486430  2.11341413  2.05421043  2.12814172  2.14806983  2.13737928
9    1.84860636  2.38879126  2.29774117  2.34926701  2.07834113  1.56537263  2.30863596  1.85159245  1.99766207  0.00000000  2.24193273  1.91875846  2.12183788  1.79671734  2.16334776  2.20581908  1.88851266  1.94624543
10    2.22571814  2.29172775  1.68584185  2.24556250  1.89692347  2.02855818  2.14278681  2.09173193  2.13208772  2.24193273  0.00000000  2.14139278  2.14465522  2.25245583  1.96010778  1.04778859  2.25131064  2.22492038
11    1.62049906  2.37897903  2.18935370  2.33879278  2.06256082  1.88779615  2.29331652  1.78270281  1.88879973  1.91875846  2.14139278  0.00000000  2.22248203  2.07150921  2.14022675  2.13485745  2.11591315  2.14228199
12    2.23520545  2.29438402  2.15374625  2.24701743  1.24294641  1.97622292  1.93318293  2.07016520  2.10486430  2.12183788  2.14465522  2.22248203  0.00000000  2.20546942  1.80729706  2.14398543  2.21237181  1.80626055
13    2.01290752  2.38270136  2.28422264  2.34276625  2.06854719  1.11307645  2.29912805  1.94071892  2.11341413  1.79671734  2.25245583  2.07150921  2.20546942  0.00000000  2.15350366  2.23907783  1.00557105  1.30246761
14    2.17851611  2.12566146  1.90188156  2.04798025  1.50289959  1.92470454  1.05635012  1.98438076  2.05421043  2.16334776  1.96010778  2.14022675  1.80729706  2.15350366  0.00000000  1.96607379  2.13597301  2.05464715
15    2.21464819  2.29457700  1.70380387  2.24860670  1.90224890  2.01496158  2.14765523  2.08468275  2.12814172  2.20581908  1.04778859  2.13485745  2.14398543  2.23907783  1.96607379  0.00000000  2.24066087  2.21674001
16    2.07045115  2.35664936  2.27489803  2.07635907  2.05685986  1.27948853  2.28084658  1.98379202  2.14806983  1.88851266  2.25131064  2.11591315  2.21237181  1.00557105  2.13597301  2.24066087  0.00000000  0.97719684
17    2.11121709  2.34124275  2.24492087  2.11858588  1.85546938  1.45188483  2.19482251  2.00516374  2.13737928  1.94624543  2.22492038  2.14228199  1.80626055  1.30246761  2.05464715  2.21674001  0.97719684  0.00000000

--------------------------------------------------------------------------------
n=17
(result of R-step: (2,6:14)0.08382652)
V=[0, 1, 2, 3, 4, 5, 6, 7, 8, 9, 10, 11, 12, 13, 15, 16, 17]
total successes of this branch: 3
Matrix on 17 elements:

0    0.00000000  2.39817491  1.76078593  2.35928375  2.09343219  1.85693095  1.76550093  1.71426135  1.81930476  1.84860636  2.22571814  1.62049906  2.23520545  2.01290752  2.21464819  2.07045115  2.11121709
1    2.39817491  0.00000000  1.71749176  2.22588479  2.04728079  2.15480571  1.71177152  2.24001198  2.36373134  2.38879126  2.29172775  2.37897903  2.29438402  2.38270136  2.29457700  2.35664936  2.34124275
2    1.76078593  1.71749176  0.00000000  1.67030904  1.33799904  1.49675390  1.01584012  1.59465879  1.70644710  1.73995582  1.12805649  1.63156834  1.59596089  1.72643729  1.14601851  1.71711268  1.68713552
3    2.35928375  2.22588479  1.67030904  0.00000000  1.99819690  2.11477172  1.63129982  2.19999168  2.32201949  2.34926701  2.24556250  2.33879278  2.24701743  2.34276625  2.24860670  2.07635907  2.11858588
4    2.09343219  2.04728079  1.33799904  1.99819690  0.00000000  1.83976014  1.06675142  1.89159780  1.90190917  2.07834113  1.89692347  2.06256082  1.24294641  2.06854719  1.90224890  2.05685986  1.85546938
5    1.85693095  2.15480571  1.49675390  2.11477172  1.83976014  0.00000000  1.51262449  1.73573756  1.91484035  1.56537263  2.02855818  1.88779615  1.97622292  1.11307645  2.01496158  1.27948853  1.45188483
6    1.76550093  1.71177152  1.01584012  1.63129982  1.06675142  1.51262449  0.00000000  1.56880293  1.63479354  1.75085061  1.58500146  1.73553116  1.37539758  1.74134270  1.58986988  1.72306123  1.63703716
7    1.71426135  2.24001198  1.59465879  2.19999168  1.89159780  1.73573756  1.56880293  0.00000000  1.82599775  1.85159245  2.09173193  1.78270281  2.07016520  1.94071892  2.08468275  1.98379202  2.00516374
8    1.81930476  2.36373134  1.70644710  2.32201949  1.90190917  1.91484035  1.63479354  1.82599775  0.00000000  1.99766207  2.13208772  1.88879973  2.10486430  2.11341413  2.12814172  2.14806983  2.13737928
9    1.84860636  2.38879126  1.73995582  2.34926701  2.07834113  1.56537263  1.75085061  1.85159245  1.99766207  0.00000000  2.24193273  1.91875846  2.12183788  1.79671734  2.20581908  1.88851266  1.94624543
10    2.22571814  2.29172775  1.12805649  2.24556250  1.89692347  2.02855818  1.58500146  2.09173193  2.13208772  2.24193273  0.00000000  2.14139278  2.14465522  2.25245583  1.04778859  2.25131064  2.22492038
11    1.62049906  2.37897903  1.63156834  2.33879278  2.06256082  1.88779615  1.73553116  1.78270281  1.88879973  1.91875846  2.14139278  0.00000000  2.22248203  2.07150921  2.13485745  2.11591315  2.14228199
12    2.23520545  2.29438402  1.59596089  2.24701743  1.24294641  1.97622292  1.37539758  2.07016520  2.10486430  2.12183788  2.14465522  2.22248203  0.00000000  2.20546942  2.14398543  2.21237181  1.80626055
13    2.01290752  2.38270136  1.72643729  2.34276625  2.06854719  1.11307645  1.74134270  1.94071892  2.11341413  1.79671734  2.25245583  2.07150921  2.20546942  0.00000000  2.23907783  1.00557105  1.30246761
15    2.21464819  2.29457700  1.14601851  2.24860670  1.90224890  2.01496158  1.58986988  2.08468275  2.12814172  2.20581908  1.04778859  2.13485745  2.14398543  2.23907783  0.00000000  2.24066087  2.21674001
16    2.07045115  2.35664936  1.71711268  2.07635907  2.05685986  1.27948853  1.72306123  1.98379202  2.14806983  1.88851266  2.25131064  2.11591315  2.21237181  1.00557105  2.24066087  0.00000000  0.97719684
17    2.11121709  2.34124275  1.68713552  2.11858588  1.85546938  1.45188483  1.63703716  2.00516374  2.13737928  1.94624543  2.22492038  2.14228199  1.80626055  1.30246761  2.21674001  0.97719684  0.00000000

--------------------------------------------------------------------------------
n=16
(result of R-step: (9,10:15)0.02935454)
V=[0, 1, 2, 3, 4, 5, 6, 7, 8, 9, 10, 11, 12, 13, 16, 17]
total successes of this branch: 3
Matrix on 16 elements:

0    0.00000000  2.39817491  1.76078593  2.35928375  2.09343219  1.85693095  1.76550093  1.71426135  1.81930476  1.34276889  1.71988066  1.62049906  2.23520545  2.01290752  2.07045115  2.11121709
1    2.39817491  0.00000000  1.71749176  2.22588479  2.04728079  2.15480571  1.71177152  2.24001198  2.36373134  1.88295378  1.78589028  2.37897903  2.29438402  2.38270136  2.35664936  2.34124275
2    1.76078593  1.71749176  0.00000000  1.67030904  1.33799904  1.49675390  1.01584012  1.59465879  1.70644710  1.23411835  0.62221902  1.63156834  1.59596089  1.72643729  1.71711268  1.68713552
3    2.35928375  2.22588479  1.67030904  0.00000000  1.99819690  2.11477172  1.63129982  2.19999168  2.32201949  1.84342954  1.73972503  2.33879278  2.24701743  2.34276625  2.07635907  2.11858588
4    2.09343219  2.04728079  1.33799904  1.99819690  0.00000000  1.83976014  1.06675142  1.89159780  1.90190917  1.57250366  1.39108600  2.06256082  1.24294641  2.06854719  2.05685986  1.85546938
5    1.85693095  2.15480571  1.49675390  2.11477172  1.83976014  0.00000000  1.51262449  1.73573756  1.91484035  1.05953516  1.52272071  1.88779615  1.97622292  1.11307645  1.27948853  1.45188483
6    1.76550093  1.71177152  1.01584012  1.63129982  1.06675142  1.51262449  0.00000000  1.56880293  1.63479354  1.24501313  1.07916398  1.73553116  1.37539758  1.74134270  1.72306123  1.63703716
7    1.71426135  2.24001198  1.59465879  2.19999168  1.89159780  1.73573756  1.56880293  0.00000000  1.82599775  1.34575498  1.58589446  1.78270281  2.07016520  1.94071892  1.98379202  2.00516374
8    1.81930476  2.36373134  1.70644710  2.32201949  1.90190917  1.91484035  1.63479354  1.82599775  0.00000000  1.49182460  1.62625025  1.88879973  2.10486430  2.11341413  2.14806983  2.13737928
9    1.34276889  1.88295378  1.23411835  1.84342954  1.57250366  1.05953516  1.24501313  1.34575498  1.49182460  0.00000000  1.23025778  1.41292098  1.61600041  1.29087987  1.38267519  1.44040796
10    1.71988066  1.78589028  0.62221902  1.73972503  1.39108600  1.52272071  1.07916398  1.58589446  1.62625025  1.23025778  0.00000000  1.63555531  1.63881775  1.74661836  1.74547316  1.71908291
11    1.62049906  2.37897903  1.63156834  2.33879278  2.06256082  1.88779615  1.73553116  1.78270281  1.88879973  1.41292098  1.63555531  0.00000000  2.22248203  2.07150921  2.11591315  2.14228199
12    2.23520545  2.29438402  1.59596089  2.24701743  1.24294641  1.97622292  1.37539758  2.07016520  2.10486430  1.61600041  1.63881775  2.22248203  0.00000000  2.20546942  2.21237181  1.80626055
13    2.01290752  2.38270136  1.72643729  2.34276625  2.06854719  1.11307645  1.74134270  1.94071892  2.11341413  1.29087987  1.74661836  2.07150921  2.20546942  0.00000000  1.00557105  1.30246761
16    2.07045115  2.35664936  1.71711268  2.07635907  2.05685986  1.27948853  1.72306123  1.98379202  2.14806983  1.38267519  1.74547316  2.11591315  2.21237181  1.00557105  0.00000000  0.97719684
17    2.11121709  2.34124275  1.68713552  2.11858588  1.85546938  1.45188483  1.63703716  2.00516374  2.13737928  1.44040796  1.71908291  2.14228199  1.80626055  1.30246761  0.97719684  0.00000000

--------------------------------------------------------------------------------
n=15
(result of R-step: (12,16:17)0.24743476)
V=[0, 1, 2, 3, 4, 5, 6, 7, 8, 9, 10, 11, 12, 13, 16]
total successes of this branch: 3
Matrix on 15 elements:

0    0.00000000  2.39817491  1.76078593  2.35928375  2.09343219  1.85693095  1.76550093  1.71426135  1.81930476  1.34276889  1.71988066  1.62049906  1.94966266  2.01290752  1.78490836
1    2.39817491  0.00000000  1.71749176  2.22588479  2.04728079  2.15480571  1.71177152  2.24001198  2.36373134  1.88295378  1.78589028  2.37897903  2.00884122  2.38270136  2.07110656
2    1.76078593  1.71749176  0.00000000  1.67030904  1.33799904  1.49675390  1.01584012  1.59465879  1.70644710  1.23411835  0.62221902  1.63156834  1.31041810  1.72643729  1.43156989
3    2.35928375  2.22588479  1.67030904  0.00000000  1.99819690  2.11477172  1.63129982  2.19999168  2.32201949  1.84342954  1.73972503  2.33879278  1.96147463  2.34276625  1.79081627
4    2.09343219  2.04728079  1.33799904  1.99819690  0.00000000  1.83976014  1.06675142  1.89159780  1.90190917  1.57250366  1.39108600  2.06256082  0.95740362  2.06854719  1.77131707
5    1.85693095  2.15480571  1.49675390  2.11477172  1.83976014  0.00000000  1.51262449  1.73573756  1.91484035  1.05953516  1.52272071  1.88779615  1.69068012  1.11307645  0.99394574
6    1.76550093  1.71177152  1.01584012  1.63129982  1.06675142  1.51262449  0.00000000  1.56880293  1.63479354  1.24501313  1.07916398  1.73553116  1.08985479  1.74134270  1.43751843
7    1.71426135  2.24001198  1.59465879  2.19999168  1.89159780  1.73573756  1.56880293  0.00000000  1.82599775  1.34575498  1.58589446  1.78270281  1.78462240  1.94071892  1.69824922
8    1.81930476  2.36373134  1.70644710  2.32201949  1.90190917  1.91484035  1.63479354  1.82599775  0.00000000  1.49182460  1.62625025  1.88879973  1.81932150  2.11341413  1.86252704
9    1.34276889  1.88295378  1.23411835  1.84342954  1.57250366  1.05953516  1.24501313  1.34575498  1.49182460  0.00000000  1.23025778  1.41292098  1.33045761  1.29087987  1.09713240
10    1.71988066  1.78589028  0.62221902  1.73972503  1.39108600  1.52272071  1.07916398  1.58589446  1.62625025  1.23025778  0.00000000  1.63555531  1.35327496  1.74661836  1.45993037
11    1.62049906  2.37897903  1.63156834  2.33879278  2.06256082  1.88779615  1.73553116  1.78270281  1.88879973  1.41292098  1.63555531  0.00000000  1.93693923  2.07150921  1.83037036
12    1.94966266  2.00884122  1.31041810  1.96147463  0.95740362  1.69068012  1.08985479  1.78462240  1.81932150  1.33045761  1.35327496  1.93693923  0.00000000  1.91992663  1.64128623
13    2.01290752  2.38270136  1.72643729  2.34276625  2.06854719  1.11307645  1.74134270  1.94071892  2.11341413  1.29087987  1.74661836  2.07150921  1.91992663  0.00000000  0.72002825
16    1.78490836  2.07110656  1.43156989  1.79081627  1.77131707  0.99394574  1.43751843  1.69824922  1.86252704  1.09713240  1.45993037  1.83037036  1.64128623  0.72002825  0.00000000

--------------------------------------------------------------------------------
n=14
(result of R-step: (3,13:16)0.16613045)
V=[0, 1, 2, 3, 4, 5, 6, 7, 8, 9, 10, 11, 12, 13]
total successes of this branch: 3
Matrix on 14 elements:

0    0.00000000  2.39817491  1.76078593  1.98970182  2.09343219  1.85693095  1.76550093  1.71426135  1.81930476  1.34276889  1.71988066  1.62049906  1.94966266  1.64332558
1    2.39817491  0.00000000  1.71749176  1.85630286  2.04728079  2.15480571  1.71177152  2.24001198  2.36373134  1.88295378  1.78589028  2.37897903  2.00884122  2.01311943
2    1.76078593  1.71749176  0.00000000  1.30072711  1.33799904  1.49675390  1.01584012  1.59465879  1.70644710  1.23411835  0.62221902  1.63156834  1.31041810  1.35685536
3    1.98970182  1.85630286  1.30072711  0.00000000  1.62861497  1.74518979  1.26171789  1.83040975  1.95243756  1.47384760  1.37014310  1.96921085  1.59189270  1.60360238
4    2.09343219  2.04728079  1.33799904  1.62861497  0.00000000  1.83976014  1.06675142  1.89159780  1.90190917  1.57250366  1.39108600  2.06256082  0.95740362  1.69896525
5    1.85693095  2.15480571  1.49675390  1.74518979  1.83976014  0.00000000  1.51262449  1.73573756  1.91484035  1.05953516  1.52272071  1.88779615  1.69068012  0.74349452
6    1.76550093  1.71177152  1.01584012  1.26171789  1.06675142  1.51262449  0.00000000  1.56880293  1.63479354  1.24501313  1.07916398  1.73553116  1.08985479  1.37176077
7    1.71426135  2.24001198  1.59465879  1.83040975  1.89159780  1.73573756  1.56880293  0.00000000  1.82599775  1.34575498  1.58589446  1.78270281  1.78462240  1.57113698
8    1.81930476  2.36373134  1.70644710  1.95243756  1.90190917  1.91484035  1.63479354  1.82599775  0.00000000  1.49182460  1.62625025  1.88879973  1.81932150  1.74383219
9    1.34276889  1.88295378  1.23411835  1.47384760  1.57250366  1.05953516  1.24501313  1.34575498  1.49182460  0.00000000  1.23025778  1.41292098  1.33045761  0.92129794
10    1.71988066  1.78589028  0.62221902  1.37014310  1.39108600  1.52272071  1.07916398  1.58589446  1.62625025  1.23025778  0.00000000  1.63555531  1.35327496  1.37703642
11    1.62049906  2.37897903  1.63156834  1.96921085  2.06256082  1.88779615  1.73553116  1.78270281  1.88879973  1.41292098  1.63555531  0.00000000  1.93693923  1.70192728
12    1.94966266  2.00884122  1.31041810  1.59189270  0.95740362  1.69068012  1.08985479  1.78462240  1.81932150  1.33045761  1.35327496  1.93693923  0.00000000  1.55034470
13    1.64332558  2.01311943  1.35685536  1.60360238  1.69896525  0.74349452  1.37176077  1.57113698  1.74383219  0.92129794  1.37703642  1.70192728  1.55034470  0.00000000

--------------------------------------------------------------------------------
n=13
(result of R-step: (0,5:13)0.08651950)
V=[0, 1, 2, 3, 4, 5, 6, 7, 8, 9, 10, 11, 12]
total successes of this branch: 3
Matrix on 13 elements:

0    0.00000000  1.76364840  1.12625942  1.35517531  1.45890568  0.81430802  1.13097442  1.07973485  1.18477825  0.70824238  1.08535416  0.98597255  1.31513615
1    1.76364840  0.00000000  1.71749176  1.85630286  2.04728079  1.74670929  1.71177152  2.24001198  2.36373134  1.88295378  1.78589028  2.37897903  2.00884122
2    1.12625942  1.71749176  0.00000000  1.30072711  1.33799904  1.08865748  1.01584012  1.59465879  1.70644710  1.23411835  0.62221902  1.63156834  1.31041810
3    1.35517531  1.85630286  1.30072711  0.00000000  1.62861497  1.33709337  1.26171789  1.83040975  1.95243756  1.47384760  1.37014310  1.96921085  1.59189270
4    1.45890568  2.04728079  1.33799904  1.62861497  0.00000000  1.43166372  1.06675142  1.89159780  1.90190917  1.57250366  1.39108600  2.06256082  0.95740362
5    0.81430802  1.74670929  1.08865748  1.33709337  1.43166372  0.00000000  1.10452807  1.32764114  1.50674393  0.65143874  1.11462429  1.47969973  1.28258370
6    1.13097442  1.71177152  1.01584012  1.26171789  1.06675142  1.10452807  0.00000000  1.56880293  1.63479354  1.24501313  1.07916398  1.73553116  1.08985479
7    1.07973485  2.24001198  1.59465879  1.83040975  1.89159780  1.32764114  1.56880293  0.00000000  1.82599775  1.34575498  1.58589446  1.78270281  1.78462240
8    1.18477825  2.36373134  1.70644710  1.95243756  1.90190917  1.50674393  1.63479354  1.82599775  0.00000000  1.49182460  1.62625025  1.88879973  1.81932150
9    0.70824238  1.88295378  1.23411835  1.47384760  1.57250366  0.65143874  1.24501313  1.34575498  1.49182460  0.00000000  1.23025778  1.41292098  1.33045761
10    1.08535416  1.78589028  0.62221902  1.37014310  1.39108600  1.11462429  1.07916398  1.58589446  1.62625025  1.23025778  0.00000000  1.63555531  1.35327496
11    0.98597255  2.37897903  1.63156834  1.96921085  2.06256082  1.47969973  1.73553116  1.78270281  1.88879973  1.41292098  1.63555531  0.00000000  1.93693923
12    1.31513615  2.00884122  1.31041810  1.59189270  0.95740362  1.28258370  1.08985479  1.78462240  1.81932150  1.33045761  1.35327496  1.93693923  0.00000000

--------------------------------------------------------------------------------
n=12
(result of R-step: (0,2:11)0.84380615)
V=[0, 1, 2, 3, 4, 5, 6, 7, 8, 9, 10, 12]
total successes of this branch: 3
Matrix on 12 elements:

0    0.00000000  1.65253417  0.82728981  1.24406108  1.34779145  0.70319379  1.01986019  0.96862062  1.07366402  0.59712815  0.97423993  1.20402192
1    1.65253417  0.00000000  1.52963638  1.85630286  2.04728079  1.74670929  1.71177152  2.24001198  2.36373134  1.88295378  1.78589028  2.00884122
2    0.82728981  1.52963638  0.00000000  1.11287173  1.15014366  0.90080210  0.82798474  1.40680341  1.51859171  1.04626296  0.43436364  1.12256272
3    1.24406108  1.85630286  1.11287173  0.00000000  1.62861497  1.33709337  1.26171789  1.83040975  1.95243756  1.47384760  1.37014310  1.59189270
4    1.34779145  2.04728079  1.15014366  1.62861497  0.00000000  1.43166372  1.06675142  1.89159780  1.90190917  1.57250366  1.39108600  0.95740362
5    0.70319379  1.74670929  0.90080210  1.33709337  1.43166372  0.00000000  1.10452807  1.32764114  1.50674393  0.65143874  1.11462429  1.28258370
6    1.01986019  1.71177152  0.82798474  1.26171789  1.06675142  1.10452807  0.00000000  1.56880293  1.63479354  1.24501313  1.07916398  1.08985479
7    0.96862062  2.24001198  1.40680341  1.83040975  1.89159780  1.32764114  1.56880293  0.00000000  1.82599775  1.34575498  1.58589446  1.78462240
8    1.07366402  2.36373134  1.51859171  1.95243756  1.90190917  1.50674393  1.63479354  1.82599775  0.00000000  1.49182460  1.62625025  1.81932150
9    0.59712815  1.88295378  1.04626296  1.47384760  1.57250366  0.65143874  1.24501313  1.34575498  1.49182460  0.00000000  1.23025778  1.33045761
10    0.97423993  1.78589028  0.43436364  1.37014310  1.39108600  1.11462429  1.07916398  1.58589446  1.62625025  1.23025778  0.00000000  1.35327496
12    1.20402192  2.00884122  1.12256272  1.59189270  0.95740362  1.28258370  1.08985479  1.78462240  1.81932150  1.33045761  1.35327496  0.00000000

--------------------------------------------------------------------------------
n=11
(result of R-step: (2,8:10)0.81402089)
V=[0, 1, 2, 3, 4, 5, 6, 7, 8, 9, 12]
total successes of this branch: 3
Matrix on 11 elements:

0    0.00000000  1.65253417  0.79608199  1.24406108  1.34779145  0.70319379  1.01986019  0.96862062  0.29681546  0.59712815  1.20402192
1    1.65253417  0.00000000  1.49842855  1.85630286  2.04728079  1.74670929  1.71177152  2.24001198  1.58688278  1.88295378  2.00884122
2    0.79608199  1.49842855  0.00000000  1.08166391  1.11893583  0.86959428  0.79677692  1.37559558  0.71053533  1.01505514  1.09135490
3    1.24406108  1.85630286  1.08166391  0.00000000  1.62861497  1.33709337  1.26171789  1.83040975  1.17558900  1.47384760  1.59189270
4    1.34779145  2.04728079  1.11893583  1.62861497  0.00000000  1.43166372  1.06675142  1.89159780  1.12506062  1.57250366  0.95740362
5    0.70319379  1.74670929  0.86959428  1.33709337  1.43166372  0.00000000  1.10452807  1.32764114  0.72989537  0.65143874  1.28258370
6    1.01986019  1.71177152  0.79677692  1.26171789  1.06675142  1.10452807  0.00000000  1.56880293  0.85794498  1.24501313  1.08985479
7    0.96862062  2.24001198  1.37559558  1.83040975  1.89159780  1.32764114  1.56880293  0.00000000  1.04914919  1.34575498  1.78462240
8    0.29681546  1.58688278  0.71053533  1.17558900  1.12506062  0.72989537  0.85794498  1.04914919  0.00000000  0.71497604  1.04247295
9    0.59712815  1.88295378  1.01505514  1.47384760  1.57250366  0.65143874  1.24501313  1.34575498  0.71497604  0.00000000  1.33045761
12    1.20402192  2.00884122  1.09135490  1.59189270  0.95740362  1.28258370  1.08985479  1.78462240  1.04247295  1.33045761  0.00000000

--------------------------------------------------------------------------------
n=10
(result of R-step: (4,9:12)0.82035913)
V=[0, 1, 2, 3, 4, 5, 6, 7, 8, 9]
total successes of this branch: 3
Matrix on 10 elements:

0    0.00000000  1.65253417  0.79608199  1.24406108  0.93099996  0.70319379  1.01986019  0.96862062  0.29681546  0.45974404
1    1.65253417  0.00000000  1.49842855  1.85630286  1.63048930  1.74670929  1.71177152  2.24001198  1.58688278  1.74556968
2    0.79608199  1.49842855  0.00000000  1.08166391  0.70214434  0.86959428  0.79677692  1.37559558  0.71053533  0.87767103
3    1.24406108  1.85630286  1.08166391  0.00000000  1.21182347  1.33709337  1.26171789  1.83040975  1.17558900  1.33646350
4    0.93099996  1.63048930  0.70214434  1.21182347  0.00000000  1.01487222  0.64995993  1.47480631  0.70826912  1.01832805
5    0.70319379  1.74670929  0.86959428  1.33709337  1.01487222  0.00000000  1.10452807  1.32764114  0.72989537  0.51405463
6    1.01986019  1.71177152  0.79677692  1.26171789  0.64995993  1.10452807  0.00000000  1.56880293  0.85794498  1.10762903
7    0.96862062  2.24001198  1.37559558  1.83040975  1.47480631  1.32764114  1.56880293  0.00000000  1.04914919  1.20837087
8    0.29681546  1.58688278  0.71053533  1.17558900  0.70826912  0.72989537  0.85794498  1.04914919  0.00000000  0.57759193
9    0.45974404  1.74556968  0.87767103  1.33646350  1.01832805  0.51405463  1.10762903  1.20837087  0.57759193  0.00000000

--------------------------------------------------------------------------------
n=9
(result of R-step: (0,5:9)0.44603625)
V=[0, 1, 2, 3, 4, 5, 6, 7, 8]
total successes of this branch: 3
Matrix on 9 elements:

0    0.00000000  1.61965089  0.76319870  1.21117780  0.89811667  0.52631299  0.98697691  0.93573733  0.26393218
1    1.61965089  0.00000000  1.49842855  1.85630286  1.63048930  1.60271178  1.71177152  2.24001198  1.58688278
2    0.76319870  1.49842855  0.00000000  1.08166391  0.70214434  0.72559676  0.79677692  1.37559558  0.71053533
3    1.21117780  1.85630286  1.08166391  0.00000000  1.21182347  1.19309585  1.26171789  1.83040975  1.17558900
4    0.89811667  1.63048930  0.70214434  1.21182347  0.00000000  0.87087471  0.64995993  1.47480631  0.70826912
5    0.52631299  1.60271178  0.72559676  1.19309585  0.87087471  0.00000000  0.96053055  1.18364362  0.58589786
6    0.98697691  1.71177152  0.79677692  1.26171789  0.64995993  0.96053055  0.00000000  1.56880293  0.85794498
7    0.93573733  2.24001198  1.37559558  1.83040975  1.47480631  1.18364362  1.56880293  0.00000000  1.04914919
8    0.26393218  1.58688278  0.71053533  1.17558900  0.70826912  0.58589786  0.85794498  1.04914919  0.00000000

--------------------------------------------------------------------------------
n=8
(result of R-step: (0,4:8)0.72326484)
V=[0, 1, 2, 3, 4, 5, 6, 7]
total successes of this branch: 3
Matrix on 8 elements:

0    0.00000000  1.58428404  0.72783185  1.17581095  0.69208053  0.49094614  0.95161006  0.90037048
1    1.58428404  0.00000000  1.49842855  1.85630286  1.45982001  1.60271178  1.71177152  2.24001198
2    0.72783185  1.49842855  0.00000000  1.08166391  0.53147505  0.72559676  0.79677692  1.37559558
3    1.17581095  1.85630286  1.08166391  0.00000000  1.04115418  1.19309585  1.26171789  1.83040975
4    0.69208053  1.45982001  0.53147505  1.04115418  0.00000000  0.70020542  0.47929064  1.30413702
5    0.49094614  1.60271178  0.72559676  1.19309585  0.70020542  0.00000000  0.96053055  1.18364362
6    0.95161006  1.71177152  0.79677692  1.26171789  0.47929064  0.96053055  0.00000000  1.56880293
7    0.90037048  2.24001198  1.37559558  1.83040975  1.30413702  1.18364362  1.56880293  0.00000000

--------------------------------------------------------------------------------
n=7
(result of R-step: (0,4:7)0.88922099)
V=[0, 1, 2, 3, 4, 5, 6]
total successes of this branch: 3
Matrix on 7 elements:

0    0.00000000  1.49758650  0.64113431  1.08911341  0.51868546  0.40424861  0.86491252
1    1.49758650  0.00000000  1.49842855  1.85630286  1.37312247  1.60271178  1.71177152
2    0.64113431  1.49842855  0.00000000  1.08166391  0.44477751  0.72559676  0.79677692
3    1.08911341  1.85630286  1.08166391  0.00000000  0.95445664  1.19309585  1.26171789
4    0.51868546  1.37312247  0.44477751  0.95445664  0.00000000  0.61350788  0.39259310
5    0.40424861  1.60271178  0.72559676  1.19309585  0.61350788  0.00000000  0.96053055
6    0.86491252  1.71177152  0.79677692  1.26171789  0.39259310  0.96053055  0.00000000

--------------------------------------------------------------------------------
n=6
(result of R-step: (0,2:5)0.86216914)
V=[0, 1, 2, 3, 4, 6]
total successes of this branch: 3
Matrix on 6 elements:

0    0.00000000  1.37529536  0.27281218  0.96682227  0.39639432  0.74262138
1    1.37529536  0.00000000  1.25239756  1.85630286  1.37312247  1.71177152
2    0.27281218  1.25239756  0.00000000  0.83563291  0.19874652  0.55074592
3    0.96682227  1.85630286  0.83563291  0.00000000  0.95445664  1.26171789
4    0.39639432  1.37312247  0.19874652  0.95445664  0.00000000  0.39259310
6    0.74262138  1.71177152  0.55074592  1.26171789  0.39259310  0.00000000

--------------------------------------------------------------------------------
n=5
(result of R-step: (1,2:0)0.43237377)
V=[1, 2, 3, 4, 6]
total successes of this branch: 3
Matrix on 5 elements:

1    0.00000000  0.08895824  0.72935752  0.24617713  0.58482618
2    0.08895824  0.00000000  0.79913893  0.16225254  0.51425194
3    0.72935752  0.79913893  0.00000000  0.95445664  1.26171789
4    0.24617713  0.16225254  0.95445664  0.00000000  0.39259310
6    0.58482618  0.51425194  1.26171789  0.39259310  0.00000000

--------------------------------------------------------------------------------
n=4
(result of R-step: (1,4:2)0.66368362)
V=[1, 3, 4, 6]
total successes of this branch: 1
Matrix on 4 elements:

1    0.00000000  0.72025081  0.22994630  0.57571947
3    0.72025081  0.00000000  0.94733253  1.26171789
4    0.22994630  0.94733253  0.00000000  0.38546898
6    0.57571947  1.26171789  0.38546898  0.00000000

--------------------------------------------------------------------------------
n=4
(result of R-step: (1,4:3)0.87463069)
V=[1, 2, 4, 6]
total successes of this branch: 0
reason of abort: negative delta/dxy

--------------------------------------------------------------------------------
n=4
(result of R-step: (1,4:6)0.29470840)
V=[1, 2, 3, 4]
total successes of this branch: 0
reason of abort: negative delta/dxy

--------------------------------------------------------------------------------
n=4
(result of R-step: (1,6:2)0.60174054)
V=[1, 3, 4, 6]
total successes of this branch: 0
reason of abort: negative delta/dxy

--------------------------------------------------------------------------------
n=4
(result of R-step: (1,6:3)0.99318276)
V=[1, 2, 4, 6]
total successes of this branch: 0
reason of abort: negative delta/dxy

--------------------------------------------------------------------------------
n=4
(result of R-step: (2,3:1)0.70158916)
V=[2, 3, 4, 6]
total successes of this branch: 1
Matrix on 4 elements:

2    0.00000000  0.25889583  0.16014003  0.51213944
3    0.25889583  0.00000000  0.41632605  0.72358730
4    0.16014003  0.41632605  0.00000000  0.39259310
6    0.51213944  0.72358730  0.39259310  0.00000000

--------------------------------------------------------------------------------
n=4
(result of R-step: (2,6:4)0.94288869)
V=[1, 2, 3, 6]
total successes of this branch: 0
reason of abort: negative delta/dxy

--------------------------------------------------------------------------------
n=4
(result of R-step: (3,4:2)0.72258525)
V=[1, 3, 4, 6]
total successes of this branch: 0
reason of abort: negative delta/dxy

--------------------------------------------------------------------------------
n=4
(result of R-step: (3,4:6)0.08685641)
V=[1, 2, 3, 4]
total successes of this branch: 1
Matrix on 4 elements:

1    0.00000000  0.08895824  0.19122692  0.23905301
2    0.08895824  0.00000000  0.26100834  0.15512842
3    0.19122692  0.26100834  0.00000000  0.40920193
4    0.23905301  0.15512842  0.40920193  0.00000000

--------------------------------------------------------------------------------
n=4
(result of R-step: (3,6:2)0.63624943)
V=[1, 3, 4, 6]
total successes of this branch: 0
Matrix on 4 elements:

1    0.00000000  0.00007258  0.24617713  0.17340336
3    0.00007258  0.00000000  0.22517171  0.12101013
4    0.24617713  0.22517171  0.00000000 -0.01882973
6    0.17340336  0.12101013 -0.01882973  0.00000000
reason of abort: no pseudometric
