n=20
V=[0, 1, 2, 3, 4, 5, 6, 7, 8, 9, 10, 11, 12, 13, 14, 15, 16, 17, 18, 19]
total successes of this branch: 2
Matrix on 20 elements:

0    0.00000000  1.72539874  1.69250328  1.68781835  1.66705549  1.60633965  1.67628482  1.72138856  1.69020526  1.70673726  1.44104277  1.70667873  0.96968658  0.92201278  1.71148245  1.70734463  1.69108108  1.70698238  1.69001977  1.35075047
1    1.72539874  0.00000000  1.70983546  1.71238843  1.72044329  1.72151154  1.68925825  1.49475944  1.71108773  1.60385107  1.72259158  1.60401524  1.72441356  1.72486537  1.14493544  1.26809424  1.70990761  1.45083544  1.71118881  1.71803264
2    1.69250328  1.70983546  0.00000000  1.66862818  1.68061532  1.66381764  1.68523766  1.70782703  1.52734510  1.45612844  1.68576900  1.45656883  1.69230522  1.68856723  1.69457610  1.46408689  0.64035859  1.45999706  1.53832441  1.67974142
3    1.68781835  1.71238843  1.66862818  0.00000000  1.68170807  1.68302527  1.68656140  1.71027963  1.53260631  1.68915303  1.68435701  1.68914805  1.68778409  1.68716068  1.37868275  1.44189629  1.66871714  1.57640138  1.45150895  0.84496902
4    1.66705549  1.72044329  1.68061532  1.68170807  0.00000000  1.67044230  1.55449188  1.70689324  1.68115133  1.69356446  1.37172647  1.69329713  1.66398704  1.66752021  1.70609935  1.70054335  1.67886832  1.69660141  1.68119459  1.67339039
5    1.60633965  1.72151154  1.66381764  1.68302527  1.67044230  0.00000000  1.67852095  1.71800133  1.67323925  1.69051808  1.64265244  1.69049502  1.60830729  1.49750798  1.70725979  1.69778859  1.66369794  1.69382088  1.67399973  1.64795506
6    1.67628482  1.68925825  1.68523766  1.68656140  1.55449188  1.67852095  0.00000000  1.67196530  1.68588697  1.67869735  1.60729171  1.67761466  1.65648336  1.67659164  1.68825959  1.68760075  1.68479681  1.68216831  1.68593938  1.67244374
7    1.72138856  1.49475944  1.70782703  1.71027963  1.70689324  1.71800133  1.67196530  0.00000000  1.70903007  1.46329755  1.71317727  1.46369865  1.72004129  1.72092378  1.57456815  1.60362109  1.70785729  1.52750321  1.70912717  1.71486144
8    1.69020526  1.71108773  1.52734510  1.53260631  1.68115133  1.67323925  1.68588697  1.70903007  0.00000000  1.61687516  1.68507640  1.61700781  1.69008754  1.68787730  1.64499475  1.61934492  1.52823718  1.61807353  0.57013309  1.60652292
9    1.70673726  1.60385107  1.45612844  1.68915303  1.69356446  1.69051808  1.67869735  1.46329755  1.61687516  0.00000000  1.69927515  1.11651795  1.70597290  1.70451178  1.63543902  1.59634595  1.45750362  1.33531927  1.62249198  1.69704774
10    1.44104277  1.72259158  1.68576900  1.68435701  1.37172647  1.64265244  1.60729171  1.71317727  1.68507640  1.69927515  0.00000000  1.69909834  1.44557467  1.46870624  1.70843304  1.70349185  1.67982280  1.70110178  1.68502049  1.57228029
11    1.70667873  1.60401524  1.45656883  1.68914805  1.69329713  1.69049502  1.67761466  1.46369865  1.61700781  1.11651795  1.69909834  0.00000000  1.70588645  1.70445811  1.63554055  1.59652136  1.45794052  1.00035265  1.62261394  1.69700451
12    0.96968658  1.72441356  1.69230522  1.68778409  1.66398704  1.60830729  1.65648336  1.72004129  1.69008754  1.70597290  1.44557467  1.70588645  0.00000000  1.05731365  1.71084940  1.70680642  1.69090977  1.70630595  1.68990854  0.94227687
13    0.92201278  1.72486537  1.68856723  1.68716068  1.66752021  1.49750798  1.67659164  1.72092378  1.68787730  1.70451178  1.46870624  1.70445811  1.05731365  0.00000000  1.71090304  1.70603342  1.68732376  1.70517645  1.68782161  1.39153081
14    1.71148245  1.14493544  1.69457610  1.37868275  1.70609935  1.70725979  1.68825959  1.57456815  1.64499475  1.63543902  1.70843304  1.63554055  1.71084940  1.71090304  0.00000000  0.86786632  1.69465447  1.28548150  1.62429926  1.53459105
15    1.70734463  1.26809424  1.46408689  1.44189629  1.70054335  1.69778859  1.68760075  1.60362109  1.61934492  1.59634595  1.70349185  1.59652136  1.70680642  1.70603342  0.86786632  0.00000000  1.46544091  1.09679277  1.60555513  1.56623656
16    1.69108108  1.70990761  0.64035859  1.66871714  1.67886832  1.66369794  1.68479681  1.70785729  1.52823718  1.45750362  1.67982280  1.45794052  1.69090977  1.68732376  1.69465447  1.46544091  0.00000000  1.46136069  1.53915408  1.67913365
17    1.70698238  1.45083544  1.45999706  1.57640138  1.69660141  1.69382088  1.68216831  1.52750321  1.61807353  1.33531927  1.70110178  1.00035265  1.70630595  1.70517645  1.28548150  1.09679277  1.46136069  0.00000000  1.61483513  1.63737439
18    1.69001977  1.71118881  1.53832441  1.45150895  1.68119459  1.67399973  1.68593938  1.70912717  0.57013309  1.62249198  1.68502049  1.62261394  1.68990854  1.68782161  1.62429926  1.60555513  1.53915408  1.61483513  0.00000000  1.56340602
19    1.35075047  1.71803264  1.67974142  0.84496902  1.67339039  1.64795506  1.67244374  1.71486144  1.60652292  1.69704774  1.57228029  1.69700451  0.94227687  1.39153081  1.53459105  1.56623656  1.67913365  1.63737439  1.56340602  0.00000000

--------------------------------------------------------------------------------
n=19
(result of R-step: (0,5:13)0.86278699)
V=[0, 1, 2, 3, 4, 5, 6, 7, 8, 9, 10, 11, 12, 14, 15, 16, 17, 18, 19]
total successes of this branch: 2
Matrix on 19 elements:

0    0.00000000  1.31880819  1.28591272  1.28122780  1.26046494  0.79315854  1.26969427  1.31479800  1.28361470  1.30014671  1.03445222  1.30008817  0.56309602  1.30489189  1.30075408  1.28449053  1.30039183  1.28342921  0.94415992
1    1.31880819  0.00000000  1.70983546  1.71238843  1.72044329  1.31492099  1.68925825  1.49475944  1.71108773  1.60385107  1.72259158  1.60401524  1.72441356  1.14493544  1.26809424  1.70990761  1.45083544  1.71118881  1.71803264
2    1.28591272  1.70983546  0.00000000  1.66862818  1.68061532  1.25722709  1.68523766  1.70782703  1.52734510  1.45612844  1.68576900  1.45656883  1.69230522  1.69457610  1.46408689  0.64035859  1.45999706  1.53832441  1.67974142
3    1.28122780  1.71238843  1.66862818  0.00000000  1.68170807  1.27643472  1.68656140  1.71027963  1.53260631  1.68915303  1.68435701  1.68914805  1.68778409  1.37868275  1.44189629  1.66871714  1.57640138  1.45150895  0.84496902
4    1.26046494  1.72044329  1.68061532  1.68170807  0.00000000  1.26385175  1.55449188  1.70689324  1.68115133  1.69356446  1.37172647  1.69329713  1.66398704  1.70609935  1.70054335  1.67886832  1.69660141  1.68119459  1.67339039
5    0.79315854  1.31492099  1.25722709  1.27643472  1.26385175  0.00000000  1.27193040  1.31141077  1.26664869  1.28392753  1.23606188  1.28390447  1.20171674  1.30066924  1.29119803  1.25710739  1.28723033  1.26740918  1.24136451
6    1.26969427  1.68925825  1.68523766  1.68656140  1.55449188  1.27193040  0.00000000  1.67196530  1.68588697  1.67869735  1.60729171  1.67761466  1.65648336  1.68825959  1.68760075  1.68479681  1.68216831  1.68593938  1.67244374
7    1.31479800  1.49475944  1.70782703  1.71027963  1.70689324  1.31141077  1.67196530  0.00000000  1.70903007  1.46329755  1.71317727  1.46369865  1.72004129  1.57456815  1.60362109  1.70785729  1.52750321  1.70912717  1.71486144
8    1.28361470  1.71108773  1.52734510  1.53260631  1.68115133  1.26664869  1.68588697  1.70903007  0.00000000  1.61687516  1.68507640  1.61700781  1.69008754  1.64499475  1.61934492  1.52823718  1.61807353  0.57013309  1.60652292
9    1.30014671  1.60385107  1.45612844  1.68915303  1.69356446  1.28392753  1.67869735  1.46329755  1.61687516  0.00000000  1.69927515  1.11651795  1.70597290  1.63543902  1.59634595  1.45750362  1.33531927  1.62249198  1.69704774
10    1.03445222  1.72259158  1.68576900  1.68435701  1.37172647  1.23606188  1.60729171  1.71317727  1.68507640  1.69927515  0.00000000  1.69909834  1.44557467  1.70843304  1.70349185  1.67982280  1.70110178  1.68502049  1.57228029
11    1.30008817  1.60401524  1.45656883  1.68914805  1.69329713  1.28390447  1.67761466  1.46369865  1.61700781  1.11651795  1.69909834  0.00000000  1.70588645  1.63554055  1.59652136  1.45794052  1.00035265  1.62261394  1.69700451
12    0.56309602  1.72441356  1.69230522  1.68778409  1.66398704  1.20171674  1.65648336  1.72004129  1.69008754  1.70597290  1.44557467  1.70588645  0.00000000  1.71084940  1.70680642  1.69090977  1.70630595  1.68990854  0.94227687
14    1.30489189  1.14493544  1.69457610  1.37868275  1.70609935  1.30066924  1.68825959  1.57456815  1.64499475  1.63543902  1.70843304  1.63554055  1.71084940  0.00000000  0.86786632  1.69465447  1.28548150  1.62429926  1.53459105
15    1.30075408  1.26809424  1.46408689  1.44189629  1.70054335  1.29119803  1.68760075  1.60362109  1.61934492  1.59634595  1.70349185  1.59652136  1.70680642  0.86786632  0.00000000  1.46544091  1.09679277  1.60555513  1.56623656
16    1.28449053  1.70990761  0.64035859  1.66871714  1.67886832  1.25710739  1.68479681  1.70785729  1.52823718  1.45750362  1.67982280  1.45794052  1.69090977  1.69465447  1.46544091  0.00000000  1.46136069  1.53915408  1.67913365
17    1.30039183  1.45083544  1.45999706  1.57640138  1.69660141  1.28723033  1.68216831  1.52750321  1.61807353  1.33531927  1.70110178  1.00035265  1.70630595  1.28548150  1.09679277  1.46136069  0.00000000  1.61483513  1.63737439
18    1.28342921  1.71118881  1.53832441  1.45150895  1.68119459  1.26740918  1.68593938  1.70912717  0.57013309  1.62249198  1.68502049  1.62261394  1.68990854  1.62429926  1.60555513  1.53915408  1.61483513  0.00000000  1.56340602
19    0.94415992  1.71803264  1.67974142  0.84496902  1.67339039  1.24136451  1.67244374  1.71486144  1.60652292  1.69704774  1.57228029  1.69700451  0.94227687  1.53459105  1.56623656  1.67913365  1.63737439  1.56340602  0.00000000

--------------------------------------------------------------------------------
n=18
(result of R-step: (2,10:16)0.99434426)
V=[0, 1, 2, 3, 4, 5, 6, 7, 8, 9, 10, 11, 12, 14, 15, 17, 18, 19]
total successes of this branch: 2
Matrix on 18 elements:

0    0.00000000  1.31880819  0.96870653  1.28122780  1.26046494  0.79315854  1.26969427  1.31479800  1.28361470  1.30014671  0.71724602  1.30008817  0.56309602  1.30489189  1.30075408  1.30039183  1.28342921  0.94415992
1    1.31880819  0.00000000  1.39262927  1.71238843  1.72044329  1.31492099  1.68925825  1.49475944  1.71108773  1.60385107  1.40538539  1.60401524  1.72441356  1.14493544  1.26809424  1.45083544  1.71118881  1.71803264
2    0.96870653  1.39262927  0.00000000  1.35142199  1.36340913  0.94002090  1.36803146  1.39062084  1.21013890  1.13892225  1.05135662  1.13936264  1.37509902  1.37736991  1.14688070  1.14279087  1.22111821  1.36253523
3    1.28122780  1.71238843  1.35142199  0.00000000  1.68170807  1.27643472  1.68656140  1.71027963  1.53260631  1.68915303  1.36715081  1.68914805  1.68778409  1.37868275  1.44189629  1.57640138  1.45150895  0.84496902
4    1.26046494  1.72044329  1.36340913  1.68170807  0.00000000  1.26385175  1.55449188  1.70689324  1.68115133  1.69356446  1.05452028  1.69329713  1.66398704  1.70609935  1.70054335  1.69660141  1.68119459  1.67339039
5    0.79315854  1.31492099  0.94002090  1.27643472  1.26385175  0.00000000  1.27193040  1.31141077  1.26664869  1.28392753  0.91885569  1.28390447  1.20171674  1.30066924  1.29119803  1.28723033  1.26740918  1.24136451
6    1.26969427  1.68925825  1.36803146  1.68656140  1.55449188  1.27193040  0.00000000  1.67196530  1.68588697  1.67869735  1.29008552  1.67761466  1.65648336  1.68825959  1.68760075  1.68216831  1.68593938  1.67244374
7    1.31479800  1.49475944  1.39062084  1.71027963  1.70689324  1.31141077  1.67196530  0.00000000  1.70903007  1.46329755  1.39597107  1.46369865  1.72004129  1.57456815  1.60362109  1.52750321  1.70912717  1.71486144
8    1.28361470  1.71108773  1.21013890  1.53260631  1.68115133  1.26664869  1.68588697  1.70903007  0.00000000  1.61687516  1.36787021  1.61700781  1.69008754  1.64499475  1.61934492  1.61807353  0.57013309  1.60652292
9    1.30014671  1.60385107  1.13892225  1.68915303  1.69356446  1.28392753  1.67869735  1.46329755  1.61687516  0.00000000  1.38206895  1.11651795  1.70597290  1.63543902  1.59634595  1.33531927  1.62249198  1.69704774
10    0.71724602  1.40538539  1.05135662  1.36715081  1.05452028  0.91885569  1.29008552  1.39597107  1.36787021  1.38206895  0.00000000  1.38189215  1.12836848  1.39122685  1.38628566  1.38389559  1.36781430  1.25507409
11    1.30008817  1.60401524  1.13936264  1.68914805  1.69329713  1.28390447  1.67761466  1.46369865  1.61700781  1.11651795  1.38189215  0.00000000  1.70588645  1.63554055  1.59652136  1.00035265  1.62261394  1.69700451
12    0.56309602  1.72441356  1.37509902  1.68778409  1.66398704  1.20171674  1.65648336  1.72004129  1.69008754  1.70597290  1.12836848  1.70588645  0.00000000  1.71084940  1.70680642  1.70630595  1.68990854  0.94227687
14    1.30489189  1.14493544  1.37736991  1.37868275  1.70609935  1.30066924  1.68825959  1.57456815  1.64499475  1.63543902  1.39122685  1.63554055  1.71084940  0.00000000  0.86786632  1.28548150  1.62429926  1.53459105
15    1.30075408  1.26809424  1.14688070  1.44189629  1.70054335  1.29119803  1.68760075  1.60362109  1.61934492  1.59634595  1.38628566  1.59652136  1.70680642  0.86786632  0.00000000  1.09679277  1.60555513  1.56623656
17    1.30039183  1.45083544  1.14279087  1.57640138  1.69660141  1.28723033  1.68216831  1.52750321  1.61807353  1.33531927  1.38389559  1.00035265  1.70630595  1.28548150  1.09679277  0.00000000  1.61483513  1.63737439
18    1.28342921  1.71118881  1.22111821  1.45150895  1.68119459  1.26740918  1.68593938  1.70912717  0.57013309  1.62249198  1.36781430  1.62261394  1.68990854  1.62429926  1.60555513  1.61483513  0.00000000  1.56340602
19    0.94415992  1.71803264  1.36253523  0.84496902  1.67339039  1.24136451  1.67244374  1.71486144  1.60652292  1.69704774  1.25507409  1.69700451  0.94227687  1.53459105  1.56623656  1.63737439  1.56340602  0.00000000

--------------------------------------------------------------------------------
n=17
(result of R-step: (3,12:19)0.53063227)
V=[0, 1, 2, 3, 4, 5, 6, 7, 8, 9, 10, 11, 12, 14, 15, 17, 18]
total successes of this branch: 2
Matrix on 17 elements:

0    0.00000000  1.31880819  0.96870653  1.23149690  1.26046494  0.79315854  1.26969427  1.31479800  1.28361470  1.30014671  0.71724602  1.30008817  0.51336513  1.30489189  1.30075408  1.30039183  1.28342921
1    1.31880819  0.00000000  1.39262927  1.66265753  1.72044329  1.31492099  1.68925825  1.49475944  1.71108773  1.60385107  1.40538539  1.60401524  1.67468266  1.14493544  1.26809424  1.45083544  1.71118881
2    0.96870653  1.39262927  0.00000000  1.30169109  1.36340913  0.94002090  1.36803146  1.39062084  1.21013890  1.13892225  1.05135662  1.13936264  1.32536813  1.37736991  1.14688070  1.14279087  1.22111821
3    1.23149690  1.66265753  1.30169109  0.00000000  1.63197717  1.22670382  1.63683050  1.66054874  1.48287541  1.63942214  1.31741992  1.63941716  1.58832229  1.32895185  1.39216539  1.52667048  1.40177805
4    1.26046494  1.72044329  1.36340913  1.63197717  0.00000000  1.26385175  1.55449188  1.70689324  1.68115133  1.69356446  1.05452028  1.69329713  1.61425614  1.70609935  1.70054335  1.69660141  1.68119459
5    0.79315854  1.31492099  0.94002090  1.22670382  1.26385175  0.00000000  1.27193040  1.31141077  1.26664869  1.28392753  0.91885569  1.28390447  1.15198584  1.30066924  1.29119803  1.28723033  1.26740918
6    1.26969427  1.68925825  1.36803146  1.63683050  1.55449188  1.27193040  0.00000000  1.67196530  1.68588697  1.67869735  1.29008552  1.67761466  1.60675246  1.68825959  1.68760075  1.68216831  1.68593938
7    1.31479800  1.49475944  1.39062084  1.66054874  1.70689324  1.31141077  1.67196530  0.00000000  1.70903007  1.46329755  1.39597107  1.46369865  1.67031039  1.57456815  1.60362109  1.52750321  1.70912717
8    1.28361470  1.71108773  1.21013890  1.48287541  1.68115133  1.26664869  1.68588697  1.70903007  0.00000000  1.61687516  1.36787021  1.61700781  1.64035664  1.64499475  1.61934492  1.61807353  0.57013309
9    1.30014671  1.60385107  1.13892225  1.63942214  1.69356446  1.28392753  1.67869735  1.46329755  1.61687516  0.00000000  1.38206895  1.11651795  1.65624200  1.63543902  1.59634595  1.33531927  1.62249198
10    0.71724602  1.40538539  1.05135662  1.31741992  1.05452028  0.91885569  1.29008552  1.39597107  1.36787021  1.38206895  0.00000000  1.38189215  1.07863758  1.39122685  1.38628566  1.38389559  1.36781430
11    1.30008817  1.60401524  1.13936264  1.63941716  1.69329713  1.28390447  1.67761466  1.46369865  1.61700781  1.11651795  1.38189215  0.00000000  1.65615555  1.63554055  1.59652136  1.00035265  1.62261394
12    0.51336513  1.67468266  1.32536813  1.58832229  1.61425614  1.15198584  1.60675246  1.67031039  1.64035664  1.65624200  1.07863758  1.65615555  0.00000000  1.66111850  1.65707552  1.65657506  1.64017764
14    1.30489189  1.14493544  1.37736991  1.32895185  1.70609935  1.30066924  1.68825959  1.57456815  1.64499475  1.63543902  1.39122685  1.63554055  1.66111850  0.00000000  0.86786632  1.28548150  1.62429926
15    1.30075408  1.26809424  1.14688070  1.39216539  1.70054335  1.29119803  1.68760075  1.60362109  1.61934492  1.59634595  1.38628566  1.59652136  1.65707552  0.86786632  0.00000000  1.09679277  1.60555513
17    1.30039183  1.45083544  1.14279087  1.52667048  1.69660141  1.28723033  1.68216831  1.52750321  1.61807353  1.33531927  1.38389559  1.00035265  1.65657506  1.28548150  1.09679277  0.00000000  1.61483513
18    1.28342921  1.71118881  1.22111821  1.40177805  1.68119459  1.26740918  1.68593938  1.70912717  0.57013309  1.62249198  1.36781430  1.62261394  1.64017764  1.62429926  1.60555513  1.61483513  0.00000000

--------------------------------------------------------------------------------
n=16
(result of R-step: (0,6:12)0.97274027)
V=[0, 1, 2, 3, 4, 5, 6, 7, 8, 9, 10, 11, 14, 15, 17, 18]
total successes of this branch: 2
Matrix on 16 elements:

0    0.00000000  1.25045619  0.90035453  1.16314490  1.19211294  0.72480654  0.72639971  1.24644600  1.21526270  1.23179470  0.64889402  1.23173617  1.23653989  1.23240208  1.23203982  1.21507721
1    1.25045619  0.00000000  1.39262927  1.66265753  1.72044329  1.31492099  1.21431569  1.49475944  1.71108773  1.60385107  1.40538539  1.60401524  1.14493544  1.26809424  1.45083544  1.71118881
2    0.90035453  1.39262927  0.00000000  1.30169109  1.36340913  0.94002090  0.89308891  1.39062084  1.21013890  1.13892225  1.05135662  1.13936264  1.37736991  1.14688070  1.14279087  1.22111821
3    1.16314490  1.66265753  1.30169109  0.00000000  1.63197717  1.22670382  1.16188795  1.66054874  1.48287541  1.63942214  1.31741992  1.63941716  1.32895185  1.39216539  1.52667048  1.40177805
4    1.19211294  1.72044329  1.36340913  1.63197717  0.00000000  1.26385175  1.07954933  1.70689324  1.68115133  1.69356446  1.05452028  1.69329713  1.70609935  1.70054335  1.69660141  1.68119459
5    0.72480654  1.31492099  0.94002090  1.22670382  1.26385175  0.00000000  0.79698784  1.31141077  1.26664869  1.28392753  0.91885569  1.28390447  1.30066924  1.29119803  1.28723033  1.26740918
6    0.72639971  1.21431569  0.89308891  1.16188795  1.07954933  0.79698784  0.00000000  1.19702275  1.21094441  1.20375480  0.81514296  1.20267210  1.21331703  1.21265819  1.20722575  1.21099683
7    1.24644600  1.49475944  1.39062084  1.66054874  1.70689324  1.31141077  1.19702275  0.00000000  1.70903007  1.46329755  1.39597107  1.46369865  1.57456815  1.60362109  1.52750321  1.70912717
8    1.21526270  1.71108773  1.21013890  1.48287541  1.68115133  1.26664869  1.21094441  1.70903007  0.00000000  1.61687516  1.36787021  1.61700781  1.64499475  1.61934492  1.61807353  0.57013309
9    1.23179470  1.60385107  1.13892225  1.63942214  1.69356446  1.28392753  1.20375480  1.46329755  1.61687516  0.00000000  1.38206895  1.11651795  1.63543902  1.59634595  1.33531927  1.62249198
10    0.64889402  1.40538539  1.05135662  1.31741992  1.05452028  0.91885569  0.81514296  1.39597107  1.36787021  1.38206895  0.00000000  1.38189215  1.39122685  1.38628566  1.38389559  1.36781430
11    1.23173617  1.60401524  1.13936264  1.63941716  1.69329713  1.28390447  1.20267210  1.46369865  1.61700781  1.11651795  1.38189215  0.00000000  1.63554055  1.59652136  1.00035265  1.62261394
14    1.23653989  1.14493544  1.37736991  1.32895185  1.70609935  1.30066924  1.21331703  1.57456815  1.64499475  1.63543902  1.39122685  1.63554055  0.00000000  0.86786632  1.28548150  1.62429926
15    1.23240208  1.26809424  1.14688070  1.39216539  1.70054335  1.29119803  1.21265819  1.60362109  1.61934492  1.59634595  1.38628566  1.59652136  0.86786632  0.00000000  1.09679277  1.60555513
17    1.23203982  1.45083544  1.14279087  1.52667048  1.69660141  1.28723033  1.20722575  1.52750321  1.61807353  1.33531927  1.38389559  1.00035265  1.28548150  1.09679277  0.00000000  1.61483513
18    1.21507721  1.71118881  1.22111821  1.40177805  1.68119459  1.26740918  1.21099683  1.70912717  0.57013309  1.62249198  1.36781430  1.62261394  1.62429926  1.60555513  1.61483513  0.00000000

--------------------------------------------------------------------------------
n=15
(result of R-step: (0,4:10)0.43352125)
V=[0, 1, 2, 3, 4, 5, 6, 7, 8, 9, 11, 14, 15, 17, 18]
total successes of this branch: 2
Matrix on 15 elements:

0    0.00000000  1.15254187  0.80244021  1.06523058  0.52134174  0.62689222  0.62848539  1.14853168  1.11734838  1.13388039  1.13382185  1.13862557  1.13448776  1.13412550  1.11716289
1    1.15254187  0.00000000  1.39262927  1.66265753  1.14758641  1.31492099  1.21431569  1.49475944  1.71108773  1.60385107  1.60401524  1.14493544  1.26809424  1.45083544  1.71118881
2    0.80244021  1.39262927  0.00000000  1.30169109  0.79055225  0.94002090  0.89308891  1.39062084  1.21013890  1.13892225  1.13936264  1.37736991  1.14688070  1.14279087  1.22111821
3    1.06523058  1.66265753  1.30169109  0.00000000  1.05912030  1.22670382  1.16188795  1.66054874  1.48287541  1.63942214  1.63941716  1.32895185  1.39216539  1.52667048  1.40177805
4    0.52134174  1.14758641  0.79055225  1.05912030  0.00000000  0.69099487  0.50669245  1.13403636  1.10829445  1.12070758  1.12044026  1.13324248  1.12768648  1.12374453  1.10833772
5    0.62689222  1.31492099  0.94002090  1.22670382  0.69099487  0.00000000  0.79698784  1.31141077  1.26664869  1.28392753  1.28390447  1.30066924  1.29119803  1.28723033  1.26740918
6    0.62848539  1.21431569  0.89308891  1.16188795  0.50669245  0.79698784  0.00000000  1.19702275  1.21094441  1.20375480  1.20267210  1.21331703  1.21265819  1.20722575  1.21099683
7    1.14853168  1.49475944  1.39062084  1.66054874  1.13403636  1.31141077  1.19702275  0.00000000  1.70903007  1.46329755  1.46369865  1.57456815  1.60362109  1.52750321  1.70912717
8    1.11734838  1.71108773  1.21013890  1.48287541  1.10829445  1.26664869  1.21094441  1.70903007  0.00000000  1.61687516  1.61700781  1.64499475  1.61934492  1.61807353  0.57013309
9    1.13388039  1.60385107  1.13892225  1.63942214  1.12070758  1.28392753  1.20375480  1.46329755  1.61687516  0.00000000  1.11651795  1.63543902  1.59634595  1.33531927  1.62249198
11    1.13382185  1.60401524  1.13936264  1.63941716  1.12044026  1.28390447  1.20267210  1.46369865  1.61700781  1.11651795  0.00000000  1.63554055  1.59652136  1.00035265  1.62261394
14    1.13862557  1.14493544  1.37736991  1.32895185  1.13324248  1.30066924  1.21331703  1.57456815  1.64499475  1.63543902  1.63554055  0.00000000  0.86786632  1.28548150  1.62429926
15    1.13448776  1.26809424  1.14688070  1.39216539  1.12768648  1.29119803  1.21265819  1.60362109  1.61934492  1.59634595  1.59652136  0.86786632  0.00000000  1.09679277  1.60555513
17    1.13412550  1.45083544  1.14279087  1.52667048  1.12374453  1.28723033  1.20722575  1.52750321  1.61807353  1.33531927  1.00035265  1.28548150  1.09679277  0.00000000  1.61483513
18    1.11716289  1.71118881  1.22111821  1.40177805  1.10833772  1.26740918  1.21099683  1.70912717  0.57013309  1.62249198  1.62261394  1.62429926  1.60555513  1.61483513  0.00000000

--------------------------------------------------------------------------------
n=14
(result of R-step: (3,8:18)0.07771143)
V=[0, 1, 2, 3, 4, 5, 6, 7, 8, 9, 11, 14, 15, 17]
total successes of this branch: 2
Matrix on 14 elements:

0    0.00000000  1.15254187  0.80244021  0.87044361  0.52134174  0.62689222  0.62848539  1.14853168  0.87283052  1.13388039  1.13382185  1.13862557  1.13448776  1.13412550
1    1.15254187  0.00000000  1.39262927  1.46787056  1.14758641  1.31492099  1.21431569  1.49475944  1.46656986  1.60385107  1.60401524  1.14493544  1.26809424  1.45083544
2    0.80244021  1.39262927  0.00000000  1.10690413  0.79055225  0.94002090  0.89308891  1.39062084  0.96562104  1.13892225  1.13936264  1.37736991  1.14688070  1.14279087
3    0.87044361  1.46787056  1.10690413  0.00000000  0.86433333  1.03191685  0.96710098  1.46576177  1.04357058  1.44463517  1.44463019  1.13416488  1.19737843  1.33188352
4    0.52134174  1.14758641  0.79055225  0.86433333  0.00000000  0.69099487  0.50669245  1.13403636  0.86377659  1.12070758  1.12044026  1.13324248  1.12768648  1.12374453
5    0.62689222  1.31492099  0.94002090  1.03191685  0.69099487  0.00000000  0.79698784  1.31141077  1.02213083  1.28392753  1.28390447  1.30066924  1.29119803  1.28723033
6    0.62848539  1.21431569  0.89308891  0.96710098  0.50669245  0.79698784  0.00000000  1.19702275  0.96642655  1.20375480  1.20267210  1.21331703  1.21265819  1.20722575
7    1.14853168  1.49475944  1.39062084  1.46576177  1.13403636  1.31141077  1.19702275  0.00000000  1.46451220  1.46329755  1.46369865  1.57456815  1.60362109  1.52750321
8    0.87283052  1.46656986  0.96562104  1.04357058  0.86377659  1.02213083  0.96642655  1.46451220  0.00000000  1.37235730  1.37248995  1.40047688  1.37482705  1.37355567
9    1.13388039  1.60385107  1.13892225  1.44463517  1.12070758  1.28392753  1.20375480  1.46329755  1.37235730  0.00000000  1.11651795  1.63543902  1.59634595  1.33531927
11    1.13382185  1.60401524  1.13936264  1.44463019  1.12044026  1.28390447  1.20267210  1.46369865  1.37248995  1.11651795  0.00000000  1.63554055  1.59652136  1.00035265
14    1.13862557  1.14493544  1.37736991  1.13416488  1.13324248  1.30066924  1.21331703  1.57456815  1.40047688  1.63543902  1.63554055  0.00000000  0.86786632  1.28548150
15    1.13448776  1.26809424  1.14688070  1.19737843  1.12768648  1.29119803  1.21265819  1.60362109  1.37482705  1.59634595  1.59652136  0.86786632  0.00000000  1.09679277
17    1.13412550  1.45083544  1.14279087  1.33188352  1.12374453  1.28723033  1.20722575  1.52750321  1.37355567  1.33531927  1.00035265  1.28548150  1.09679277  0.00000000

--------------------------------------------------------------------------------
n=13
(result of R-step: (11,15:17)0.54400053)
V=[0, 1, 2, 3, 4, 5, 6, 7, 8, 9, 11, 14, 15]
total successes of this branch: 2
Matrix on 13 elements:

0    0.00000000  1.15254187  0.80244021  0.87044361  0.52134174  0.62689222  0.62848539  1.14853168  0.87283052  1.13388039  0.88350982  1.13862557  0.88417573
1    1.15254187  0.00000000  1.39262927  1.46787056  1.14758641  1.31492099  1.21431569  1.49475944  1.46656986  1.60385107  1.35370321  1.14493544  1.01778221
2    0.80244021  1.39262927  0.00000000  1.10690413  0.79055225  0.94002090  0.89308891  1.39062084  0.96562104  1.13892225  0.88905061  1.37736991  0.89656867
3    0.87044361  1.46787056  1.10690413  0.00000000  0.86433333  1.03191685  0.96710098  1.46576177  1.04357058  1.44463517  1.19431816  1.13416488  0.94706640
4    0.52134174  1.14758641  0.79055225  0.86433333  0.00000000  0.69099487  0.50669245  1.13403636  0.86377659  1.12070758  0.87012823  1.13324248  0.87737445
5    0.62689222  1.31492099  0.94002090  1.03191685  0.69099487  0.00000000  0.79698784  1.31141077  1.02213083  1.28392753  1.03359244  1.30066924  1.04088600
6    0.62848539  1.21431569  0.89308891  0.96710098  0.50669245  0.79698784  0.00000000  1.19702275  0.96642655  1.20375480  0.95236007  1.21331703  0.96234616
7    1.14853168  1.49475944  1.39062084  1.46576177  1.13403636  1.31141077  1.19702275  0.00000000  1.46451220  1.46329755  1.21338662  1.57456815  1.35330906
8    0.87283052  1.46656986  0.96562104  1.04357058  0.86377659  1.02213083  0.96642655  1.46451220  0.00000000  1.37235730  1.12217792  1.40047688  1.12451502
9    1.13388039  1.60385107  1.13892225  1.44463517  1.12070758  1.28392753  1.20375480  1.46329755  1.37235730  0.00000000  0.86620592  1.63543902  1.34603392
11    0.88350982  1.35370321  0.88905061  1.19431816  0.87012823  1.03359244  0.95236007  1.21338662  1.12217792  0.86620592  0.00000000  1.38522852  1.09589730
14    1.13862557  1.14493544  1.37736991  1.13416488  1.13324248  1.30066924  1.21331703  1.57456815  1.40047688  1.63543902  1.38522852  0.00000000  0.61755429
15    0.88417573  1.01778221  0.89656867  0.94706640  0.87737445  1.04088600  0.96234616  1.35330906  1.12451502  1.34603392  1.09589730  0.61755429  0.00000000

--------------------------------------------------------------------------------
n=12
(result of R-step: (2,14:15)0.21801876)
V=[0, 1, 2, 3, 4, 5, 6, 7, 8, 9, 11, 14]
total successes of this branch: 2
Matrix on 12 elements:

0    0.00000000  1.15254187  0.80095785  0.87044361  0.52134174  0.62689222  0.62848539  1.14853168  0.87283052  1.13388039  0.88350982  0.81993702
1    1.15254187  0.00000000  1.39114691  1.46787056  1.14758641  1.31492099  1.21431569  1.49475944  1.46656986  1.60385107  1.35370321  0.82624689
2    0.80095785  1.39114691  0.00000000  1.10542177  0.78906989  0.93853854  0.89160655  1.38913848  0.96413868  1.13743989  0.88756825  1.05719900
3    0.87044361  1.46787056  1.10542177  0.00000000  0.86433333  1.03191685  0.96710098  1.46576177  1.04357058  1.44463517  1.19431816  0.81547633
4    0.52134174  1.14758641  0.78906989  0.86433333  0.00000000  0.69099487  0.50669245  1.13403636  0.86377659  1.12070758  0.87012823  0.81455392
5    0.62689222  1.31492099  0.93853854  1.03191685  0.69099487  0.00000000  0.79698784  1.31141077  1.02213083  1.28392753  1.03359244  0.98198068
6    0.62848539  1.21431569  0.89160655  0.96710098  0.50669245  0.79698784  0.00000000  1.19702275  0.96642655  1.20375480  0.95236007  0.89462848
7    1.14853168  1.49475944  1.38913848  1.46576177  1.13403636  1.31141077  1.19702275  0.00000000  1.46451220  1.46329755  1.21338662  1.25587960
8    0.87283052  1.46656986  0.96413868  1.04357058  0.86377659  1.02213083  0.96642655  1.46451220  0.00000000  1.37235730  1.12217792  1.08178833
9    1.13388039  1.60385107  1.13743989  1.44463517  1.12070758  1.28392753  1.20375480  1.46329755  1.37235730  0.00000000  0.86620592  1.31675046
11    0.88350982  1.35370321  0.88756825  1.19431816  0.87012823  1.03359244  0.95236007  1.21338662  1.12217792  0.86620592  0.00000000  1.06653996
14    0.81993702  0.82624689  1.05719900  0.81547633  0.81455392  0.98198068  0.89462848  1.25587960  1.08178833  1.31675046  1.06653996  0.00000000

--------------------------------------------------------------------------------
n=11
(result of R-step: (1,3:14)0.62969265)
V=[0, 1, 2, 3, 4, 5, 6, 7, 8, 9, 11]
total successes of this branch: 2
Matrix on 11 elements:

0    0.00000000  0.74692699  0.80095785  0.70934659  0.52134174  0.62689222  0.62848539  1.14853168  0.87283052  1.13388039  0.88350982
1    0.74692699  0.00000000  0.98553202  0.90115866  0.74197153  0.90930610  0.80870081  1.08914455  1.06095498  1.19823619  0.94808833
2    0.80095785  0.98553202  0.00000000  0.94432475  0.78906989  0.93853854  0.89160655  1.38913848  0.96413868  1.13743989  0.88756825
3    0.70934659  0.90115866  0.94432475  0.00000000  0.70323631  0.87081983  0.80600396  1.30466475  0.88247356  1.28353815  1.03322114
4    0.52134174  0.74197153  0.78906989  0.70323631  0.00000000  0.69099487  0.50669245  1.13403636  0.86377659  1.12070758  0.87012823
5    0.62689222  0.90930610  0.93853854  0.87081983  0.69099487  0.00000000  0.79698784  1.31141077  1.02213083  1.28392753  1.03359244
6    0.62848539  0.80870081  0.89160655  0.80600396  0.50669245  0.79698784  0.00000000  1.19702275  0.96642655  1.20375480  0.95236007
7    1.14853168  1.08914455  1.38913848  1.30466475  1.13403636  1.31141077  1.19702275  0.00000000  1.46451220  1.46329755  1.21338662
8    0.87283052  1.06095498  0.96413868  0.88247356  0.86377659  1.02213083  0.96642655  1.46451220  0.00000000  1.37235730  1.12217792
9    1.13388039  1.19823619  1.13743989  1.28353815  1.12070758  1.28392753  1.20375480  1.46329755  1.37235730  0.00000000  0.86620592
11    0.88350982  0.94808833  0.88756825  1.03322114  0.87012823  1.03359244  0.95236007  1.21338662  1.12217792  0.86620592  0.00000000

--------------------------------------------------------------------------------
n=10
(result of R-step: (6,9:11)0.00192219)
V=[0, 1, 2, 3, 4, 5, 6, 7, 8, 9]
total successes of this branch: 2
Matrix on 10 elements:

0    0.00000000  0.74692699  0.80095785  0.70934659  0.52134174  0.62689222  0.54571031  1.14853168  0.87283052  0.57616276
1    0.74692699  0.00000000  0.98553202  0.90115866  0.74197153  0.90930610  0.72592574  1.08914455  1.06095498  0.64051856
2    0.80095785  0.98553202  0.00000000  0.94432475  0.78906989  0.93853854  0.80883147  1.38913848  0.96413868  0.57972226
3    0.70934659  0.90115866  0.94432475  0.00000000  0.70323631  0.87081983  0.72322889  1.30466475  0.88247356  0.72582052
4    0.52134174  0.74197153  0.78906989  0.70323631  0.00000000  0.69099487  0.42391738  1.13403636  0.86377659  0.56298995
5    0.62689222  0.90930610  0.93853854  0.87081983  0.69099487  0.00000000  0.71421277  1.31141077  1.02213083  0.72620990
6    0.54571031  0.72592574  0.80883147  0.72322889  0.42391738  0.71421277  0.00000000  1.11424767  0.88365148  0.56326210
7    1.14853168  1.08914455  1.38913848  1.30466475  1.13403636  1.31141077  1.11424767  0.00000000  1.46451220  0.90557993
8    0.87283052  1.06095498  0.96413868  0.88247356  0.86377659  1.02213083  0.88365148  1.46451220  0.00000000  0.81463967
9    0.57616276  0.64051856  0.57972226  0.72582052  0.56298995  0.72620990  0.56326210  0.90557993  0.81463967  0.00000000

--------------------------------------------------------------------------------
n=9
(result of R-step: (2,7:9)0.50722361)
V=[0, 1, 2, 3, 4, 5, 6, 7, 8]
total successes of this branch: 2
Matrix on 9 elements:

0    0.00000000  0.74692699  0.51384692  0.70934659  0.52134174  0.62689222  0.54571031  0.54273220  0.87283052
1    0.74692699  0.00000000  0.69842110  0.90115866  0.74197153  0.90930610  0.72592574  0.48334507  1.06095498
2    0.51384692  0.69842110  0.00000000  0.65721382  0.50195896  0.65142761  0.52172055  0.49622807  0.67702775
3    0.70934659  0.90115866  0.65721382  0.00000000  0.70323631  0.87081983  0.72322889  0.69886527  0.88247356
4    0.52134174  0.74197153  0.50195896  0.70323631  0.00000000  0.69099487  0.42391738  0.52823688  0.86377659
5    0.62689222  0.90930610  0.65142761  0.87081983  0.69099487  0.00000000  0.71421277  0.70561129  1.02213083
6    0.54571031  0.72592574  0.52172055  0.72322889  0.42391738  0.71421277  0.00000000  0.50844819  0.88365148
7    0.54273220  0.48334507  0.49622807  0.69886527  0.52823688  0.70561129  0.50844819  0.00000000  0.85871272
8    0.87283052  1.06095498  0.67702775  0.88247356  0.86377659  1.02213083  0.88365148  0.85871272  0.00000000

--------------------------------------------------------------------------------
n=8
(result of R-step: (1,6:7)0.91834930)
V=[0, 1, 2, 3, 4, 5, 6, 8]
total successes of this branch: 2
Matrix on 8 elements:

0    0.00000000  0.41380862  0.51384692  0.70934659  0.52134174  0.62689222  0.36469470  0.87283052
1    0.41380862  0.00000000  0.36530273  0.56804030  0.40885317  0.57618774  0.21179176  0.72783662
2    0.51384692  0.36530273  0.00000000  0.65721382  0.50195896  0.65142761  0.34070493  0.67702775
3    0.70934659  0.56804030  0.65721382  0.00000000  0.70323631  0.87081983  0.54221327  0.88247356
4    0.52134174  0.40885317  0.50195896  0.70323631  0.00000000  0.69099487  0.24290176  0.86377659
5    0.62689222  0.57618774  0.65142761  0.87081983  0.69099487  0.00000000  0.53319715  1.02213083
6    0.36469470  0.21179176  0.34070493  0.54221327  0.24290176  0.53319715  0.00000000  0.70263586
8    0.87283052  0.72783662  0.67702775  0.88247356  0.86377659  1.02213083  0.70263586  0.00000000

--------------------------------------------------------------------------------
n=7
(result of R-step: (1,4:6)0.15819012)
V=[0, 1, 2, 3, 4, 5, 8]
total successes of this branch: 2
Matrix on 7 elements:

0    0.00000000  0.39088844  0.51384692  0.70934659  0.33254519  0.62689222  0.87283052
1    0.39088844  0.00000000  0.34238255  0.54512012  0.19713644  0.55326756  0.70491644
2    0.51384692  0.34238255  0.00000000  0.65721382  0.31316241  0.65142761  0.67702775
3    0.70934659  0.54512012  0.65721382  0.00000000  0.51443976  0.87081983  0.88247356
4    0.33254519  0.19713644  0.31316241  0.51443976  0.00000000  0.50219832  0.67498004
5    0.62689222  0.55326756  0.65142761  0.87081983  0.50219832  0.00000000  1.02213083
8    0.87283052  0.70491644  0.67702775  0.88247356  0.67498004  1.02213083  0.00000000

--------------------------------------------------------------------------------
n=6
(result of R-step: (2,3:8)0.50948633)
V=[0, 1, 2, 3, 4, 5]
total successes of this branch: 2
Matrix on 6 elements:

0    0.00000000  0.39088844  0.42398479  0.41929986  0.33254519  0.62689222
1    0.39088844  0.00000000  0.25252043  0.25507339  0.19713644  0.55326756
2    0.42398479  0.25252043  0.00000000  0.27730496  0.22330028  0.56156548
3    0.41929986  0.25507339  0.27730496  0.00000000  0.22439304  0.58077310
4    0.33254519  0.19713644  0.22330028  0.22439304  0.00000000  0.50219832
5    0.62689222  0.55326756  0.56156548  0.58077310  0.50219832  0.00000000

--------------------------------------------------------------------------------
n=5
(result of R-step: (0,2:5)0.75023233)
V=[0, 1, 2, 3, 4]
total successes of this branch: 2
Matrix on 5 elements:

0    0.00000000  0.17491831  0.11484926  0.20332973  0.11657506
1    0.17491831  0.00000000  0.15935503  0.25507339  0.19713644
2    0.11484926  0.15935503  0.00000000  0.18413956  0.13013489
3    0.20332973  0.25507339  0.18413956  0.00000000  0.22439304
4    0.11657506  0.19713644  0.13013489  0.22439304  0.00000000

--------------------------------------------------------------------------------
n=4
(result of R-step: (0,1:4)0.20174610)
V=[0, 1, 2, 3]
total successes of this branch: 0
reason of abort: negative delta/dxy

--------------------------------------------------------------------------------
n=4
(result of R-step: (0,2:1)0.12006954)
V=[0, 2, 3, 4]
total successes of this branch: 1
Matrix on 4 elements:

0    0.00000000  0.04935645  0.18155370  0.09479903
2    0.04935645  0.00000000  0.14042278  0.08641811
3    0.18155370  0.14042278  0.00000000  0.22439304
4    0.09479903  0.08641811  0.22439304  0.00000000

--------------------------------------------------------------------------------
n=4
(result of R-step: (0,2:3)0.05013944)
V=[0, 1, 2, 4]
total successes of this branch: 0
reason of abort: negative delta/dxy

--------------------------------------------------------------------------------
n=4
(result of R-step: (0,2:4)0.68159312)
V=[0, 1, 2, 3]
total successes of this branch: 1
Matrix on 4 elements:

0    0.00000000  0.13616155  0.03733574  0.16457297
1    0.13616155  0.00000000  0.12059827  0.25507339
2    0.03733574  0.12059827  0.00000000  0.14538280
3    0.16457297  0.25507339  0.14538280  0.00000000

--------------------------------------------------------------------------------
n=4
(result of R-step: (0,3:1)0.06416325)
V=[0, 2, 3, 4]
total successes of this branch: 0
Matrix on 4 elements:

0    0.00000000  0.07609250  0.02439588  0.07781830
2    0.07609250  0.00000000  0.04396248  0.13013489
3    0.02439588  0.04396248  0.00000000  0.08421595
4    0.07781830  0.13013489  0.08421595  0.00000000
reason of abort: no pseudometric

--------------------------------------------------------------------------------
n=4
(result of R-step: (0,3:4)0.36192891)
V=[0, 1, 2, 3]
total successes of this branch: 0
Matrix on 4 elements:

0    0.00000000  0.15314228  0.09307323  0.04071623
1    0.15314228  0.00000000  0.15935503  0.11423592
2    0.09307323  0.15935503  0.00000000  0.04330209
3    0.04071623  0.11423592  0.04330209  0.00000000
reason of abort: no pseudometric

--------------------------------------------------------------------------------
n=4
(result of R-step: (1,2:3)0.83341862)
V=[0, 1, 2, 4]
total successes of this branch: 0
Matrix on 4 elements:

0    0.00000000  0.06086398  0.07609250  0.11657506
1    0.06086398  0.00000000  0.00654394  0.08308211
2    0.07609250  0.00654394  0.00000000  0.09137813
4    0.11657506  0.08308211  0.09137813  0.00000000
reason of abort: no pseudometric

--------------------------------------------------------------------------------
n=4
(result of R-step: (2,4:1)0.71800068)
V=[0, 2, 3, 4]
total successes of this branch: 0
Matrix on 4 elements:

0    0.00000000  0.07092542  0.20332973  0.03835302
2    0.07092542  0.00000000  0.14021572  0.00798900
3    0.20332973  0.14021572  0.00000000  0.14617099
4    0.03835302  0.00798900  0.14617099  0.00000000
reason of abort: no pseudometric

--------------------------------------------------------------------------------
n=4
(result of R-step: (2,4:3)0.79925756)
V=[0, 1, 2, 4]
total successes of this branch: 0
Matrix on 4 elements:

0    0.00000000  0.17491831  0.07113248  0.03625395
1    0.17491831  0.00000000  0.11563825  0.11681533
2    0.07113248  0.11563825  0.00000000  0.00609700
4    0.03625395  0.11681533  0.00609700  0.00000000
reason of abort: no pseudometric

--------------------------------------------------------------------------------
n=4
(result of R-step: (3,4:1)0.88925537)
V=[0, 2, 3, 4]
total successes of this branch: 0
Matrix on 4 elements:

0    0.00000000  0.11484926  0.06330984  0.04254197
2    0.11484926  0.00000000  0.04411968  0.05610180
3    0.06330984  0.04411968  0.00000000  0.01034005
4    0.04254197  0.05610180  0.01034005  0.00000000
reason of abort: no pseudometric
