n=20
V=[0, 1, 2, 3, 4, 5, 6, 7, 8, 9, 10, 11, 12, 13, 14, 15, 16, 17, 18, 19]
total successes of this branch: 5
Matrix on 20 elements:

0    0.00000000  1.38918414  1.34024777  1.14501575  1.37278244  1.37089587  1.36479269  1.34931253  1.28341889  1.31601739  0.70801580  1.31542864  1.34046639  1.37043217  1.31717028  0.81204719  1.31195742  1.16137063  1.34582221  1.33242451
1    1.38918414  0.00000000  1.37216306  1.24325807  1.09511370  1.06104597  1.16315052  1.28014426  1.13161156  1.27413275  1.31335546  1.27155873  1.28109742  1.06280583  1.20769152  1.29531018  1.19594106  1.25405663  0.69546634  1.14934160
2    1.34024777  1.37216306  0.00000000  1.35218660  1.23249419  1.18651385  1.10830422  0.83999822  1.25067422  0.92347181  1.31246255  0.92938128  0.84437112  1.18436425  1.04032177  1.26598636  1.07281047  1.24509652  1.20407999  1.11185607
3    1.14501575  1.24325807  1.35218660  0.00000000  1.27976697  1.28396634  1.29755153  1.33200916  0.99679512  1.20214354  1.17976255  1.19843483  1.33037457  1.28325130  1.16849518  1.17783831  1.14197630  0.18091726  1.18638950  1.19142480
4    1.37278244  1.09511370  1.23249419  1.27976697  0.00000000  1.14645490  0.85097639  1.20704643  1.19808289  1.21889802  1.14180752  1.21852208  1.20849520  1.14705737  1.20267411  1.15220232  1.20196500  1.27580686  1.15510949  1.18274646
5    1.37089587  1.06104597  1.18651385  1.28396634  1.14645490  0.00000000  1.15629244  1.04098121  0.82961367  1.08058156  1.31302177  1.07604893  1.04386513  0.27482360  0.93787829  1.24895477  0.92115694  1.27580260  0.98249987  0.69492996
6    1.36479269  1.16315052  1.10830422  1.29755153  0.85097639  1.15629244  0.00000000  1.12249765  1.21099809  1.15102695  1.23230059  1.15211007  1.12461566  1.15625747  1.16566726  1.22092095  1.17266856  1.28169800  1.16849479  1.16692442
7    1.34931253  1.28014426  0.83999822  1.33200916  1.20704643  1.04098121  1.12249765  0.00000000  1.15368810  0.66502802  1.31262795  0.67385351  0.34618036  1.03791206  0.65559736  1.20042028  0.73252692  1.29079267  0.97266335  0.83941659
8    1.28341889  1.13161156  1.25067422  0.99679512  1.19808289  0.82961367  1.21099809  1.15368810  0.00000000  1.12811856  1.26141424  1.11609155  1.15482213  0.83200860  0.67934465  1.16200841  0.58620716  1.01806295  0.82537320  0.67224159
9    1.31601739  1.27413275  0.92347181  1.20214354  1.21889802  1.08058156  1.15102695  0.66502802  1.12811856  0.00000000  1.29097429  0.47422027  0.67071859  1.07551245  0.89091885  1.22265283  0.92755408  1.17879879  1.07953277  0.97934187
10    0.70801580  1.31335546  1.31246255  1.17976255  1.14180752  1.31302177  1.23230059  1.31262795  1.26141424  1.29097429  0.00000000  1.29044042  1.30734278  1.31283299  1.28764643  0.31773662  1.28359490  1.19087902  1.29664524  1.29382870
11    1.31542864  1.27155873  0.92938128  1.19843483  1.21852208  1.07604893  1.15211007  0.67385351  1.11609155  0.47422027  1.29044042  0.00000000  0.67946179  1.06929431  0.88957270  1.22198024  0.92455829  1.17589581  1.07672193  0.97521821
12    1.34046639  1.28109742  0.84437112  1.33037457  1.20849520  1.04386513  1.12461566  0.34618036  1.15482213  0.67071859  1.30734278  0.67946179  0.00000000  1.04081876  0.74062754  1.21055916  0.80459944  1.28966133  1.01354923  0.88727997
13    1.37043217  1.06280583  1.18436425  1.28325130  1.14705737  0.27482360  1.15625747  1.03791206  0.83200860  1.07551245  1.31283299  1.06929431  1.04081876  0.00000000  0.93747446  1.24872927  0.92118537  1.27496739  0.98328755  0.61027650
14    1.31717028  1.20769152  1.04032177  1.16849518  1.20267411  0.93787829  1.16566726  0.65559736  0.67934465  0.89091885  1.28764643  0.88957270  0.74062754  0.93747446  0.00000000  1.08789103  0.16945099  1.15775790  0.62473128  0.43827146
15    0.81204719  1.29531018  1.26598636  1.17783831  1.15220232  1.24895477  1.22092095  1.20042028  1.16200841  1.22265283  0.31773662  1.22198024  1.21055916  1.24872927  1.08789103  0.00000000  1.09933838  1.18522260  1.18527424  1.15162757
16    1.31195742  1.19594106  1.07281047  1.14197630  1.20196500  0.92115694  1.17266856  0.73252692  0.58620716  0.92755408  1.28359490  0.92455829  0.80459944  0.92118537  0.16945099  1.09933838  0.00000000  1.13618217  0.55511194  0.34382366
17    1.16137063  1.25405663  1.24509652  0.18091726  1.27580686  1.27580260  1.28169800  1.29079267  1.01806295  1.17879879  1.19087902  1.17589581  1.28966133  1.27496739  1.15775790  1.18522260  1.13618217  0.00000000  1.18787146  1.18475921
18    1.34582221  0.69546634  1.20407999  1.18638950  1.15510949  0.98249987  1.16849479  0.97266335  0.82537320  1.07953277  1.29664524  1.07672193  1.01354923  0.98328755  0.62473128  1.18527424  0.55511194  1.18787146  0.00000000  0.70498024
19    1.33242451  1.14934160  1.11185607  1.19142480  1.18274646  0.69492996  1.16692442  0.83941659  0.67224159  0.97934187  1.29382870  0.97521821  0.88727997  0.61027650  0.43827146  1.15162757  0.34382366  1.18475921  0.70498024  0.00000000

--------------------------------------------------------------------------------
n=19
(result of R-step: (2,3:17)0.08377150)
V=[0, 1, 2, 3, 4, 5, 6, 7, 8, 9, 10, 11, 12, 13, 14, 15, 16, 18, 19]
total successes of this branch: 5
Matrix on 19 elements:

0    0.00000000  1.38918414  1.30333419  1.10810216  1.37278244  1.37089587  1.36479269  1.34931253  1.28341889  1.31601739  0.70801580  1.31542864  1.34046639  1.37043217  1.31717028  0.81204719  1.31195742  1.34582221  1.33242451
1    1.38918414  0.00000000  1.33524947  1.20634448  1.09511370  1.06104597  1.16315052  1.28014426  1.13161156  1.27413275  1.31335546  1.27155873  1.28109742  1.06280583  1.20769152  1.29531018  1.19594106  0.69546634  1.14934160
2    1.30333419  1.33524947  0.00000000  1.27835943  1.19558060  1.14960026  1.07139064  0.80308463  1.21376063  0.88655823  1.27554897  0.89246770  0.80745753  1.14745066  1.00340819  1.22907277  1.03589689  1.16716640  1.07494249
3    1.10810216  1.20634448  1.27835943  0.00000000  1.24285338  1.24705275  1.26063795  1.29509558  0.95988153  1.16522996  1.14284896  1.16152124  1.29346099  1.24633772  1.13158159  1.14092472  1.10506271  1.14947592  1.15451122
4    1.37278244  1.09511370  1.19558060  1.24285338  0.00000000  1.14645490  0.85097639  1.20704643  1.19808289  1.21889802  1.14180752  1.21852208  1.20849520  1.14705737  1.20267411  1.15220232  1.20196500  1.15510949  1.18274646
5    1.37089587  1.06104597  1.14960026  1.24705275  1.14645490  0.00000000  1.15629244  1.04098121  0.82961367  1.08058156  1.31302177  1.07604893  1.04386513  0.27482360  0.93787829  1.24895477  0.92115694  0.98249987  0.69492996
6    1.36479269  1.16315052  1.07139064  1.26063795  0.85097639  1.15629244  0.00000000  1.12249765  1.21099809  1.15102695  1.23230059  1.15211007  1.12461566  1.15625747  1.16566726  1.22092095  1.17266856  1.16849479  1.16692442
7    1.34931253  1.28014426  0.80308463  1.29509558  1.20704643  1.04098121  1.12249765  0.00000000  1.15368810  0.66502802  1.31262795  0.67385351  0.34618036  1.03791206  0.65559736  1.20042028  0.73252692  0.97266335  0.83941659
8    1.28341889  1.13161156  1.21376063  0.95988153  1.19808289  0.82961367  1.21099809  1.15368810  0.00000000  1.12811856  1.26141424  1.11609155  1.15482213  0.83200860  0.67934465  1.16200841  0.58620716  0.82537320  0.67224159
9    1.31601739  1.27413275  0.88655823  1.16522996  1.21889802  1.08058156  1.15102695  0.66502802  1.12811856  0.00000000  1.29097429  0.47422027  0.67071859  1.07551245  0.89091885  1.22265283  0.92755408  1.07953277  0.97934187
10    0.70801580  1.31335546  1.27554897  1.14284896  1.14180752  1.31302177  1.23230059  1.31262795  1.26141424  1.29097429  0.00000000  1.29044042  1.30734278  1.31283299  1.28764643  0.31773662  1.28359490  1.29664524  1.29382870
11    1.31542864  1.27155873  0.89246770  1.16152124  1.21852208  1.07604893  1.15211007  0.67385351  1.11609155  0.47422027  1.29044042  0.00000000  0.67946179  1.06929431  0.88957270  1.22198024  0.92455829  1.07672193  0.97521821
12    1.34046639  1.28109742  0.80745753  1.29346099  1.20849520  1.04386513  1.12461566  0.34618036  1.15482213  0.67071859  1.30734278  0.67946179  0.00000000  1.04081876  0.74062754  1.21055916  0.80459944  1.01354923  0.88727997
13    1.37043217  1.06280583  1.14745066  1.24633772  1.14705737  0.27482360  1.15625747  1.03791206  0.83200860  1.07551245  1.31283299  1.06929431  1.04081876  0.00000000  0.93747446  1.24872927  0.92118537  0.98328755  0.61027650
14    1.31717028  1.20769152  1.00340819  1.13158159  1.20267411  0.93787829  1.16566726  0.65559736  0.67934465  0.89091885  1.28764643  0.88957270  0.74062754  0.93747446  0.00000000  1.08789103  0.16945099  0.62473128  0.43827146
15    0.81204719  1.29531018  1.22907277  1.14092472  1.15220232  1.24895477  1.22092095  1.20042028  1.16200841  1.22265283  0.31773662  1.22198024  1.21055916  1.24872927  1.08789103  0.00000000  1.09933838  1.18527424  1.15162757
16    1.31195742  1.19594106  1.03589689  1.10506271  1.20196500  0.92115694  1.17266856  0.73252692  0.58620716  0.92755408  1.28359490  0.92455829  0.80459944  0.92118537  0.16945099  1.09933838  0.00000000  0.55511194  0.34382366
18    1.34582221  0.69546634  1.16716640  1.14947592  1.15510949  0.98249987  1.16849479  0.97266335  0.82537320  1.07953277  1.29664524  1.07672193  1.01354923  0.98328755  0.62473128  1.18527424  0.55511194  0.00000000  0.70498024
19    1.33242451  1.14934160  1.07494249  1.15451122  1.18274646  0.69492996  1.16692442  0.83941659  0.67224159  0.97934187  1.29382870  0.97521821  0.88727997  0.61027650  0.43827146  1.15162757  0.34382366  0.70498024  0.00000000

--------------------------------------------------------------------------------
n=18
(result of R-step: (13,16:19)0.35001595)
V=[0, 1, 2, 3, 4, 5, 6, 7, 8, 9, 10, 11, 12, 13, 14, 15, 16, 18]
total successes of this branch: 5
Matrix on 18 elements:

0    0.00000000  1.38918414  1.30333419  1.10810216  1.37278244  1.37089587  1.36479269  1.34931253  1.28341889  1.31601739  0.70801580  1.31542864  1.34046639  1.35397478  1.31717028  0.81204719  1.29550003  1.34582221
1    1.38918414  0.00000000  1.33524947  1.20634448  1.09511370  1.06104597  1.16315052  1.28014426  1.13161156  1.27413275  1.31335546  1.27155873  1.28109742  1.04634844  1.20769152  1.29531018  1.17948367  0.69546634
2    1.30333419  1.33524947  0.00000000  1.27835943  1.19558060  1.14960026  1.07139064  0.80308463  1.21376063  0.88655823  1.27554897  0.89246770  0.80745753  1.13099327  1.00340819  1.22907277  1.01943950  1.16716640
3    1.10810216  1.20634448  1.27835943  0.00000000  1.24285338  1.24705275  1.26063795  1.29509558  0.95988153  1.16522996  1.14284896  1.16152124  1.29346099  1.22988033  1.13158159  1.14092472  1.08860532  1.14947592
4    1.37278244  1.09511370  1.19558060  1.24285338  0.00000000  1.14645490  0.85097639  1.20704643  1.19808289  1.21889802  1.14180752  1.21852208  1.20849520  1.13059998  1.20267411  1.15220232  1.18550761  1.15510949
5    1.37089587  1.06104597  1.14960026  1.24705275  1.14645490  0.00000000  1.15629244  1.04098121  0.82961367  1.08058156  1.31302177  1.07604893  1.04386513  0.25836621  0.93787829  1.24895477  0.90469955  0.98249987
6    1.36479269  1.16315052  1.07139064  1.26063795  0.85097639  1.15629244  0.00000000  1.12249765  1.21099809  1.15102695  1.23230059  1.15211007  1.12461566  1.13980008  1.16566726  1.22092095  1.15621116  1.16849479
7    1.34931253  1.28014426  0.80308463  1.29509558  1.20704643  1.04098121  1.12249765  0.00000000  1.15368810  0.66502802  1.31262795  0.67385351  0.34618036  1.02145467  0.65559736  1.20042028  0.71606953  0.97266335
8    1.28341889  1.13161156  1.21376063  0.95988153  1.19808289  0.82961367  1.21099809  1.15368810  0.00000000  1.12811856  1.26141424  1.11609155  1.15482213  0.81555120  0.67934465  1.16200841  0.56974977  0.82537320
9    1.31601739  1.27413275  0.88655823  1.16522996  1.21889802  1.08058156  1.15102695  0.66502802  1.12811856  0.00000000  1.29097429  0.47422027  0.67071859  1.05905506  0.89091885  1.22265283  0.91109669  1.07953277
10    0.70801580  1.31335546  1.27554897  1.14284896  1.14180752  1.31302177  1.23230059  1.31262795  1.26141424  1.29097429  0.00000000  1.29044042  1.30734278  1.29637560  1.28764643  0.31773662  1.26713751  1.29664524
11    1.31542864  1.27155873  0.89246770  1.16152124  1.21852208  1.07604893  1.15211007  0.67385351  1.11609155  0.47422027  1.29044042  0.00000000  0.67946179  1.05283692  0.88957270  1.22198024  0.90810090  1.07672193
12    1.34046639  1.28109742  0.80745753  1.29346099  1.20849520  1.04386513  1.12461566  0.34618036  1.15482213  0.67071859  1.30734278  0.67946179  0.00000000  1.02436137  0.74062754  1.21055916  0.78814205  1.01354923
13    1.35397478  1.04634844  1.13099327  1.22988033  1.13059998  0.25836621  1.13980008  1.02145467  0.81555120  1.05905506  1.29637560  1.05283692  1.02436137  0.00000000  0.92101707  1.23227188  0.88827059  0.96683016
14    1.31717028  1.20769152  1.00340819  1.13158159  1.20267411  0.93787829  1.16566726  0.65559736  0.67934465  0.89091885  1.28764643  0.88957270  0.74062754  0.92101707  0.00000000  1.08789103  0.15299360  0.62473128
15    0.81204719  1.29531018  1.22907277  1.14092472  1.15220232  1.24895477  1.22092095  1.20042028  1.16200841  1.22265283  0.31773662  1.22198024  1.21055916  1.23227188  1.08789103  0.00000000  1.08288098  1.18527424
16    1.29550003  1.17948367  1.01943950  1.08860532  1.18550761  0.90469955  1.15621116  0.71606953  0.56974977  0.91109669  1.26713751  0.90810090  0.78814205  0.88827059  0.15299360  1.08288098  0.00000000  0.53865455
18    1.34582221  0.69546634  1.16716640  1.14947592  1.15510949  0.98249987  1.16849479  0.97266335  0.82537320  1.07953277  1.29664524  1.07672193  1.01354923  0.96683016  0.62473128  1.18527424  0.53865455  0.00000000

--------------------------------------------------------------------------------
n=17
(result of R-step: (1,16:18)0.43851138)
V=[0, 1, 2, 3, 4, 5, 6, 7, 8, 9, 10, 11, 12, 13, 14, 15, 16]
total successes of this branch: 5
Matrix on 17 elements:

0    0.00000000  1.36186553  1.30333419  1.10810216  1.37278244  1.37089587  1.36479269  1.34931253  1.28341889  1.31601739  0.70801580  1.31542864  1.34046639  1.35397478  1.31717028  0.81204719  1.28463881
1    1.36186553  0.00000000  1.30793086  1.17902587  1.06779508  1.03372736  1.13583191  1.25282564  1.10429295  1.24681414  1.28603685  1.24424012  1.25377881  1.01902983  1.18037291  1.26799157  1.14130384
2    1.30333419  1.30793086  0.00000000  1.27835943  1.19558060  1.14960026  1.07139064  0.80308463  1.21376063  0.88655823  1.27554897  0.89246770  0.80745753  1.13099327  1.00340819  1.22907277  1.00857828
3    1.10810216  1.17902587  1.27835943  0.00000000  1.24285338  1.24705275  1.26063795  1.29509558  0.95988153  1.16522996  1.14284896  1.16152124  1.29346099  1.22988033  1.13158159  1.14092472  1.07774410
4    1.37278244  1.06779508  1.19558060  1.24285338  0.00000000  1.14645490  0.85097639  1.20704643  1.19808289  1.21889802  1.14180752  1.21852208  1.20849520  1.13059998  1.20267411  1.15220232  1.17464639
5    1.37089587  1.03372736  1.14960026  1.24705275  1.14645490  0.00000000  1.15629244  1.04098121  0.82961367  1.08058156  1.31302177  1.07604893  1.04386513  0.25836621  0.93787829  1.24895477  0.89383833
6    1.36479269  1.13583191  1.07139064  1.26063795  0.85097639  1.15629244  0.00000000  1.12249765  1.21099809  1.15102695  1.23230059  1.15211007  1.12461566  1.13980008  1.16566726  1.22092095  1.14534994
7    1.34931253  1.25282564  0.80308463  1.29509558  1.20704643  1.04098121  1.12249765  0.00000000  1.15368810  0.66502802  1.31262795  0.67385351  0.34618036  1.02145467  0.65559736  1.20042028  0.70520831
8    1.28341889  1.10429295  1.21376063  0.95988153  1.19808289  0.82961367  1.21099809  1.15368810  0.00000000  1.12811856  1.26141424  1.11609155  1.15482213  0.81555120  0.67934465  1.16200841  0.55888855
9    1.31601739  1.24681414  0.88655823  1.16522996  1.21889802  1.08058156  1.15102695  0.66502802  1.12811856  0.00000000  1.29097429  0.47422027  0.67071859  1.05905506  0.89091885  1.22265283  0.90023547
10    0.70801580  1.28603685  1.27554897  1.14284896  1.14180752  1.31302177  1.23230059  1.31262795  1.26141424  1.29097429  0.00000000  1.29044042  1.30734278  1.29637560  1.28764643  0.31773662  1.25627629
11    1.31542864  1.24424012  0.89246770  1.16152124  1.21852208  1.07604893  1.15211007  0.67385351  1.11609155  0.47422027  1.29044042  0.00000000  0.67946179  1.05283692  0.88957270  1.22198024  0.89723968
12    1.34046639  1.25377881  0.80745753  1.29346099  1.20849520  1.04386513  1.12461566  0.34618036  1.15482213  0.67071859  1.30734278  0.67946179  0.00000000  1.02436137  0.74062754  1.21055916  0.77728083
13    1.35397478  1.01902983  1.13099327  1.22988033  1.13059998  0.25836621  1.13980008  1.02145467  0.81555120  1.05905506  1.29637560  1.05283692  1.02436137  0.00000000  0.92101707  1.23227188  0.87740937
14    1.31717028  1.18037291  1.00340819  1.13158159  1.20267411  0.93787829  1.16566726  0.65559736  0.67934465  0.89091885  1.28764643  0.88957270  0.74062754  0.92101707  0.00000000  1.08789103  0.14213238
15    0.81204719  1.26799157  1.22907277  1.14092472  1.15220232  1.24895477  1.22092095  1.20042028  1.16200841  1.22265283  0.31773662  1.22198024  1.21055916  1.23227188  1.08789103  0.00000000  1.07201976
16    1.28463881  1.14130384  1.00857828  1.07774410  1.17464639  0.89383833  1.14534994  0.70520831  0.55888855  0.90023547  1.25627629  0.89723968  0.77728083  0.87740937  0.14213238  1.07201976  0.00000000

--------------------------------------------------------------------------------
n=16
(result of R-step: (5,11:13)0.99164011)
V=[0, 1, 2, 3, 4, 5, 6, 7, 8, 9, 10, 11, 12, 14, 15, 16]
total successes of this branch: 5
Matrix on 16 elements:

0    0.00000000  1.36186553  1.30333419  1.10810216  1.37278244  1.23686138  1.36479269  1.34931253  1.28341889  1.31601739  0.70801580  1.18139415  1.34046639  1.31717028  0.81204719  1.28463881
1    1.36186553  0.00000000  1.30793086  1.17902587  1.06779508  0.89969286  1.13583191  1.25282564  1.10429295  1.24681414  1.28603685  1.11020563  1.25377881  1.18037291  1.26799157  1.14130384
2    1.30333419  1.30793086  0.00000000  1.27835943  1.19558060  1.01556577  1.07139064  0.80308463  1.21376063  0.88655823  1.27554897  0.75843320  0.80745753  1.00340819  1.22907277  1.00857828
3    1.10810216  1.17902587  1.27835943  0.00000000  1.24285338  1.11301826  1.26063795  1.29509558  0.95988153  1.16522996  1.14284896  1.02748675  1.29346099  1.13158159  1.14092472  1.07774410
4    1.37278244  1.06779508  1.19558060  1.24285338  0.00000000  1.01242041  0.85097639  1.20704643  1.19808289  1.21889802  1.14180752  1.08448759  1.20849520  1.20267411  1.15220232  1.17464639
5    1.23686138  0.89969286  1.01556577  1.11301826  1.01242041  0.00000000  1.02225795  0.90694672  0.69557918  0.94654707  1.17898728  0.80797995  0.90983064  0.80384380  1.11492028  0.75980384
6    1.36479269  1.13583191  1.07139064  1.26063795  0.85097639  1.02225795  0.00000000  1.12249765  1.21099809  1.15102695  1.23230059  1.01807558  1.12461566  1.16566726  1.22092095  1.14534994
7    1.34931253  1.25282564  0.80308463  1.29509558  1.20704643  0.90694672  1.12249765  0.00000000  1.15368810  0.66502802  1.31262795  0.53981902  0.34618036  0.65559736  1.20042028  0.70520831
8    1.28341889  1.10429295  1.21376063  0.95988153  1.19808289  0.69557918  1.21099809  1.15368810  0.00000000  1.12811856  1.26141424  0.98205706  1.15482213  0.67934465  1.16200841  0.55888855
9    1.31601739  1.24681414  0.88655823  1.16522996  1.21889802  0.94654707  1.15102695  0.66502802  1.12811856  0.00000000  1.29097429  0.34018577  0.67071859  0.89091885  1.22265283  0.90023547
10    0.70801580  1.28603685  1.27554897  1.14284896  1.14180752  1.17898728  1.23230059  1.31262795  1.26141424  1.29097429  0.00000000  1.15640593  1.30734278  1.28764643  0.31773662  1.25627629
11    1.18139415  1.11020563  0.75843320  1.02748675  1.08448759  0.80797995  1.01807558  0.53981902  0.98205706  0.34018577  1.15640593  0.00000000  0.54542730  0.75553821  1.08794575  0.76320519
12    1.34046639  1.25377881  0.80745753  1.29346099  1.20849520  0.90983064  1.12461566  0.34618036  1.15482213  0.67071859  1.30734278  0.54542730  0.00000000  0.74062754  1.21055916  0.77728083
14    1.31717028  1.18037291  1.00340819  1.13158159  1.20267411  0.80384380  1.16566726  0.65559736  0.67934465  0.89091885  1.28764643  0.75553821  0.74062754  0.00000000  1.08789103  0.14213238
15    0.81204719  1.26799157  1.22907277  1.14092472  1.15220232  1.11492028  1.22092095  1.20042028  1.16200841  1.22265283  0.31773662  1.08794575  1.21055916  1.08789103  0.00000000  1.07201976
16    1.28463881  1.14130384  1.00857828  1.07774410  1.17464639  0.75980384  1.14534994  0.70520831  0.55888855  0.90023547  1.25627629  0.76320519  0.77728083  0.14213238  1.07201976  0.00000000

--------------------------------------------------------------------------------
n=15
(result of R-step: (8,14:16)0.15444889)
V=[0, 1, 2, 3, 4, 5, 6, 7, 8, 9, 10, 11, 12, 14, 15]
total successes of this branch: 5
Matrix on 15 elements:

0    0.00000000  1.36186553  1.30333419  1.10810216  1.37278244  1.23686138  1.36479269  1.34931253  1.24526214  1.31601739  0.70801580  1.18139415  1.34046639  1.27901353  0.81204719
1    1.36186553  0.00000000  1.30793086  1.17902587  1.06779508  0.89969286  1.13583191  1.25282564  1.06613620  1.24681414  1.28603685  1.11020563  1.25377881  1.14221616  1.26799157
2    1.30333419  1.30793086  0.00000000  1.27835943  1.19558060  1.01556577  1.07139064  0.80308463  1.17560388  0.88655823  1.27554897  0.75843320  0.80745753  0.96525144  1.22907277
3    1.10810216  1.17902587  1.27835943  0.00000000  1.24285338  1.11301826  1.26063795  1.29509558  0.92172478  1.16522996  1.14284896  1.02748675  1.29346099  1.09342484  1.14092472
4    1.37278244  1.06779508  1.19558060  1.24285338  0.00000000  1.01242041  0.85097639  1.20704643  1.15992614  1.21889802  1.14180752  1.08448759  1.20849520  1.16451736  1.15220232
5    1.23686138  0.89969286  1.01556577  1.11301826  1.01242041  0.00000000  1.02225795  0.90694672  0.65742243  0.94654707  1.17898728  0.80797995  0.90983064  0.76568704  1.11492028
6    1.36479269  1.13583191  1.07139064  1.26063795  0.85097639  1.02225795  0.00000000  1.12249765  1.17284134  1.15102695  1.23230059  1.01807558  1.12461566  1.12751051  1.22092095
7    1.34931253  1.25282564  0.80308463  1.29509558  1.20704643  0.90694672  1.12249765  0.00000000  1.11553135  0.66502802  1.31262795  0.53981902  0.34618036  0.61744061  1.20042028
8    1.24526214  1.06613620  1.17560388  0.92172478  1.15992614  0.65742243  1.17284134  1.11553135  0.00000000  1.08996181  1.22325749  0.94390031  1.11666538  0.60303115  1.12385166
9    1.31601739  1.24681414  0.88655823  1.16522996  1.21889802  0.94654707  1.15102695  0.66502802  1.08996181  0.00000000  1.29097429  0.34018577  0.67071859  0.85276210  1.22265283
10    0.70801580  1.28603685  1.27554897  1.14284896  1.14180752  1.17898728  1.23230059  1.31262795  1.22325749  1.29097429  0.00000000  1.15640593  1.30734278  1.24948968  0.31773662
11    1.18139415  1.11020563  0.75843320  1.02748675  1.08448759  0.80797995  1.01807558  0.53981902  0.94390031  0.34018577  1.15640593  0.00000000  0.54542730  0.71738146  1.08794575
12    1.34046639  1.25377881  0.80745753  1.29346099  1.20849520  0.90983064  1.12461566  0.34618036  1.11666538  0.67071859  1.30734278  0.54542730  0.00000000  0.70247079  1.21055916
14    1.27901353  1.14221616  0.96525144  1.09342484  1.16451736  0.76568704  1.12751051  0.61744061  0.60303115  0.85276210  1.24948968  0.71738146  0.70247079  0.00000000  1.04973428
15    0.81204719  1.26799157  1.22907277  1.14092472  1.15220232  1.11492028  1.22092095  1.20042028  1.12385166  1.22265283  0.31773662  1.08794575  1.21055916  1.04973428  0.00000000

--------------------------------------------------------------------------------
n=14
(result of R-step: (10,14:15)0.82922002)
V=[0, 1, 2, 3, 4, 5, 6, 7, 8, 9, 10, 11, 12, 14]
total successes of this branch: 5
Matrix on 14 elements:

0    0.00000000  1.36186553  1.30333419  1.10810216  1.37278244  1.23686138  1.36479269  1.34931253  1.24526214  1.31601739  0.64902519  1.18139415  1.34046639  1.25817968
1    1.36186553  0.00000000  1.30793086  1.17902587  1.06779508  0.89969286  1.13583191  1.25282564  1.06613620  1.24681414  1.22704624  1.11020563  1.25377881  1.12138230
2    1.30333419  1.30793086  0.00000000  1.27835943  1.19558060  1.01556577  1.07139064  0.80308463  1.17560388  0.88655823  1.21655836  0.75843320  0.80745753  0.94441758
3    1.10810216  1.17902587  1.27835943  0.00000000  1.24285338  1.11301826  1.26063795  1.29509558  0.92172478  1.16522996  1.08385835  1.02748675  1.29346099  1.07259098
4    1.37278244  1.06779508  1.19558060  1.24285338  0.00000000  1.01242041  0.85097639  1.20704643  1.15992614  1.21889802  1.08281691  1.08448759  1.20849520  1.14368350
5    1.23686138  0.89969286  1.01556577  1.11301826  1.01242041  0.00000000  1.02225795  0.90694672  0.65742243  0.94654707  1.11999667  0.80797995  0.90983064  0.74485319
6    1.36479269  1.13583191  1.07139064  1.26063795  0.85097639  1.02225795  0.00000000  1.12249765  1.17284134  1.15102695  1.17330998  1.01807558  1.12461566  1.10667665
7    1.34931253  1.25282564  0.80308463  1.29509558  1.20704643  0.90694672  1.12249765  0.00000000  1.11553135  0.66502802  1.25363734  0.53981902  0.34618036  0.59660675
8    1.24526214  1.06613620  1.17560388  0.92172478  1.15992614  0.65742243  1.17284134  1.11553135  0.00000000  1.08996181  1.16426688  0.94390031  1.11666538  0.58219729
9    1.31601739  1.24681414  0.88655823  1.16522996  1.21889802  0.94654707  1.15102695  0.66502802  1.08996181  0.00000000  1.23198368  0.34018577  0.67071859  0.83192824
10    0.64902519  1.22704624  1.21655836  1.08385835  1.08281691  1.11999667  1.17330998  1.25363734  1.16426688  1.23198368  0.00000000  1.09741532  1.24835217  1.16966521
11    1.18139415  1.11020563  0.75843320  1.02748675  1.08448759  0.80797995  1.01807558  0.53981902  0.94390031  0.34018577  1.09741532  0.00000000  0.54542730  0.69654760
12    1.34046639  1.25377881  0.80745753  1.29346099  1.20849520  0.90983064  1.12461566  0.34618036  1.11666538  0.67071859  1.24835217  0.54542730  0.00000000  0.68163694
14    1.25817968  1.12138230  0.94441758  1.07259098  1.14368350  0.74485319  1.10667665  0.59660675  0.58219729  0.83192824  1.16966521  0.69654760  0.68163694  0.00000000

--------------------------------------------------------------------------------
n=13
(result of R-step: (7,8:14)0.51221023)
V=[0, 1, 2, 3, 4, 5, 6, 7, 8, 9, 10, 11, 12]
total successes of this branch: 5
Matrix on 13 elements:

0    0.00000000  1.36186553  1.30333419  1.10810216  1.37278244  1.23686138  1.36479269  1.25868557  1.19279193  1.31601739  0.64902519  1.18139415  1.34046639
1    1.36186553  0.00000000  1.30793086  1.17902587  1.06779508  0.89969286  1.13583191  1.16219869  1.01366599  1.24681414  1.22704624  1.11020563  1.25377881
2    1.30333419  1.30793086  0.00000000  1.27835943  1.19558060  1.01556577  1.07139064  0.71245768  1.12313368  0.88655823  1.21655836  0.75843320  0.80745753
3    1.10810216  1.17902587  1.27835943  0.00000000  1.24285338  1.11301826  1.26063795  1.20446862  0.86925457  1.16522996  1.08385835  1.02748675  1.29346099
4    1.37278244  1.06779508  1.19558060  1.24285338  0.00000000  1.01242041  0.85097639  1.11641948  1.10745594  1.21889802  1.08281691  1.08448759  1.20849520
5    1.23686138  0.89969286  1.01556577  1.11301826  1.01242041  0.00000000  1.02225795  0.81631976  0.60495223  0.94654707  1.11999667  0.80797995  0.90983064
6    1.36479269  1.13583191  1.07139064  1.26063795  0.85097639  1.02225795  0.00000000  1.03187070  1.12037113  1.15102695  1.17330998  1.01807558  1.12461566
7    1.25868557  1.16219869  0.71245768  1.20446862  1.11641948  0.81631976  1.03187070  0.00000000  0.97243419  0.57440106  1.16301039  0.44919206  0.25555340
8    1.19279193  1.01366599  1.12313368  0.86925457  1.10745594  0.60495223  1.12037113  0.97243419  0.00000000  1.03749160  1.11179668  0.89143011  1.06419518
9    1.31601739  1.24681414  0.88655823  1.16522996  1.21889802  0.94654707  1.15102695  0.57440106  1.03749160  0.00000000  1.23198368  0.34018577  0.67071859
10    0.64902519  1.22704624  1.21655836  1.08385835  1.08281691  1.11999667  1.17330998  1.16301039  1.11179668  1.23198368  0.00000000  1.09741532  1.24835217
11    1.18139415  1.11020563  0.75843320  1.02748675  1.08448759  0.80797995  1.01807558  0.44919206  0.89143011  0.34018577  1.09741532  0.00000000  0.54542730
12    1.34046639  1.25377881  0.80745753  1.29346099  1.20849520  0.90983064  1.12461566  0.25555340  1.06419518  0.67071859  1.24835217  0.54542730  0.00000000

--------------------------------------------------------------------------------
n=12
(result of R-step: (0,7:12)0.00874143)
V=[0, 1, 2, 3, 4, 5, 6, 7, 8, 9, 10, 11]
total successes of this branch: 5
Matrix on 12 elements:

0    0.00000000  1.19319842  1.13466708  0.93943505  1.20411533  1.06819426  1.19612558  1.01197831  1.02412482  1.14735027  0.48035808  1.01272704
1    1.19319842  0.00000000  1.30793086  1.17902587  1.06779508  0.89969286  1.13583191  1.08415853  1.01366599  1.24681414  1.22704624  1.11020563
2    1.13466708  1.30793086  0.00000000  1.27835943  1.19558060  1.01556577  1.07139064  0.63441752  1.12313368  0.88655823  1.21655836  0.75843320
3    0.93943505  1.17902587  1.27835943  0.00000000  1.24285338  1.11301826  1.26063795  1.12642847  0.86925457  1.16522996  1.08385835  1.02748675
4    1.20411533  1.06779508  1.19558060  1.24285338  0.00000000  1.01242041  0.85097639  1.03837932  1.10745594  1.21889802  1.08281691  1.08448759
5    1.06819426  0.89969286  1.01556577  1.11301826  1.01242041  0.00000000  1.02225795  0.73827961  0.60495223  0.94654707  1.11999667  0.80797995
6    1.19612558  1.13583191  1.07139064  1.26063795  0.85097639  1.02225795  0.00000000  0.95383054  1.12037113  1.15102695  1.17330998  1.01807558
7    1.01197831  1.08415853  0.63441752  1.12642847  1.03837932  0.73827961  0.95383054  0.00000000  0.89439403  0.49636091  1.08497023  0.37115191
8    1.02412482  1.01366599  1.12313368  0.86925457  1.10745594  0.60495223  1.12037113  0.89439403  0.00000000  1.03749160  1.11179668  0.89143011
9    1.14735027  1.24681414  0.88655823  1.16522996  1.21889802  0.94654707  1.15102695  0.49636091  1.03749160  0.00000000  1.23198368  0.34018577
10    0.48035808  1.22704624  1.21655836  1.08385835  1.08281691  1.11999667  1.17330998  1.08497023  1.11179668  1.23198368  0.00000000  1.09741532
11    1.01272704  1.11020563  0.75843320  1.02748675  1.08448759  0.80797995  1.01807558  0.37115191  0.89143011  0.34018577  1.09741532  0.00000000

--------------------------------------------------------------------------------
n=11
(result of R-step: (0,4:10)0.74214112)
V=[0, 1, 2, 3, 4, 5, 6, 7, 8, 9, 11]
total successes of this branch: 5
Matrix on 11 elements:

0    0.00000000  1.12334508  1.06481374  0.86958172  0.89574155  0.99834093  1.12627225  0.94212498  0.95427149  1.07749694  0.94287370
1    1.12334508  0.00000000  1.30793086  1.17902587  0.82927464  0.89969286  1.13583191  1.08415853  1.01366599  1.24681414  1.11020563
2    1.06481374  1.30793086  0.00000000  1.27835943  0.95706016  1.01556577  1.07139064  0.63441752  1.12313368  0.88655823  0.75843320
3    0.86958172  1.17902587  1.27835943  0.00000000  1.00433294  1.11301826  1.26063795  1.12642847  0.86925457  1.16522996  1.02748675
4    0.89574155  0.82927464  0.95706016  1.00433294  0.00000000  0.77389997  0.61245595  0.79985888  0.86893549  0.98037758  0.84596715
5    0.99834093  0.89969286  1.01556577  1.11301826  0.77389997  0.00000000  1.02225795  0.73827961  0.60495223  0.94654707  0.80797995
6    1.12627225  1.13583191  1.07139064  1.26063795  0.61245595  1.02225795  0.00000000  0.95383054  1.12037113  1.15102695  1.01807558
7    0.94212498  1.08415853  0.63441752  1.12642847  0.79985888  0.73827961  0.95383054  0.00000000  0.89439403  0.49636091  0.37115191
8    0.95427149  1.01366599  1.12313368  0.86925457  0.86893549  0.60495223  1.12037113  0.89439403  0.00000000  1.03749160  0.89143011
9    1.07749694  1.24681414  0.88655823  1.16522996  0.98037758  0.94654707  1.15102695  0.49636091  1.03749160  0.00000000  0.34018577
11    0.94287370  1.11020563  0.75843320  1.02748675  0.84596715  0.80797995  1.01807558  0.37115191  0.89143011  0.34018577  0.00000000

--------------------------------------------------------------------------------
n=10
(result of R-step: (8,9:11)0.01806059)
V=[0, 1, 2, 3, 4, 5, 6, 7, 8, 9]
total successes of this branch: 5
Matrix on 10 elements:

0    0.00000000  1.12334508  1.06481374  0.86958172  0.89574155  0.99834093  1.12627225  0.94212498  0.81380181  0.84640031
1    1.12334508  0.00000000  1.30793086  1.17902587  0.82927464  0.89969286  1.13583191  1.08415853  0.87319632  1.01571751
2    1.06481374  1.30793086  0.00000000  1.27835943  0.95706016  1.01556577  1.07139064  0.63441752  0.98266400  0.65546160
3    0.86958172  1.17902587  1.27835943  0.00000000  1.00433294  1.11301826  1.26063795  1.12642847  0.72878490  0.93413333
4    0.89574155  0.82927464  0.95706016  1.00433294  0.00000000  0.77389997  0.61245595  0.79985888  0.72846582  0.74928095
5    0.99834093  0.89969286  1.01556577  1.11301826  0.77389997  0.00000000  1.02225795  0.73827961  0.46448255  0.71545044
6    1.12627225  1.13583191  1.07139064  1.26063795  0.61245595  1.02225795  0.00000000  0.95383054  0.97990146  0.91993032
7    0.94212498  1.08415853  0.63441752  1.12642847  0.79985888  0.73827961  0.95383054  0.00000000  0.75392436  0.26526428
8    0.81380181  0.87319632  0.98266400  0.72878490  0.72846582  0.46448255  0.97990146  0.75392436  0.00000000  0.66592530
9    0.84640031  1.01571751  0.65546160  0.93413333  0.74928095  0.71545044  0.91993032  0.26526428  0.66592530  0.00000000

--------------------------------------------------------------------------------
n=9
(result of R-step: (3,7:9)0.16297439)
V=[0, 1, 2, 3, 4, 5, 6, 7, 8]
total successes of this branch: 5
Matrix on 9 elements:

0    0.00000000  1.12334508  1.06481374  0.63891410  0.89574155  0.99834093  1.12627225  0.84321089  0.81380181
1    1.12334508  0.00000000  1.30793086  0.94835826  0.82927464  0.89969286  1.13583191  0.98524444  0.87319632
2    1.06481374  1.30793086  0.00000000  1.04769182  0.95706016  1.01556577  1.07139064  0.53550344  0.98266400
3    0.63891410  0.94835826  1.04769182  0.00000000  0.77366533  0.88235065  1.02997033  0.79684676  0.49811729
4    0.89574155  0.82927464  0.95706016  0.77366533  0.00000000  0.77389997  0.61245595  0.70094479  0.72846582
5    0.99834093  0.89969286  1.01556577  0.88235065  0.77389997  0.00000000  1.02225795  0.63936552  0.46448255
6    1.12627225  1.13583191  1.07139064  1.02997033  0.61245595  1.02225795  0.00000000  0.85491645  0.97990146
7    0.84321089  0.98524444  0.53550344  0.79684676  0.70094479  0.63936552  0.85491645  0.00000000  0.65501027
8    0.81380181  0.87319632  0.98266400  0.49811729  0.72846582  0.46448255  0.97990146  0.65501027  0.00000000

--------------------------------------------------------------------------------
n=8
(result of R-step: (3,5:8)0.38727171)
V=[0, 1, 2, 3, 4, 5, 6, 7]
total successes of this branch: 5
Matrix on 8 elements:

0    0.00000000  1.12334508  1.06481374  0.63527408  0.89574155  0.86115420  1.12627225  0.84321089
1    1.12334508  0.00000000  1.30793086  0.94471823  0.82927464  0.76250613  1.13583191  0.98524444
2    1.06481374  1.30793086  0.00000000  1.04405179  0.95706016  0.87837904  1.07139064  0.53550344
3    0.63527408  0.94471823  1.04405179  0.00000000  0.77002530  0.74152389  1.02633031  0.79320674
4    0.89574155  0.82927464  0.95706016  0.77002530  0.00000000  0.63671323  0.61245595  0.70094479
5    0.86115420  0.76250613  0.87837904  0.74152389  0.63671323  0.00000000  0.88507121  0.50217878
6    1.12627225  1.13583191  1.07139064  1.02633031  0.61245595  0.88507121  0.00000000  0.85491645
7    0.84321089  0.98524444  0.53550344  0.79320674  0.70094479  0.50217878  0.85491645  0.00000000

--------------------------------------------------------------------------------
n=7
(result of R-step: (2,5:7)0.70423097)
V=[0, 1, 2, 3, 4, 5, 6]
total successes of this branch: 5
Matrix on 7 elements:

0    0.00000000  1.12334508  0.75449454  0.63527408  0.89574155  0.78514263  1.12627225
1    1.12334508  0.00000000  0.99761165  0.94471823  0.82927464  0.68649457  1.13583191
2    0.75449454  0.99761165  0.00000000  0.73373259  0.64674096  0.49204827  0.76107143
3    0.63527408  0.94471823  0.73373259  0.00000000  0.77002530  0.66551232  1.02633031
4    0.89574155  0.82927464  0.64674096  0.77002530  0.00000000  0.56070167  0.61245595
5    0.78514263  0.68649457  0.49204827  0.66551232  0.56070167  0.00000000  0.80905965
6    1.12627225  1.13583191  0.76107143  1.02633031  0.61245595  0.80905965  0.00000000

--------------------------------------------------------------------------------
n=6
(result of R-step: (2,4:6)0.24557654)
V=[0, 1, 2, 3, 4, 5]
total successes of this branch: 5
Matrix on 6 elements:

0    0.00000000  1.12334508  0.73833412  0.63527408  0.77086879  0.78514263
1    1.12334508  0.00000000  0.98145123  0.94471823  0.70440187  0.68649457
2    0.73833412  0.98145123  0.00000000  0.71757217  0.50570777  0.47588785
3    0.63527408  0.94471823  0.71757217  0.00000000  0.64515253  0.66551232
4    0.77086879  0.70440187  0.50570777  0.64515253  0.00000000  0.43582890
5    0.78514263  0.68649457  0.47588785  0.66551232  0.43582890  0.00000000

--------------------------------------------------------------------------------
n=5
(result of R-step: (0,4:3)0.15270737)
V=[0, 1, 2, 4, 5]
total successes of this branch: 0
reason of abort: negative delta/dxy

--------------------------------------------------------------------------------
n=5
(result of R-step: (1,2:5)0.62628462)
V=[0, 1, 2, 3, 4]
total successes of this branch: 5
Matrix on 5 elements:

0    0.00000000  0.71296532  0.66402895  0.63527408  0.77086879
1    0.71296532  0.00000000  0.49676630  0.53433846  0.29402210
2    0.66402895  0.49676630  0.00000000  0.64326700  0.43140260
3    0.63527408  0.53433846  0.64326700  0.00000000  0.64515253
4    0.77086879  0.29402210  0.43140260  0.64515253  0.00000000

--------------------------------------------------------------------------------
n=4
(result of R-step: (0,1:2)0.07568800)
V=[0, 1, 3, 4]
total successes of this branch: 0
reason of abort: negative delta/dxy

--------------------------------------------------------------------------------
n=4
(result of R-step: (0,1:3)0.66098283)
V=[0, 1, 2, 4]
total successes of this branch: 1
Matrix on 4 elements:

0    0.00000000  0.40241713  0.39350480  0.50034464
1    0.40241713  0.00000000  0.45674226  0.25399807
2    0.39350480  0.45674226  0.00000000  0.43140260
4    0.50034464  0.25399807  0.43140260  0.00000000

--------------------------------------------------------------------------------
n=4
(result of R-step: (0,4:1)0.72649186)
V=[0, 2, 3, 4]
total successes of this branch: 0
reason of abort: negative delta/dxy

--------------------------------------------------------------------------------
n=4
(result of R-step: (0,4:2)0.47719073)
V=[0, 1, 3, 4]
total successes of this branch: 1
Matrix on 4 elements:

0    0.00000000  0.44244117  0.36474993  0.44227108
1    0.44244117  0.00000000  0.53433846  0.23594855
3    0.36474993  0.53433846  0.00000000  0.58707898
4    0.44227108  0.23594855  0.58707898  0.00000000

--------------------------------------------------------------------------------
n=4
(result of R-step: (0,4:3)0.15270737)
V=[0, 1, 2, 4]
total successes of this branch: 0
reason of abort: negative delta/dxy

--------------------------------------------------------------------------------
n=4
(result of R-step: (1,2:4)0.66483620)
V=[0, 1, 2, 3]
total successes of this branch: 1
Matrix on 4 elements:

0    0.00000000  0.67294128  0.62400491  0.63527408
1    0.67294128  0.00000000  0.41671822  0.49431443
2    0.62400491  0.41671822  0.00000000  0.60324296
3    0.63527408  0.49431443  0.60324296  0.00000000

--------------------------------------------------------------------------------
n=4
(result of R-step: (1,3:2)0.56551435)
V=[0, 1, 3, 4]
total successes of this branch: 0
reason of abort: negative delta/dxy

--------------------------------------------------------------------------------
n=4
(result of R-step: (2,3:0)0.30032507)
V=[1, 2, 3, 4]
total successes of this branch: 1
Matrix on 4 elements:

1    0.00000000  0.45674226  0.35413038  0.29402210
2    0.45674226  0.00000000  0.42303488  0.39137856
3    0.35413038  0.42303488  0.00000000  0.46494445
4    0.29402210  0.39137856  0.46494445  0.00000000

--------------------------------------------------------------------------------
n=4
(result of R-step: (3,4:1)0.35476741)
V=[0, 2, 3, 4]
total successes of this branch: 1
Matrix on 4 elements:

0    0.00000000  0.66402895  0.45506600  0.71279523
2    0.66402895  0.00000000  0.46305892  0.37332905
3    0.45506600  0.46305892  0.00000000  0.40687090
4    0.71279523  0.37332905  0.40687090  0.00000000

--------------------------------------------------------------------------------
n=4
(result of R-step: (3,4:2)0.82355657)
V=[0, 1, 3, 4]
total successes of this branch: 0
reason of abort: negative delta/dxy
