n=20
V=[0, 1, 2, 3, 4, 5, 6, 7, 8, 9, 10, 11, 12, 13, 14, 15, 16, 17, 18, 19]
total successes of this branch: 3
Matrix on 20 elements:

0    0.00000000  2.14315374  2.11503435  1.83993884  2.01559590  1.89048517  1.70616354  1.69739769  1.51598144  1.82959448  1.42730604  2.02487943  1.92852355  1.80296769  1.11692743  1.98613280  1.70306807  1.64543892  1.74928816  2.00908597
1    2.14315374  0.00000000  1.97119435  2.13811724  1.83480944  1.95678280  2.14220404  1.99925604  2.10468302  2.12803993  2.10733287  1.98967521  2.08436567  1.99616748  1.87978020  2.02775214  2.09172511  2.02945100  1.99773793  1.75133344
2    2.11503435  1.97119435  0.00000000  2.10673400  2.01328618  2.05397471  2.11346922  2.07993198  2.10233970  2.10478895  2.10817964  1.36632221  1.82040883  1.84988622  2.08565807  1.54891956  2.10162628  2.08634969  1.96685836  1.61064729
3    1.83993884  2.13811724  2.10673400  0.00000000  2.05086143  1.96651467  1.80885204  1.91270559  1.86625470  1.43022009  1.85414857  2.07806093  1.50389022  1.96601105  1.90083548  1.84717536  1.84552563  1.89940176  1.93890664  1.88970497
4    2.01559590  1.83480944  2.01328618  2.05086143  0.00000000  1.93885260  2.02224566  1.97147720  1.94437541  2.04510044  2.00698050  2.01353441  2.03876166  1.98503515  1.97867408  2.02367880  2.00431790  1.96371508  1.97814130  1.99607005
5    1.89048517  1.95678280  2.05397471  1.96651467  1.93885260  0.00000000  1.90482148  1.90666429  1.89651976  1.96217126  1.89364460  2.03640412  1.99467806  1.94848840  1.90402506  2.01962523  1.90547223  1.90375883  1.92722196  2.01043899
6    1.70616354  2.14220404  2.11346922  1.80885204  2.02224566  1.90482148  0.00000000  1.81257382  1.74559967  1.80912214  1.72694311  2.06969517  1.90694315  1.89546181  1.79521560  2.00424931  0.92012061  1.79339200  1.85331548  2.02441540
7    1.69739769  1.99925604  2.07993198  1.91270559  1.97147720  1.90666429  1.81257382  0.00000000  1.73159335  1.87495123  1.71178279  2.03882016  1.96655489  1.33584943  1.75904588  2.00976085  1.32538300  0.79710769  0.75453664  2.00822526
8    1.51598144  2.10468302  2.10233970  1.86625470  1.94437541  1.89651976  1.74559967  1.73159335  0.00000000  1.85648218  1.54403609  2.03932246  1.94227746  1.83079571  1.63621131  2.00029872  1.74065365  1.35653027  1.78035395  2.01555752
9    1.82959448  2.12803993  2.10478895  1.43022009  2.04510044  1.96217126  1.80912214  1.87495123  1.85648218  0.00000000  1.84381694  2.07521319  1.64744095  1.93950950  1.89054566  1.90319738  1.83236823  1.86966158  1.90668334  1.93606465
10    1.42730604  2.10733287  2.10817964  1.85414857  2.00698050  1.89364460  1.72694311  1.71178279  1.54403609  1.84381694  0.00000000  2.03500463  1.93595023  1.81597953  1.56618717  1.99517286  1.72158957  1.66373907  1.76299826  2.01156831
11    2.02487943  1.98967521  1.36632221  2.07806093  2.01353441  2.03640412  2.06969517  2.03882016  2.03932246  2.07521319  2.03500463  0.00000000  1.84887084  1.70439611  2.01768971  1.18764256  2.05879234  2.03896403  1.87444183  1.30488293
12    1.92852355  2.08436567  1.82040883  1.50389022  2.03876166  1.99467806  1.90694315  1.96655489  1.94227746  1.64744095  1.93595023  1.84887084  0.00000000  1.92861718  1.96035101  1.40414413  1.92799372  1.95960168  1.94790750  1.50357827
13    1.80296769  1.99616748  1.84988622  1.96601105  1.98503515  1.94848840  1.89546181  1.33584943  1.83079571  1.93950950  1.81597953  1.70439611  1.92861718  0.00000000  1.84242467  1.79455991  1.69784705  1.47760519  0.77391098  1.82403071
14    1.11692743  1.87978020  2.08565807  1.90083548  1.97867408  1.90402506  1.79521560  1.75904588  1.63621131  1.89054566  1.56618717  2.01768971  1.96035101  1.84242467  0.00000000  1.99463267  1.78244307  1.72386528  1.80002878  1.97784364
15    1.98613280  2.02775214  1.54891956  1.84717536  2.02367880  2.01962523  2.00424931  2.00976085  2.00029872  1.90319738  1.99517286  1.18764256  1.40414413  1.79455991  1.99463267  0.00000000  2.00619559  2.00705083  1.90398385  0.41321107
16    1.70306807  2.09172511  2.10162628  1.84552563  2.00431790  1.90547223  0.92012061  1.32538300  1.74065365  1.83236823  1.72158957  2.05879234  1.92799372  1.69784705  1.78244307  2.00619559  0.00000000  1.44431916  1.50845901  2.01869821
17    1.64543892  2.02945100  2.08634969  1.89940176  1.96371508  1.90375883  1.79339200  0.79710769  1.35653027  1.86966158  1.66373907  2.03896403  1.95960168  1.47760519  1.72386528  2.00705083  1.44431916  0.00000000  1.13159035  2.01032527
18    1.74928816  1.99773793  1.96685836  1.93890664  1.97814130  1.92722196  1.85331548  0.75453664  1.78035395  1.90668334  1.76299826  1.87444183  1.94790750  0.77391098  1.80002878  1.90398385  1.50845901  1.13159035  0.00000000  1.91768873
19    2.00908597  1.75133344  1.61064729  1.88970497  1.99607005  2.01043899  2.02441540  2.00822526  2.01555752  1.93606465  2.01156831  1.30488293  1.50357827  1.82403071  1.97784364  0.41321107  2.01869821  2.01032527  1.91768873  0.00000000

--------------------------------------------------------------------------------
n=19
(result of R-step: (1,15:19)0.14617905)
V=[0, 1, 2, 3, 4, 5, 6, 7, 8, 9, 10, 11, 12, 13, 14, 15, 16, 17, 18]
total successes of this branch: 3
Matrix on 19 elements:

0    0.00000000  2.07475755  2.11503435  1.83993884  2.01559590  1.89048517  1.70616354  1.69739769  1.51598144  1.82959448  1.42730604  2.02487943  1.92852355  1.80296769  1.11692743  1.91773661  1.70306807  1.64543892  1.74928816
1    2.07475755  0.00000000  1.90279816  2.06972105  1.76641326  1.88838662  2.07380786  1.93085986  2.03628683  2.05964375  2.03893669  1.92127903  2.01596948  1.92777129  1.81138401  1.89095978  2.02332893  1.96105481  1.92934175
2    2.11503435  1.90279816  0.00000000  2.10673400  2.01328618  2.05397471  2.11346922  2.07993198  2.10233970  2.10478895  2.10817964  1.36632221  1.82040883  1.84988622  2.08565807  1.48052338  2.10162628  2.08634969  1.96685836
3    1.83993884  2.06972105  2.10673400  0.00000000  2.05086143  1.96651467  1.80885204  1.91270559  1.86625470  1.43022009  1.85414857  2.07806093  1.50389022  1.96601105  1.90083548  1.77877918  1.84552563  1.89940176  1.93890664
4    2.01559590  1.76641326  2.01328618  2.05086143  0.00000000  1.93885260  2.02224566  1.97147720  1.94437541  2.04510044  2.00698050  2.01353441  2.03876166  1.98503515  1.97867408  1.95528261  2.00431790  1.96371508  1.97814130
5    1.89048517  1.88838662  2.05397471  1.96651467  1.93885260  0.00000000  1.90482148  1.90666429  1.89651976  1.96217126  1.89364460  2.03640412  1.99467806  1.94848840  1.90402506  1.95122905  1.90547223  1.90375883  1.92722196
6    1.70616354  2.07380786  2.11346922  1.80885204  2.02224566  1.90482148  0.00000000  1.81257382  1.74559967  1.80912214  1.72694311  2.06969517  1.90694315  1.89546181  1.79521560  1.93585313  0.92012061  1.79339200  1.85331548
7    1.69739769  1.93085986  2.07993198  1.91270559  1.97147720  1.90666429  1.81257382  0.00000000  1.73159335  1.87495123  1.71178279  2.03882016  1.96655489  1.33584943  1.75904588  1.94136466  1.32538300  0.79710769  0.75453664
8    1.51598144  2.03628683  2.10233970  1.86625470  1.94437541  1.89651976  1.74559967  1.73159335  0.00000000  1.85648218  1.54403609  2.03932246  1.94227746  1.83079571  1.63621131  1.93190253  1.74065365  1.35653027  1.78035395
9    1.82959448  2.05964375  2.10478895  1.43022009  2.04510044  1.96217126  1.80912214  1.87495123  1.85648218  0.00000000  1.84381694  2.07521319  1.64744095  1.93950950  1.89054566  1.83480120  1.83236823  1.86966158  1.90668334
10    1.42730604  2.03893669  2.10817964  1.85414857  2.00698050  1.89364460  1.72694311  1.71178279  1.54403609  1.84381694  0.00000000  2.03500463  1.93595023  1.81597953  1.56618717  1.92677668  1.72158957  1.66373907  1.76299826
11    2.02487943  1.92127903  1.36632221  2.07806093  2.01353441  2.03640412  2.06969517  2.03882016  2.03932246  2.07521319  2.03500463  0.00000000  1.84887084  1.70439611  2.01768971  1.11924637  2.05879234  2.03896403  1.87444183
12    1.92852355  2.01596948  1.82040883  1.50389022  2.03876166  1.99467806  1.90694315  1.96655489  1.94227746  1.64744095  1.93595023  1.84887084  0.00000000  1.92861718  1.96035101  1.33574795  1.92799372  1.95960168  1.94790750
13    1.80296769  1.92777129  1.84988622  1.96601105  1.98503515  1.94848840  1.89546181  1.33584943  1.83079571  1.93950950  1.81597953  1.70439611  1.92861718  0.00000000  1.84242467  1.72616372  1.69784705  1.47760519  0.77391098
14    1.11692743  1.81138401  2.08565807  1.90083548  1.97867408  1.90402506  1.79521560  1.75904588  1.63621131  1.89054566  1.56618717  2.01768971  1.96035101  1.84242467  0.00000000  1.92623649  1.78244307  1.72386528  1.80002878
15    1.91773661  1.89095978  1.48052338  1.77877918  1.95528261  1.95122905  1.93585313  1.94136466  1.93190253  1.83480120  1.92677668  1.11924637  1.33574795  1.72616372  1.92623649  0.00000000  1.93779941  1.93865465  1.83558767
16    1.70306807  2.02332893  2.10162628  1.84552563  2.00431790  1.90547223  0.92012061  1.32538300  1.74065365  1.83236823  1.72158957  2.05879234  1.92799372  1.69784705  1.78244307  1.93779941  0.00000000  1.44431916  1.50845901
17    1.64543892  1.96105481  2.08634969  1.89940176  1.96371508  1.90375883  1.79339200  0.79710769  1.35653027  1.86966158  1.66373907  2.03896403  1.95960168  1.47760519  1.72386528  1.93865465  1.44431916  0.00000000  1.13159035
18    1.74928816  1.92934175  1.96685836  1.93890664  1.97814130  1.92722196  1.85331548  0.75453664  1.78035395  1.90668334  1.76299826  1.87444183  1.94790750  0.77391098  1.80002878  1.83558767  1.50845901  1.13159035  0.00000000

--------------------------------------------------------------------------------
n=18
(result of R-step: (0,1:14)0.79577111)
V=[0, 1, 2, 3, 4, 5, 6, 7, 8, 9, 10, 11, 12, 13, 15, 16, 17, 18]
total successes of this branch: 3
Matrix on 18 elements:

0    0.00000000  1.28959984  1.68825741  1.41316190  1.58881896  1.46370823  1.27938659  1.27062074  1.08920450  1.40281753  1.00052910  1.59810249  1.50174660  1.37619075  1.49095967  1.27629112  1.21866198  1.32251121
1    1.28959984  0.00000000  1.54441740  1.71134029  1.40803250  1.53000585  1.71542709  1.57247909  1.67790607  1.70126298  1.68055592  1.56289826  1.65758872  1.56939053  1.53257901  1.66494817  1.60267405  1.57096098
2    1.68825741  1.54441740  0.00000000  2.10673400  2.01328618  2.05397471  2.11346922  2.07993198  2.10233970  2.10478895  2.10817964  1.36632221  1.82040883  1.84988622  1.48052338  2.10162628  2.08634969  1.96685836
3    1.41316190  1.71134029  2.10673400  0.00000000  2.05086143  1.96651467  1.80885204  1.91270559  1.86625470  1.43022009  1.85414857  2.07806093  1.50389022  1.96601105  1.77877918  1.84552563  1.89940176  1.93890664
4    1.58881896  1.40803250  2.01328618  2.05086143  0.00000000  1.93885260  2.02224566  1.97147720  1.94437541  2.04510044  2.00698050  2.01353441  2.03876166  1.98503515  1.95528261  2.00431790  1.96371508  1.97814130
5    1.46370823  1.53000585  2.05397471  1.96651467  1.93885260  0.00000000  1.90482148  1.90666429  1.89651976  1.96217126  1.89364460  2.03640412  1.99467806  1.94848840  1.95122905  1.90547223  1.90375883  1.92722196
6    1.27938659  1.71542709  2.11346922  1.80885204  2.02224566  1.90482148  0.00000000  1.81257382  1.74559967  1.80912214  1.72694311  2.06969517  1.90694315  1.89546181  1.93585313  0.92012061  1.79339200  1.85331548
7    1.27062074  1.57247909  2.07993198  1.91270559  1.97147720  1.90666429  1.81257382  0.00000000  1.73159335  1.87495123  1.71178279  2.03882016  1.96655489  1.33584943  1.94136466  1.32538300  0.79710769  0.75453664
8    1.08920450  1.67790607  2.10233970  1.86625470  1.94437541  1.89651976  1.74559967  1.73159335  0.00000000  1.85648218  1.54403609  2.03932246  1.94227746  1.83079571  1.93190253  1.74065365  1.35653027  1.78035395
9    1.40281753  1.70126298  2.10478895  1.43022009  2.04510044  1.96217126  1.80912214  1.87495123  1.85648218  0.00000000  1.84381694  2.07521319  1.64744095  1.93950950  1.83480120  1.83236823  1.86966158  1.90668334
10    1.00052910  1.68055592  2.10817964  1.85414857  2.00698050  1.89364460  1.72694311  1.71178279  1.54403609  1.84381694  0.00000000  2.03500463  1.93595023  1.81597953  1.92677668  1.72158957  1.66373907  1.76299826
11    1.59810249  1.56289826  1.36632221  2.07806093  2.01353441  2.03640412  2.06969517  2.03882016  2.03932246  2.07521319  2.03500463  0.00000000  1.84887084  1.70439611  1.11924637  2.05879234  2.03896403  1.87444183
12    1.50174660  1.65758872  1.82040883  1.50389022  2.03876166  1.99467806  1.90694315  1.96655489  1.94227746  1.64744095  1.93595023  1.84887084  0.00000000  1.92861718  1.33574795  1.92799372  1.95960168  1.94790750
13    1.37619075  1.56939053  1.84988622  1.96601105  1.98503515  1.94848840  1.89546181  1.33584943  1.83079571  1.93950950  1.81597953  1.70439611  1.92861718  0.00000000  1.72616372  1.69784705  1.47760519  0.77391098
15    1.49095967  1.53257901  1.48052338  1.77877918  1.95528261  1.95122905  1.93585313  1.94136466  1.93190253  1.83480120  1.92677668  1.11924637  1.33574795  1.72616372  0.00000000  1.93779941  1.93865465  1.83558767
16    1.27629112  1.66494817  2.10162628  1.84552563  2.00431790  1.90547223  0.92012061  1.32538300  1.74065365  1.83236823  1.72158957  2.05879234  1.92799372  1.69784705  1.93779941  0.00000000  1.44431916  1.50845901
17    1.21866198  1.60267405  2.08634969  1.89940176  1.96371508  1.90375883  1.79339200  0.79710769  1.35653027  1.86966158  1.66373907  2.03896403  1.95960168  1.47760519  1.93865465  1.44431916  0.00000000  1.13159035
18    1.32251121  1.57096098  1.96685836  1.93890664  1.97814130  1.92722196  1.85331548  0.75453664  1.78035395  1.90668334  1.76299826  1.87444183  1.94790750  0.77391098  1.83558767  1.50845901  1.13159035  0.00000000

--------------------------------------------------------------------------------
n=17
(result of R-step: (7,13:18)0.50847335)
V=[0, 1, 2, 3, 4, 5, 6, 7, 8, 9, 10, 11, 12, 13, 15, 16, 17]
total successes of this branch: 3
Matrix on 17 elements:

0    0.00000000  1.28959984  1.68825741  1.41316190  1.58881896  1.46370823  1.27938659  1.17432164  1.08920450  1.40281753  1.00052910  1.59810249  1.50174660  1.27989165  1.49095967  1.27629112  1.21866198
1    1.28959984  0.00000000  1.54441740  1.71134029  1.40803250  1.53000585  1.71542709  1.47617999  1.67790607  1.70126298  1.68055592  1.56289826  1.65758872  1.47309143  1.53257901  1.66494817  1.60267405
2    1.68825741  1.54441740  0.00000000  2.10673400  2.01328618  2.05397471  2.11346922  1.98363288  2.10233970  2.10478895  2.10817964  1.36632221  1.82040883  1.75358712  1.48052338  2.10162628  2.08634969
3    1.41316190  1.71134029  2.10673400  0.00000000  2.05086143  1.96651467  1.80885204  1.81640649  1.86625470  1.43022009  1.85414857  2.07806093  1.50389022  1.86971195  1.77877918  1.84552563  1.89940176
4    1.58881896  1.40803250  2.01328618  2.05086143  0.00000000  1.93885260  2.02224566  1.87517811  1.94437541  2.04510044  2.00698050  2.01353441  2.03876166  1.88873605  1.95528261  2.00431790  1.96371508
5    1.46370823  1.53000585  2.05397471  1.96651467  1.93885260  0.00000000  1.90482148  1.81036519  1.89651976  1.96217126  1.89364460  2.03640412  1.99467806  1.85218931  1.95122905  1.90547223  1.90375883
6    1.27938659  1.71542709  2.11346922  1.80885204  2.02224566  1.90482148  0.00000000  1.71627472  1.74559967  1.80912214  1.72694311  2.06969517  1.90694315  1.79916271  1.93585313  0.92012061  1.79339200
7    1.17432164  1.47617999  1.98363288  1.81640649  1.87517811  1.81036519  1.71627472  0.00000000  1.63529425  1.77865213  1.61548369  1.94252106  1.87025579  1.14325123  1.84506556  1.22908391  0.70080859
8    1.08920450  1.67790607  2.10233970  1.86625470  1.94437541  1.89651976  1.74559967  1.63529425  0.00000000  1.85648218  1.54403609  2.03932246  1.94227746  1.73449661  1.93190253  1.74065365  1.35653027
9    1.40281753  1.70126298  2.10478895  1.43022009  2.04510044  1.96217126  1.80912214  1.77865213  1.85648218  0.00000000  1.84381694  2.07521319  1.64744095  1.84321040  1.83480120  1.83236823  1.86966158
10    1.00052910  1.68055592  2.10817964  1.85414857  2.00698050  1.89364460  1.72694311  1.61548369  1.54403609  1.84381694  0.00000000  2.03500463  1.93595023  1.71968043  1.92677668  1.72158957  1.66373907
11    1.59810249  1.56289826  1.36632221  2.07806093  2.01353441  2.03640412  2.06969517  1.94252106  2.03932246  2.07521319  2.03500463  0.00000000  1.84887084  1.60809701  1.11924637  2.05879234  2.03896403
12    1.50174660  1.65758872  1.82040883  1.50389022  2.03876166  1.99467806  1.90694315  1.87025579  1.94227746  1.64744095  1.93595023  1.84887084  0.00000000  1.83231809  1.33574795  1.92799372  1.95960168
13    1.27989165  1.47309143  1.75358712  1.86971195  1.88873605  1.85218931  1.79916271  1.14325123  1.73449661  1.84321040  1.71968043  1.60809701  1.83231809  0.00000000  1.62986462  1.60154795  1.38130609
15    1.49095967  1.53257901  1.48052338  1.77877918  1.95528261  1.95122905  1.93585313  1.84506556  1.93190253  1.83480120  1.92677668  1.11924637  1.33574795  1.62986462  0.00000000  1.93779941  1.93865465
16    1.27629112  1.66494817  2.10162628  1.84552563  2.00431790  1.90547223  0.92012061  1.22908391  1.74065365  1.83236823  1.72158957  2.05879234  1.92799372  1.60154795  1.93779941  0.00000000  1.44431916
17    1.21866198  1.60267405  2.08634969  1.89940176  1.96371508  1.90375883  1.79339200  0.70080859  1.35653027  1.86966158  1.66373907  2.03896403  1.95960168  1.38130609  1.93865465  1.44431916  0.00000000

--------------------------------------------------------------------------------
n=16
(result of R-step: (7,8:17)0.71359365)
V=[0, 1, 2, 3, 4, 5, 6, 7, 8, 9, 10, 11, 12, 13, 15, 16]
total successes of this branch: 3
Matrix on 16 elements:

0    0.00000000  1.28959984  1.68825741  1.41316190  1.58881896  1.46370823  1.27938659  1.05959843  0.87818219  1.40281753  1.00052910  1.59810249  1.50174660  1.27989165  1.49095967  1.27629112
1    1.28959984  0.00000000  1.54441740  1.71134029  1.40803250  1.53000585  1.71542709  1.36145678  1.46688376  1.70126298  1.68055592  1.56289826  1.65758872  1.47309143  1.53257901  1.66494817
2    1.68825741  1.54441740  0.00000000  2.10673400  2.01328618  2.05397471  2.11346922  1.86890967  1.89131739  2.10478895  2.10817964  1.36632221  1.82040883  1.75358712  1.48052338  2.10162628
3    1.41316190  1.71134029  2.10673400  0.00000000  2.05086143  1.96651467  1.80885204  1.70168328  1.65523239  1.43022009  1.85414857  2.07806093  1.50389022  1.86971195  1.77877918  1.84552563
4    1.58881896  1.40803250  2.01328618  2.05086143  0.00000000  1.93885260  2.02224566  1.76045490  1.73335310  2.04510044  2.00698050  2.01353441  2.03876166  1.88873605  1.95528261  2.00431790
5    1.46370823  1.53000585  2.05397471  1.96651467  1.93885260  0.00000000  1.90482148  1.69564198  1.68549745  1.96217126  1.89364460  2.03640412  1.99467806  1.85218931  1.95122905  1.90547223
6    1.27938659  1.71542709  2.11346922  1.80885204  2.02224566  1.90482148  0.00000000  1.60155152  1.53457736  1.80912214  1.72694311  2.06969517  1.90694315  1.79916271  1.93585313  0.92012061
7    1.05959843  1.36145678  1.86890967  1.70168328  1.76045490  1.69564198  1.60155152  0.00000000  1.30954873  1.66392892  1.50076048  1.82779786  1.75553258  1.02852802  1.73034235  1.11436070
8    0.87818219  1.46688376  1.89131739  1.65523239  1.73335310  1.68549745  1.53457736  1.30954873  0.00000000  1.64545987  1.33301379  1.82830015  1.73125515  1.52347431  1.72088023  1.52963134
9    1.40281753  1.70126298  2.10478895  1.43022009  2.04510044  1.96217126  1.80912214  1.66392892  1.64545987  0.00000000  1.84381694  2.07521319  1.64744095  1.84321040  1.83480120  1.83236823
10    1.00052910  1.68055592  2.10817964  1.85414857  2.00698050  1.89364460  1.72694311  1.50076048  1.33301379  1.84381694  0.00000000  2.03500463  1.93595023  1.71968043  1.92677668  1.72158957
11    1.59810249  1.56289826  1.36632221  2.07806093  2.01353441  2.03640412  2.06969517  1.82779786  1.82830015  2.07521319  2.03500463  0.00000000  1.84887084  1.60809701  1.11924637  2.05879234
12    1.50174660  1.65758872  1.82040883  1.50389022  2.03876166  1.99467806  1.90694315  1.75553258  1.73125515  1.64744095  1.93595023  1.84887084  0.00000000  1.83231809  1.33574795  1.92799372
13    1.27989165  1.47309143  1.75358712  1.86971195  1.88873605  1.85218931  1.79916271  1.02852802  1.52347431  1.84321040  1.71968043  1.60809701  1.83231809  0.00000000  1.62986462  1.60154795
15    1.49095967  1.53257901  1.48052338  1.77877918  1.95528261  1.95122905  1.93585313  1.73034235  1.72088023  1.83480120  1.92677668  1.11924637  1.33574795  1.62986462  0.00000000  1.93779941
16    1.27629112  1.66494817  2.10162628  1.84552563  2.00431790  1.90547223  0.92012061  1.11436070  1.52963134  1.83236823  1.72158957  2.05879234  1.92799372  1.60154795  1.93779941  0.00000000

--------------------------------------------------------------------------------
n=15
(result of R-step: (6,7:16)0.64687209)
V=[0, 1, 2, 3, 4, 5, 6, 7, 8, 9, 10, 11, 12, 13, 15]
total successes of this branch: 3
Matrix on 15 elements:

0    0.00000000  1.28959984  1.68825741  1.41316190  1.58881896  1.46370823  1.06292169  1.05415585  0.87818219  1.40281753  1.00052910  1.59810249  1.50174660  1.27989165  1.49095967
1    1.28959984  0.00000000  1.54441740  1.71134029  1.40803250  1.53000585  1.49896220  1.35601420  1.46688376  1.70126298  1.68055592  1.56289826  1.65758872  1.47309143  1.53257901
2    1.68825741  1.54441740  0.00000000  2.10673400  2.01328618  2.05397471  1.89700432  1.86346708  1.89131739  2.10478895  2.10817964  1.36632221  1.82040883  1.75358712  1.48052338
3    1.41316190  1.71134029  2.10673400  0.00000000  2.05086143  1.96651467  1.59238715  1.69624069  1.65523239  1.43022009  1.85414857  2.07806093  1.50389022  1.86971195  1.77877918
4    1.58881896  1.40803250  2.01328618  2.05086143  0.00000000  1.93885260  1.80578076  1.75501231  1.73335310  2.04510044  2.00698050  2.01353441  2.03876166  1.88873605  1.95528261
5    1.46370823  1.53000585  2.05397471  1.96651467  1.93885260  0.00000000  1.68835658  1.69019939  1.68549745  1.96217126  1.89364460  2.03640412  1.99467806  1.85218931  1.95122905
6    1.06292169  1.49896220  1.89700432  1.59238715  1.80578076  1.68835658  0.00000000  1.37964403  1.31811246  1.59265724  1.51047821  1.85323027  1.69047825  1.58269781  1.71938823
7    1.05415585  1.35601420  1.86346708  1.69624069  1.75501231  1.69019939  1.37964403  0.00000000  1.30410614  1.65848633  1.49531789  1.82235527  1.75008999  1.02308543  1.72489977
8    0.87818219  1.46688376  1.89131739  1.65523239  1.73335310  1.68549745  1.31811246  1.30410614  0.00000000  1.64545987  1.33301379  1.82830015  1.73125515  1.52347431  1.72088023
9    1.40281753  1.70126298  2.10478895  1.43022009  2.04510044  1.96217126  1.59265724  1.65848633  1.64545987  0.00000000  1.84381694  2.07521319  1.64744095  1.84321040  1.83480120
10    1.00052910  1.68055592  2.10817964  1.85414857  2.00698050  1.89364460  1.51047821  1.49531789  1.33301379  1.84381694  0.00000000  2.03500463  1.93595023  1.71968043  1.92677668
11    1.59810249  1.56289826  1.36632221  2.07806093  2.01353441  2.03640412  1.85323027  1.82235527  1.82830015  2.07521319  2.03500463  0.00000000  1.84887084  1.60809701  1.11924637
12    1.50174660  1.65758872  1.82040883  1.50389022  2.03876166  1.99467806  1.69047825  1.75008999  1.73125515  1.64744095  1.93595023  1.84887084  0.00000000  1.83231809  1.33574795
13    1.27989165  1.47309143  1.75358712  1.86971195  1.88873605  1.85218931  1.58269781  1.02308543  1.52347431  1.84321040  1.71968043  1.60809701  1.83231809  0.00000000  1.62986462
15    1.49095967  1.53257901  1.48052338  1.77877918  1.95528261  1.95122905  1.71938823  1.72489977  1.72088023  1.83480120  1.92677668  1.11924637  1.33574795  1.62986462  0.00000000

--------------------------------------------------------------------------------
n=14
(result of R-step: (11,12:15)0.59787992)
V=[0, 1, 2, 3, 4, 5, 6, 7, 8, 9, 10, 11, 12, 13]
total successes of this branch: 3
Matrix on 14 elements:

0    0.00000000  1.28959984  1.68825741  1.41316190  1.58881896  1.46370823  1.06292169  1.05415585  0.87818219  1.40281753  1.00052910  1.22664456  1.13028868  1.27989165
1    1.28959984  0.00000000  1.54441740  1.71134029  1.40803250  1.53000585  1.49896220  1.35601420  1.46688376  1.70126298  1.68055592  1.19144034  1.28613080  1.47309143
2    1.68825741  1.54441740  0.00000000  2.10673400  2.01328618  2.05397471  1.89700432  1.86346708  1.89131739  2.10478895  2.10817964  0.99486429  1.44895090  1.75358712
3    1.41316190  1.71134029  2.10673400  0.00000000  2.05086143  1.96651467  1.59238715  1.69624069  1.65523239  1.43022009  1.85414857  1.70660301  1.13243230  1.86971195
4    1.58881896  1.40803250  2.01328618  2.05086143  0.00000000  1.93885260  1.80578076  1.75501231  1.73335310  2.04510044  2.00698050  1.64207649  1.66730374  1.88873605
5    1.46370823  1.53000585  2.05397471  1.96651467  1.93885260  0.00000000  1.68835658  1.69019939  1.68549745  1.96217126  1.89364460  1.66494620  1.62322013  1.85218931
6    1.06292169  1.49896220  1.89700432  1.59238715  1.80578076  1.68835658  0.00000000  1.37964403  1.31811246  1.59265724  1.51047821  1.48177235  1.31902033  1.58269781
7    1.05415585  1.35601420  1.86346708  1.69624069  1.75501231  1.69019939  1.37964403  0.00000000  1.30410614  1.65848633  1.49531789  1.45089734  1.37863207  1.02308543
8    0.87818219  1.46688376  1.89131739  1.65523239  1.73335310  1.68549745  1.31811246  1.30410614  0.00000000  1.64545987  1.33301379  1.45684223  1.35979723  1.52347431
9    1.40281753  1.70126298  2.10478895  1.43022009  2.04510044  1.96217126  1.59265724  1.65848633  1.64545987  0.00000000  1.84381694  1.70375526  1.27598303  1.84321040
10    1.00052910  1.68055592  2.10817964  1.85414857  2.00698050  1.89364460  1.51047821  1.49531789  1.33301379  1.84381694  0.00000000  1.66354671  1.56449230  1.71968043
11    1.22664456  1.19144034  0.99486429  1.70660301  1.64207649  1.66494620  1.48177235  1.45089734  1.45684223  1.70375526  1.66354671  0.00000000  1.10595499  1.23663909
12    1.13028868  1.28613080  1.44895090  1.13243230  1.66730374  1.62322013  1.31902033  1.37863207  1.35979723  1.27598303  1.56449230  1.10595499  0.00000000  1.46086016
13    1.27989165  1.47309143  1.75358712  1.86971195  1.88873605  1.85218931  1.58269781  1.02308543  1.52347431  1.84321040  1.71968043  1.23663909  1.46086016  0.00000000

--------------------------------------------------------------------------------
n=13
(result of R-step: (2,3:12)0.32201436)
V=[0, 1, 2, 3, 4, 5, 6, 7, 8, 9, 10, 11, 13]
total successes of this branch: 3
Matrix on 13 elements:

0    0.00000000  1.28959984  1.07947488  0.80437937  1.58881896  1.46370823  1.06292169  1.05415585  0.87818219  1.40281753  1.00052910  1.22664456  1.27989165
1    1.28959984  0.00000000  0.93563488  1.10255776  1.40803250  1.53000585  1.49896220  1.35601420  1.46688376  1.70126298  1.68055592  1.19144034  1.47309143
2    1.07947488  0.93563488  0.00000000  0.88916895  1.40450366  1.44519218  1.28822180  1.25468456  1.28253486  1.49600643  1.49939712  0.38608177  1.14480460
3    0.80437937  1.10255776  0.88916895  0.00000000  1.44207891  1.35773214  0.98360462  1.08745817  1.04644987  0.82143756  1.24536605  1.09782048  1.26092942
4    1.58881896  1.40803250  1.40450366  1.44207891  0.00000000  1.93885260  1.80578076  1.75501231  1.73335310  2.04510044  2.00698050  1.64207649  1.88873605
5    1.46370823  1.53000585  1.44519218  1.35773214  1.93885260  0.00000000  1.68835658  1.69019939  1.68549745  1.96217126  1.89364460  1.66494620  1.85218931
6    1.06292169  1.49896220  1.28822180  0.98360462  1.80578076  1.68835658  0.00000000  1.37964403  1.31811246  1.59265724  1.51047821  1.48177235  1.58269781
7    1.05415585  1.35601420  1.25468456  1.08745817  1.75501231  1.69019939  1.37964403  0.00000000  1.30410614  1.65848633  1.49531789  1.45089734  1.02308543
8    0.87818219  1.46688376  1.28253486  1.04644987  1.73335310  1.68549745  1.31811246  1.30410614  0.00000000  1.64545987  1.33301379  1.45684223  1.52347431
9    1.40281753  1.70126298  1.49600643  0.82143756  2.04510044  1.96217126  1.59265724  1.65848633  1.64545987  0.00000000  1.84381694  1.70375526  1.84321040
10    1.00052910  1.68055592  1.49939712  1.24536605  2.00698050  1.89364460  1.51047821  1.49531789  1.33301379  1.84381694  0.00000000  1.66354671  1.71968043
11    1.22664456  1.19144034  0.38608177  1.09782048  1.64207649  1.66494620  1.48177235  1.45089734  1.45684223  1.70375526  1.66354671  0.00000000  1.23663909
13    1.27989165  1.47309143  1.14480460  1.26092942  1.88873605  1.85218931  1.58269781  1.02308543  1.52347431  1.84321040  1.71968043  1.23663909  0.00000000

--------------------------------------------------------------------------------
n=12
(result of R-step: (7,11:13)0.67763087)
V=[0, 1, 2, 3, 4, 5, 6, 7, 8, 9, 10, 11]
total successes of this branch: 3
Matrix on 12 elements:

0    0.00000000  1.28959984  1.07947488  0.80437937  1.58881896  1.46370823  1.06292169  0.76990806  0.87818219  1.40281753  1.00052910  1.09738980
1    1.28959984  0.00000000  0.93563488  1.10255776  1.40803250  1.53000585  1.49896220  1.07176641  1.46688376  1.70126298  1.68055592  1.06218557
2    1.07947488  0.93563488  0.00000000  0.88916895  1.40450366  1.44519218  1.28822180  0.97043677  1.28253486  1.49600643  1.49939712  0.25682700
3    0.80437937  1.10255776  0.88916895  0.00000000  1.44207891  1.35773214  0.98360462  0.80321038  1.04644987  0.82143756  1.24536605  0.96856572
4    1.58881896  1.40803250  1.40450366  1.44207891  0.00000000  1.93885260  1.80578076  1.47076452  1.73335310  2.04510044  2.00698050  1.51282173
5    1.46370823  1.53000585  1.44519218  1.35773214  1.93885260  0.00000000  1.68835658  1.40595160  1.68549745  1.96217126  1.89364460  1.53569143
6    1.06292169  1.49896220  1.28822180  0.98360462  1.80578076  1.68835658  0.00000000  1.09539624  1.31811246  1.59265724  1.51047821  1.35251758
7    0.76990806  1.07176641  0.97043677  0.80321038  1.47076452  1.40595160  1.09539624  0.00000000  1.01985835  1.37423854  1.21107010  1.03739479
8    0.87818219  1.46688376  1.28253486  1.04644987  1.73335310  1.68549745  1.31811246  1.01985835  0.00000000  1.64545987  1.33301379  1.32758747
9    1.40281753  1.70126298  1.49600643  0.82143756  2.04510044  1.96217126  1.59265724  1.37423854  1.64545987  0.00000000  1.84381694  1.57450050
10    1.00052910  1.68055592  1.49939712  1.24536605  2.00698050  1.89364460  1.51047821  1.21107010  1.33301379  1.84381694  0.00000000  1.53429194
11    1.09738980  1.06218557  0.25682700  0.96856572  1.51282173  1.53569143  1.35251758  1.03739479  1.32758747  1.57450050  1.53429194  0.00000000

--------------------------------------------------------------------------------
n=11
(result of R-step: (0,2:11)0.10747224)
V=[0, 1, 2, 3, 4, 5, 6, 7, 8, 9, 10]
total successes of this branch: 3
Matrix on 11 elements:

0    0.00000000  1.07829314  0.83886706  0.59307267  1.37751226  1.25240153  0.85161499  0.55860136  0.66687549  1.19151083  0.78922240
1    1.07829314  0.00000000  0.90633375  1.10255776  1.40803250  1.53000585  1.49896220  1.07176641  1.46688376  1.70126298  1.68055592
2    0.83886706  0.90633375  0.00000000  0.85986783  1.37520254  1.41589106  1.25892068  0.94113565  1.25323374  1.46670531  1.47009599
3    0.59307267  1.10255776  0.85986783  0.00000000  1.44207891  1.35773214  0.98360462  0.80321038  1.04644987  0.82143756  1.24536605
4    1.37751226  1.40803250  1.37520254  1.44207891  0.00000000  1.93885260  1.80578076  1.47076452  1.73335310  2.04510044  2.00698050
5    1.25240153  1.53000585  1.41589106  1.35773214  1.93885260  0.00000000  1.68835658  1.40595160  1.68549745  1.96217126  1.89364460
6    0.85161499  1.49896220  1.25892068  0.98360462  1.80578076  1.68835658  0.00000000  1.09539624  1.31811246  1.59265724  1.51047821
7    0.55860136  1.07176641  0.94113565  0.80321038  1.47076452  1.40595160  1.09539624  0.00000000  1.01985835  1.37423854  1.21107010
8    0.66687549  1.46688376  1.25323374  1.04644987  1.73335310  1.68549745  1.31811246  1.01985835  0.00000000  1.64545987  1.33301379
9    1.19151083  1.70126298  1.46670531  0.82143756  2.04510044  1.96217126  1.59265724  1.37423854  1.64545987  0.00000000  1.84381694
10    0.78922240  1.68055592  1.47009599  1.24536605  2.00698050  1.89364460  1.51047821  1.21107010  1.33301379  1.84381694  0.00000000

--------------------------------------------------------------------------------
n=10
(result of R-step: (0,1:10)0.95234487)
V=[0, 1, 2, 3, 4, 5, 6, 7, 8, 9]
total successes of this branch: 3
Matrix on 10 elements:

0    0.00000000  0.75166856  0.78120812  0.53541373  1.31985331  1.19474258  0.79395605  0.50094241  0.60921654  1.13385189
1    0.75166856  0.00000000  0.63736811  0.83359212  1.13906685  1.26104021  1.22999655  0.80280076  1.19791812  1.43229734
2    0.78120812  0.63736811  0.00000000  0.85986783  1.37520254  1.41589106  1.25892068  0.94113565  1.25323374  1.46670531
3    0.53541373  0.83359212  0.85986783  0.00000000  1.44207891  1.35773214  0.98360462  0.80321038  1.04644987  0.82143756
4    1.31985331  1.13906685  1.37520254  1.44207891  0.00000000  1.93885260  1.80578076  1.47076452  1.73335310  2.04510044
5    1.19474258  1.26104021  1.41589106  1.35773214  1.93885260  0.00000000  1.68835658  1.40595160  1.68549745  1.96217126
6    0.79395605  1.22999655  1.25892068  0.98360462  1.80578076  1.68835658  0.00000000  1.09539624  1.31811246  1.59265724
7    0.50094241  0.80280076  0.94113565  0.80321038  1.47076452  1.40595160  1.09539624  0.00000000  1.01985835  1.37423854
8    0.60921654  1.19791812  1.25323374  1.04644987  1.73335310  1.68549745  1.31811246  1.01985835  0.00000000  1.64545987
9    1.13385189  1.43229734  1.46670531  0.82143756  2.04510044  1.96217126  1.59265724  1.37423854  1.64545987  0.00000000

--------------------------------------------------------------------------------
n=9
(result of R-step: (0,4:8)0.87523453)
V=[0, 1, 2, 3, 4, 5, 6, 7, 9]
total successes of this branch: 3
Matrix on 9 elements:

0    0.00000000  0.72503067  0.75457023  0.50877584  0.57083495  1.16810470  0.76731816  0.47430453  1.10721400
1    0.72503067  0.00000000  0.63736811  0.83359212  0.41668638  1.26104021  1.22999655  0.80280076  1.43229734
2    0.75457023  0.63736811  0.00000000  0.85986783  0.65282206  1.41589106  1.25892068  0.94113565  1.46670531
3    0.50877584  0.83359212  0.85986783  0.00000000  0.71969843  1.35773214  0.98360462  0.80321038  0.82143756
4    0.57083495  0.41668638  0.65282206  0.71969843  0.00000000  1.21647212  1.08340028  0.74838404  1.32271996
5    1.16810470  1.26104021  1.41589106  1.35773214  1.21647212  0.00000000  1.68835658  1.40595160  1.96217126
6    0.76731816  1.22999655  1.25892068  0.98360462  1.08340028  1.68835658  0.00000000  1.09539624  1.59265724
7    0.47430453  0.80280076  0.94113565  0.80321038  0.74838404  1.40595160  1.09539624  0.00000000  1.37423854
9    1.10721400  1.43229734  1.46670531  0.82143756  1.32271996  1.96217126  1.59265724  1.37423854  0.00000000

--------------------------------------------------------------------------------
n=8
(result of R-step: (3,7:9)0.92742894)
V=[0, 1, 2, 3, 4, 5, 6, 7]
total successes of this branch: 3
Matrix on 8 elements:

0    0.00000000  0.72503067  0.75457023  0.42132550  0.57083495  1.16810470  0.76731816  0.27878435
1    0.72503067  0.00000000  0.63736811  0.74614178  0.41668638  1.26104021  1.22999655  0.60728059
2    0.75457023  0.63736811  0.00000000  0.77241749  0.65282206  1.41589106  1.25892068  0.74561547
3    0.42132550  0.74614178  0.77241749  0.00000000  0.63224809  1.27028180  0.89615428  0.52023986
4    0.57083495  0.41668638  0.65282206  0.63224809  0.00000000  1.21647212  1.08340028  0.55286386
5    1.16810470  1.26104021  1.41589106  1.27028180  1.21647212  0.00000000  1.68835658  1.21043142
6    0.76731816  1.22999655  1.25892068  0.89615428  1.08340028  1.68835658  0.00000000  0.89987606
7    0.27878435  0.60728059  0.74561547  0.52023986  0.55286386  1.21043142  0.89987606  0.00000000

--------------------------------------------------------------------------------
n=7
(result of R-step: (0,1:7)0.75596238)
V=[0, 1, 2, 3, 4, 5, 6]
total successes of this branch: 3
Matrix on 7 elements:

0    0.00000000  0.58965374  0.70020071  0.36695598  0.51646543  1.11373518  0.71294864
1    0.58965374  0.00000000  0.55636070  0.66513437  0.33567897  1.18003280  1.14898915
2    0.70020071  0.55636070  0.00000000  0.77241749  0.65282206  1.41589106  1.25892068
3    0.36695598  0.66513437  0.77241749  0.00000000  0.63224809  1.27028180  0.89615428
4    0.51646543  0.33567897  0.65282206  0.63224809  0.00000000  1.21647212  1.08340028
5    1.11373518  1.18003280  1.41589106  1.27028180  1.21647212  0.00000000  1.68835658
6    0.71294864  1.14898915  1.25892068  0.89615428  1.08340028  1.68835658  0.00000000

--------------------------------------------------------------------------------
n=6
(result of R-step: (0,3:6)0.81143757)
V=[0, 1, 2, 3, 4, 5]
total successes of this branch: 3
Matrix on 6 elements:

0    0.00000000  0.52886537  0.63941234  0.16486211  0.45567706  1.05294680
1    0.52886537  0.00000000  0.55636070  0.52382887  0.33567897  1.18003280
2    0.63941234  0.55636070  0.00000000  0.63111199  0.65282206  1.41589106
3    0.16486211  0.52382887  0.63111199  0.00000000  0.49094259  1.12897630
4    0.45567706  0.33567897  0.65282206  0.49094259  0.00000000  1.21647212
5    1.05294680  1.18003280  1.41589106  1.12897630  1.21647212  0.00000000

--------------------------------------------------------------------------------
n=5
(result of R-step: (0,1:5)0.57550303)
V=[0, 1, 2, 3, 4]
total successes of this branch: 3
Matrix on 5 elements:

0    0.00000000  0.43903950  0.62489359  0.15034336  0.44115831
1    0.43903950  0.00000000  0.48105358  0.44852175  0.26037185
2    0.62489359  0.48105358  0.00000000  0.63111199  0.65282206
3    0.15034336  0.44852175  0.63111199  0.00000000  0.49094259
4    0.44115831  0.26037185  0.65282206  0.49094259  0.00000000

--------------------------------------------------------------------------------
n=4
(result of R-step: (0,1:2)0.43815318)
V=[0, 1, 3, 4]
total successes of this branch: 0
reason of abort: negative delta/dxy

--------------------------------------------------------------------------------
n=4
(result of R-step: (0,1:4)0.29262953)
V=[0, 1, 2, 3]
total successes of this branch: 1
Matrix on 4 elements:

0    0.00000000  0.43590213  0.62332490  0.14877467
1    0.43590213  0.00000000  0.47948490  0.44695306
2    0.62332490  0.47948490  0.00000000  0.63111199
3    0.14877467  0.44695306  0.63111199  0.00000000

--------------------------------------------------------------------------------
n=4
(result of R-step: (0,2:3)0.76243967)
V=[0, 1, 2, 4]
total successes of this branch: 1
Matrix on 4 elements:

0    0.00000000  0.43747081  0.29674059  0.43958962
1    0.43747081  0.00000000  0.15446927  0.26037185
2    0.29674059  0.15446927  0.00000000  0.32623774
4    0.43958962  0.26037185  0.32623774  0.00000000

--------------------------------------------------------------------------------
n=4
(result of R-step: (0,4:2)0.15505001)
V=[0, 1, 3, 4]
total successes of this branch: 0
Matrix on 4 elements:

0    0.00000000  0.24827018 -0.04042596  0.01875330
1    0.24827018  0.00000000  0.44852175  0.02873616
3   -0.04042596  0.44852175  0.00000000  0.25930690
4    0.01875330  0.02873616  0.25930690  0.00000000
reason of abort: no pseudometric

--------------------------------------------------------------------------------
n=4
(result of R-step: (1,3:0)0.54110818)
V=[1, 2, 3, 4]
total successes of this branch: 0
reason of abort: negative delta/dxy

--------------------------------------------------------------------------------
n=4
(result of R-step: (1,3:2)0.60213885)
V=[0, 1, 3, 4]
total successes of this branch: 1
Matrix on 4 elements:

0    0.00000000  0.43747081  0.07453230  0.44115831
1    0.43747081  0.00000000  0.37114201  0.25880316
3    0.07453230  0.37114201  0.00000000  0.41513153
4    0.44115831  0.25880316  0.41513153  0.00000000

--------------------------------------------------------------------------------
n=4
(result of R-step: (1,3:4)0.61333810)
V=[0, 1, 2, 3]
total successes of this branch: 0
reason of abort: negative delta/dxy

--------------------------------------------------------------------------------
n=4
(result of R-step: (2,4:1)0.92508240)
V=[0, 2, 3, 4]
total successes of this branch: 0
reason of abort: negative delta/dxy

--------------------------------------------------------------------------------
n=4
(result of R-step: (3,4:0)0.98444748)
V=[1, 2, 3, 4]
total successes of this branch: 0
reason of abort: negative delta/dxy

--------------------------------------------------------------------------------
n=4
(result of R-step: (3,4:2)0.07713813)
V=[0, 1, 3, 4]
total successes of this branch: 0
reason of abort: negative delta/dxy
