n=20
V=[0, 1, 2, 3, 4, 5, 6, 7, 8, 9, 10, 11, 12, 13, 14, 15, 16, 17, 18, 19]
total successes of this branch: 5
Matrix on 20 elements:

0    0.00000000  1.83779112  1.74296523  1.74160141  1.70959705  1.67777341  1.71006347  1.69718696  1.68022920  1.81742395  1.70882215  1.70949144  0.89985077  1.70019646  1.14104962  1.83264756  1.77306568  1.00929139  1.70597646  0.78605222
1    1.83779112  0.00000000  1.80813728  1.79040866  1.82283203  1.82624160  1.82205394  1.82354466  1.82592311  1.24784902  1.82287653  1.82283810  1.83675826  1.82337185  1.83340934  0.79064530  1.27631868  1.82927512  1.82258398  1.83118474
2    1.74296523  1.80813728  0.00000000  1.76447366  1.70899680  1.70137658  1.70935751  1.71254104  1.70198357  1.79441537  1.70921811  1.70902697  1.74062819  1.71168155  1.72868394  1.80467192  1.79181513  1.72477878  1.70834735  1.72863220
3    1.74160141  1.79040866  1.76447366  0.00000000  1.75313948  1.75050965  1.75327508  1.75216928  1.75071997  1.78527832  1.75307890  1.75313122  1.74239624  1.75240455  1.74496894  1.78911303  1.78320527  1.74791849  1.75292505  1.74655101
4    1.70959705  1.82283203  1.70899680  1.75313948  0.00000000  1.70936327  1.60975224  1.61921016  1.70178745  1.80718526  1.12737439  0.96029298  1.66927719  1.42173605  1.67932544  1.81888056  1.80051837  1.65556710  1.62236017  1.57770977
5    1.67777341  1.82624160  1.70137658  1.75050965  1.70936327  0.00000000  1.70978851  1.70675584  1.44583122  1.77706803  1.70920046  1.70934108  1.67994978  1.70738815  1.60758857  1.81382321  1.77237304  1.69509804  1.50392804  1.69134179
6    1.71006347  1.82205394  1.70935751  1.75327508  1.60975224  1.70978851  0.00000000  1.58700604  1.68806105  1.80473341  1.60833194  1.60955867  1.70301839  1.59252208  1.69839539  1.81767978  1.79981620  0.88363564  0.28921493  1.65621034
7    1.69718696  1.82354466  1.71254104  1.75216928  1.61921016  1.70675584  1.58700604  0.00000000  1.69764839  1.80727074  1.58645408  1.61474580  1.68951853  1.00237163  1.69203130  1.81943481  1.80157824  1.63756374  1.60216297  1.37884823
8    1.68022920  1.82592311  1.70198357  1.75071997  1.70178745  1.44583122  1.68806105  1.69764839  0.00000000  1.74010545  1.70152900  1.70175223  1.68170424  1.69865213  1.38121403  1.80425054  1.73728216  1.68446732  1.65740162  1.68866991
9    1.81742395  1.24784902  1.79441537  1.78527832  1.80718526  1.77706803  1.80473341  1.80727074  1.74010545  0.00000000  1.80719060  1.80718599  1.81671528  1.80725001  1.79303676  1.09337453  0.49695183  1.81055660  1.80123176  1.81276263
10    1.70882215  1.82287653  1.70921811  1.75307890  1.12737439  1.70920046  1.60833194  1.58645408  1.70152900  1.80719060  0.00000000  1.10100940  1.64863126  1.47512540  1.66498086  1.81891517  1.79952536  1.65444295  1.62109904  1.60175093
11    1.70949144  1.82283810  1.70902697  1.75313122  0.96029298  1.70934108  1.60955867  1.61474580  1.70175223  1.80718599  1.10100940  0.00000000  1.66735307  1.45603835  1.67798514  1.81888528  1.80042604  1.65541389  1.62218829  1.59336859
12    0.89985077  1.83675826  1.74062819  1.74239624  1.66927719  1.67994978  1.70301839  1.68951853  1.68170424  1.81671528  1.64863126  1.66735307  0.00000000  1.68460993  1.00998386  1.83169657  1.74967287  1.33447630  1.70009856  1.25939844
13    1.70019646  1.82337185  1.71168155  1.75240455  1.42173605  1.70738815  1.59252208  1.00237163  1.69865213  1.80725001  1.47512540  1.45603835  1.68460993  0.00000000  1.68895008  1.81930041  1.80132122  1.64192963  1.60706087  0.92722008
14    1.14104962  1.83340934  1.72868394  1.74496894  1.67932544  1.60758857  1.69839539  1.69203130  1.38121403  1.79303676  1.66498086  1.67798514  1.00998386  1.68895008  0.00000000  1.82321357  1.75518161  1.44265130  1.68690182  1.39207738
15    1.83264756  0.79064530  1.80467192  1.78911303  1.81888056  1.81382321  1.81767978  1.81943481  1.80425054  1.09337453  1.81891517  1.81888528  1.83169657  1.81930041  1.82321357  0.00000000  1.12906726  1.82454790  1.81719165  1.82653239
16    1.77306568  1.27631868  1.79181513  1.78320527  1.80051837  1.77237304  1.79981620  1.80157824  1.73728216  0.49695183  1.79952536  1.80042604  1.74967287  1.80132122  1.75518161  1.12906726  0.00000000  1.78754144  1.79634267  1.78601132
17    1.00929139  1.82927512  1.72477878  1.74791849  1.65556710  1.69509804  0.88363564  1.63756374  1.68446732  1.81055660  1.65444295  1.65541389  1.33447630  1.64192963  1.44265130  1.82454790  1.78754144  0.00000000  0.98634379  1.29914287
18    1.70597646  1.82258398  1.70834735  1.75292505  1.62236017  1.50392804  0.28921493  1.60216297  1.65740162  1.80123176  1.62109904  1.62218829  1.70009856  1.60706087  1.68690182  1.81719165  1.79634267  0.98634379  0.00000000  1.66065699
19    0.78605222  1.83118474  1.72863220  1.74655101  1.57770977  1.69134179  1.65621034  1.37884823  1.68866991  1.81276263  1.60175093  1.59336859  1.25939844  0.92722008  1.39207738  1.82653239  1.78601132  1.29914287  1.66065699  0.00000000

--------------------------------------------------------------------------------
n=19
(result of R-step: (0,13:19)0.54183692)
V=[0, 1, 2, 3, 4, 5, 6, 7, 8, 9, 10, 11, 12, 13, 14, 15, 16, 17, 18]
total successes of this branch: 5
Matrix on 19 elements:

0    0.00000000  1.83125321  1.73642731  1.73506349  1.70305913  1.67123549  1.70352555  1.69064905  1.67369128  1.81088604  1.70228423  1.70295352  0.89331285  1.68712062  1.13451170  1.82610964  1.76652776  1.00275347  1.69943854
1    1.83125321  0.00000000  1.80813728  1.79040866  1.82283203  1.82624160  1.82205394  1.82354466  1.82592311  1.24784902  1.82287653  1.82283810  1.83675826  1.81683393  1.83340934  0.79064530  1.27631868  1.82927512  1.82258398
2    1.73642731  1.80813728  0.00000000  1.76447366  1.70899680  1.70137658  1.70935751  1.71254104  1.70198357  1.79441537  1.70921811  1.70902697  1.74062819  1.70514363  1.72868394  1.80467192  1.79181513  1.72477878  1.70834735
3    1.73506349  1.79040866  1.76447366  0.00000000  1.75313948  1.75050965  1.75327508  1.75216928  1.75071997  1.78527832  1.75307890  1.75313122  1.74239624  1.74586664  1.74496894  1.78911303  1.78320527  1.74791849  1.75292505
4    1.70305913  1.82283203  1.70899680  1.75313948  0.00000000  1.70936327  1.60975224  1.61921016  1.70178745  1.80718526  1.12737439  0.96029298  1.66927719  1.41519814  1.67932544  1.81888056  1.80051837  1.65556710  1.62236017
5    1.67123549  1.82624160  1.70137658  1.75050965  1.70936327  0.00000000  1.70978851  1.70675584  1.44583122  1.77706803  1.70920046  1.70934108  1.67994978  1.70085024  1.60758857  1.81382321  1.77237304  1.69509804  1.50392804
6    1.70352555  1.82205394  1.70935751  1.75327508  1.60975224  1.70978851  0.00000000  1.58700604  1.68806105  1.80473341  1.60833194  1.60955867  1.70301839  1.58598416  1.69839539  1.81767978  1.79981620  0.88363564  0.28921493
7    1.69064905  1.82354466  1.71254104  1.75216928  1.61921016  1.70675584  1.58700604  0.00000000  1.69764839  1.80727074  1.58645408  1.61474580  1.68951853  0.99583371  1.69203130  1.81943481  1.80157824  1.63756374  1.60216297
8    1.67369128  1.82592311  1.70198357  1.75071997  1.70178745  1.44583122  1.68806105  1.69764839  0.00000000  1.74010545  1.70152900  1.70175223  1.68170424  1.69211421  1.38121403  1.80425054  1.73728216  1.68446732  1.65740162
9    1.81088604  1.24784902  1.79441537  1.78527832  1.80718526  1.77706803  1.80473341  1.80727074  1.74010545  0.00000000  1.80719060  1.80718599  1.81671528  1.80071209  1.79303676  1.09337453  0.49695183  1.81055660  1.80123176
10    1.70228423  1.82287653  1.70921811  1.75307890  1.12737439  1.70920046  1.60833194  1.58645408  1.70152900  1.80719060  0.00000000  1.10100940  1.64863126  1.46858748  1.66498086  1.81891517  1.79952536  1.65444295  1.62109904
11    1.70295352  1.82283810  1.70902697  1.75313122  0.96029298  1.70934108  1.60955867  1.61474580  1.70175223  1.80718599  1.10100940  0.00000000  1.66735307  1.44950043  1.67798514  1.81888528  1.80042604  1.65541389  1.62218829
12    0.89331285  1.83675826  1.74062819  1.74239624  1.66927719  1.67994978  1.70301839  1.68951853  1.68170424  1.81671528  1.64863126  1.66735307  0.00000000  1.67807201  1.00998386  1.83169657  1.74967287  1.33447630  1.70009856
13    1.68712062  1.81683393  1.70514363  1.74586664  1.41519814  1.70085024  1.58598416  0.99583371  1.69211421  1.80071209  1.46858748  1.44950043  1.67807201  0.00000000  1.68241216  1.81276249  1.79478330  1.63539171  1.60052295
14    1.13451170  1.83340934  1.72868394  1.74496894  1.67932544  1.60758857  1.69839539  1.69203130  1.38121403  1.79303676  1.66498086  1.67798514  1.00998386  1.68241216  0.00000000  1.82321357  1.75518161  1.44265130  1.68690182
15    1.82610964  0.79064530  1.80467192  1.78911303  1.81888056  1.81382321  1.81767978  1.81943481  1.80425054  1.09337453  1.81891517  1.81888528  1.83169657  1.81276249  1.82321357  0.00000000  1.12906726  1.82454790  1.81719165
16    1.76652776  1.27631868  1.79181513  1.78320527  1.80051837  1.77237304  1.79981620  1.80157824  1.73728216  0.49695183  1.79952536  1.80042604  1.74967287  1.79478330  1.75518161  1.12906726  0.00000000  1.78754144  1.79634267
17    1.00275347  1.82927512  1.72477878  1.74791849  1.65556710  1.69509804  0.88363564  1.63756374  1.68446732  1.81055660  1.65444295  1.65541389  1.33447630  1.63539171  1.44265130  1.82454790  1.78754144  0.00000000  0.98634379
18    1.69943854  1.82258398  1.70834735  1.75292505  1.62236017  1.50392804  0.28921493  1.60216297  1.65740162  1.80123176  1.62109904  1.62218829  1.70009856  1.60052295  1.68690182  1.81719165  1.79634267  0.98634379  0.00000000

--------------------------------------------------------------------------------
n=18
(result of R-step: (4,7:13)0.24250404)
V=[0, 1, 2, 3, 4, 5, 6, 7, 8, 9, 10, 11, 12, 14, 15, 16, 17, 18]
total successes of this branch: 5
Matrix on 18 elements:

0    0.00000000  1.83125321  1.73642731  1.73506349  1.30061037  1.67123549  1.70352555  1.28820028  1.67369128  1.81088604  1.70228423  1.70295352  0.89331285  1.13451170  1.82610964  1.76652776  1.00275347  1.69943854
1    1.83125321  0.00000000  1.80813728  1.79040866  1.42038327  1.82624160  1.82205394  1.42109590  1.82592311  1.24784902  1.82287653  1.82283810  1.83675826  1.83340934  0.79064530  1.27631868  1.82927512  1.82258398
2    1.73642731  1.80813728  0.00000000  1.76447366  1.30654804  1.70137658  1.70935751  1.31009228  1.70198357  1.79441537  1.70921811  1.70902697  1.74062819  1.72868394  1.80467192  1.79181513  1.72477878  1.70834735
3    1.73506349  1.79040866  1.76447366  0.00000000  1.35069072  1.75050965  1.75327508  1.34972051  1.75071997  1.78527832  1.75307890  1.75313122  1.74239624  1.74496894  1.78911303  1.78320527  1.74791849  1.75292505
4    1.30061037  1.42038327  1.30654804  1.35069072  0.00000000  1.30691450  1.20730348  0.81431263  1.29933869  1.40473650  0.72492563  0.55784421  1.26682843  1.27687668  1.41643180  1.39806960  1.25311834  1.21991141
5    1.67123549  1.82624160  1.70137658  1.75050965  1.30691450  0.00000000  1.70978851  1.30430708  1.44583122  1.77706803  1.70920046  1.70934108  1.67994978  1.60758857  1.81382321  1.77237304  1.69509804  1.50392804
6    1.70352555  1.82205394  1.70935751  1.75327508  1.20730348  1.70978851  0.00000000  1.18455727  1.68806105  1.80473341  1.60833194  1.60955867  1.70301839  1.69839539  1.81767978  1.79981620  0.88363564  0.28921493
7    1.28820028  1.42109590  1.31009228  1.34972051  0.81431263  1.30430708  1.18455727  0.00000000  1.29519963  1.40482198  1.18400532  1.21229704  1.28706977  1.28958254  1.41698605  1.39912948  1.23511497  1.19971421
8    1.67369128  1.82592311  1.70198357  1.75071997  1.29933869  1.44583122  1.68806105  1.29519963  0.00000000  1.74010545  1.70152900  1.70175223  1.68170424  1.38121403  1.80425054  1.73728216  1.68446732  1.65740162
9    1.81088604  1.24784902  1.79441537  1.78527832  1.40473650  1.77706803  1.80473341  1.40482198  1.74010545  0.00000000  1.80719060  1.80718599  1.81671528  1.79303676  1.09337453  0.49695183  1.81055660  1.80123176
10    1.70228423  1.82287653  1.70921811  1.75307890  0.72492563  1.70920046  1.60833194  1.18400532  1.70152900  1.80719060  0.00000000  1.10100940  1.64863126  1.66498086  1.81891517  1.79952536  1.65444295  1.62109904
11    1.70295352  1.82283810  1.70902697  1.75313122  0.55784421  1.70934108  1.60955867  1.21229704  1.70175223  1.80718599  1.10100940  0.00000000  1.66735307  1.67798514  1.81888528  1.80042604  1.65541389  1.62218829
12    0.89331285  1.83675826  1.74062819  1.74239624  1.26682843  1.67994978  1.70301839  1.28706977  1.68170424  1.81671528  1.64863126  1.66735307  0.00000000  1.00998386  1.83169657  1.74967287  1.33447630  1.70009856
14    1.13451170  1.83340934  1.72868394  1.74496894  1.27687668  1.60758857  1.69839539  1.28958254  1.38121403  1.79303676  1.66498086  1.67798514  1.00998386  0.00000000  1.82321357  1.75518161  1.44265130  1.68690182
15    1.82610964  0.79064530  1.80467192  1.78911303  1.41643180  1.81382321  1.81767978  1.41698605  1.80425054  1.09337453  1.81891517  1.81888528  1.83169657  1.82321357  0.00000000  1.12906726  1.82454790  1.81719165
16    1.76652776  1.27631868  1.79181513  1.78320527  1.39806960  1.77237304  1.79981620  1.39912948  1.73728216  0.49695183  1.79952536  1.80042604  1.74967287  1.75518161  1.12906726  0.00000000  1.78754144  1.79634267
17    1.00275347  1.82927512  1.72477878  1.74791849  1.25311834  1.69509804  0.88363564  1.23511497  1.68446732  1.81055660  1.65444295  1.65541389  1.33447630  1.44265130  1.82454790  1.78754144  0.00000000  0.98634379
18    1.69943854  1.82258398  1.70834735  1.75292505  1.21991141  1.50392804  0.28921493  1.19971421  1.65740162  1.80123176  1.62109904  1.62218829  1.70009856  1.68690182  1.81719165  1.79634267  0.98634379  0.00000000

--------------------------------------------------------------------------------
n=17
(result of R-step: (5,6:18)0.12657167)
V=[0, 1, 2, 3, 4, 5, 6, 7, 8, 9, 10, 11, 12, 14, 15, 16, 17]
total successes of this branch: 5
Matrix on 17 elements:

0    0.00000000  1.83125321  1.73642731  1.73506349  1.30061037  1.62955826  1.66184832  1.28820028  1.67369128  1.81088604  1.70228423  1.70295352  0.89331285  1.13451170  1.82610964  1.76652776  1.00275347
1    1.83125321  0.00000000  1.80813728  1.79040866  1.42038327  1.78456437  1.78037671  1.42109590  1.82592311  1.24784902  1.82287653  1.82283810  1.83675826  1.83340934  0.79064530  1.27631868  1.82927512
2    1.73642731  1.80813728  0.00000000  1.76447366  1.30654804  1.65969935  1.66768028  1.31009228  1.70198357  1.79441537  1.70921811  1.70902697  1.74062819  1.72868394  1.80467192  1.79181513  1.72477878
3    1.73506349  1.79040866  1.76447366  0.00000000  1.35069072  1.70883242  1.71159785  1.34972051  1.75071997  1.78527832  1.75307890  1.75313122  1.74239624  1.74496894  1.78911303  1.78320527  1.74791849
4    1.30061037  1.42038327  1.30654804  1.35069072  0.00000000  1.26523728  1.16562625  0.81431263  1.29933869  1.40473650  0.72492563  0.55784421  1.26682843  1.27687668  1.41643180  1.39806960  1.25311834
5    1.62955826  1.78456437  1.65969935  1.70883242  1.26523728  0.00000000  1.62643405  1.26262985  1.40415399  1.73539080  1.66752323  1.66766385  1.63827255  1.56591134  1.77214598  1.73069581  1.65342081
6    1.66184832  1.78037671  1.66768028  1.71159785  1.16562625  1.62643405  0.00000000  1.14288004  1.64638382  1.76305618  1.56665471  1.56788144  1.66134116  1.65671816  1.77600255  1.75813897  0.84195841
7    1.28820028  1.42109590  1.31009228  1.34972051  0.81431263  1.26262985  1.14288004  0.00000000  1.29519963  1.40482198  1.18400532  1.21229704  1.28706977  1.28958254  1.41698605  1.39912948  1.23511497
8    1.67369128  1.82592311  1.70198357  1.75071997  1.29933869  1.40415399  1.64638382  1.29519963  0.00000000  1.74010545  1.70152900  1.70175223  1.68170424  1.38121403  1.80425054  1.73728216  1.68446732
9    1.81088604  1.24784902  1.79441537  1.78527832  1.40473650  1.73539080  1.76305618  1.40482198  1.74010545  0.00000000  1.80719060  1.80718599  1.81671528  1.79303676  1.09337453  0.49695183  1.81055660
10    1.70228423  1.82287653  1.70921811  1.75307890  0.72492563  1.66752323  1.56665471  1.18400532  1.70152900  1.80719060  0.00000000  1.10100940  1.64863126  1.66498086  1.81891517  1.79952536  1.65444295
11    1.70295352  1.82283810  1.70902697  1.75313122  0.55784421  1.66766385  1.56788144  1.21229704  1.70175223  1.80718599  1.10100940  0.00000000  1.66735307  1.67798514  1.81888528  1.80042604  1.65541389
12    0.89331285  1.83675826  1.74062819  1.74239624  1.26682843  1.63827255  1.66134116  1.28706977  1.68170424  1.81671528  1.64863126  1.66735307  0.00000000  1.00998386  1.83169657  1.74967287  1.33447630
14    1.13451170  1.83340934  1.72868394  1.74496894  1.27687668  1.56591134  1.65671816  1.28958254  1.38121403  1.79303676  1.66498086  1.67798514  1.00998386  0.00000000  1.82321357  1.75518161  1.44265130
15    1.82610964  0.79064530  1.80467192  1.78911303  1.41643180  1.77214598  1.77600255  1.41698605  1.80425054  1.09337453  1.81891517  1.81888528  1.83169657  1.82321357  0.00000000  1.12906726  1.82454790
16    1.76652776  1.27631868  1.79181513  1.78320527  1.39806960  1.73069581  1.75813897  1.39912948  1.73728216  0.49695183  1.79952536  1.80042604  1.74967287  1.75518161  1.12906726  0.00000000  1.78754144
17    1.00275347  1.82927512  1.72477878  1.74791849  1.25311834  1.65342081  0.84195841  1.23511497  1.68446732  1.81055660  1.65444295  1.65541389  1.33447630  1.44265130  1.82454790  1.78754144  0.00000000

--------------------------------------------------------------------------------
n=16
(result of R-step: (0,6:17)0.45886074)
V=[0, 1, 2, 3, 4, 5, 6, 7, 8, 9, 10, 11, 12, 14, 15, 16]
total successes of this branch: 5
Matrix on 16 elements:

0    0.00000000  1.74635934  1.65153345  1.65016963  1.21571650  1.54466440  1.52719990  1.20330642  1.58879741  1.72599217  1.61739037  1.61805966  0.80841898  1.04961783  1.74121577  1.68163390
1    1.74635934  0.00000000  1.80813728  1.79040866  1.42038327  1.78456437  1.73062216  1.42109590  1.82592311  1.24784902  1.82287653  1.82283810  1.83675826  1.83340934  0.79064530  1.27631868
2    1.65153345  1.80813728  0.00000000  1.76447366  1.30654804  1.65969935  1.61792573  1.31009228  1.70198357  1.79441537  1.70921811  1.70902697  1.74062819  1.72868394  1.80467192  1.79181513
3    1.65016963  1.79040866  1.76447366  0.00000000  1.35069072  1.70883242  1.66184330  1.34972051  1.75071997  1.78527832  1.75307890  1.75313122  1.74239624  1.74496894  1.78911303  1.78320527
4    1.21571650  1.42038327  1.30654804  1.35069072  0.00000000  1.26523728  1.11587169  0.81431263  1.29933869  1.40473650  0.72492563  0.55784421  1.26682843  1.27687668  1.41643180  1.39806960
5    1.54466440  1.78456437  1.65969935  1.70883242  1.26523728  0.00000000  1.57667950  1.26262985  1.40415399  1.73539080  1.66752323  1.66766385  1.63827255  1.56591134  1.77214598  1.73069581
6    1.52719990  1.73062216  1.61792573  1.66184330  1.11587169  1.57667950  0.00000000  1.09312549  1.59662927  1.71330163  1.51690016  1.51812688  1.61158661  1.60696360  1.72624800  1.70838442
7    1.20330642  1.42109590  1.31009228  1.34972051  0.81431263  1.26262985  1.09312549  0.00000000  1.29519963  1.40482198  1.18400532  1.21229704  1.28706977  1.28958254  1.41698605  1.39912948
8    1.58879741  1.82592311  1.70198357  1.75071997  1.29933869  1.40415399  1.59662927  1.29519963  0.00000000  1.74010545  1.70152900  1.70175223  1.68170424  1.38121403  1.80425054  1.73728216
9    1.72599217  1.24784902  1.79441537  1.78527832  1.40473650  1.73539080  1.71330163  1.40482198  1.74010545  0.00000000  1.80719060  1.80718599  1.81671528  1.79303676  1.09337453  0.49695183
10    1.61739037  1.82287653  1.70921811  1.75307890  0.72492563  1.66752323  1.51690016  1.18400532  1.70152900  1.80719060  0.00000000  1.10100940  1.64863126  1.66498086  1.81891517  1.79952536
11    1.61805966  1.82283810  1.70902697  1.75313122  0.55784421  1.66766385  1.51812688  1.21229704  1.70175223  1.80718599  1.10100940  0.00000000  1.66735307  1.67798514  1.81888528  1.80042604
12    0.80841898  1.83675826  1.74062819  1.74239624  1.26682843  1.63827255  1.61158661  1.28706977  1.68170424  1.81671528  1.64863126  1.66735307  0.00000000  1.00998386  1.83169657  1.74967287
14    1.04961783  1.83340934  1.72868394  1.74496894  1.27687668  1.56591134  1.60696360  1.28958254  1.38121403  1.79303676  1.66498086  1.67798514  1.00998386  0.00000000  1.82321357  1.75518161
15    1.74121577  0.79064530  1.80467192  1.78911303  1.41643180  1.77214598  1.72624800  1.41698605  1.80425054  1.09337453  1.81891517  1.81888528  1.83169657  1.82321357  0.00000000  1.12906726
16    1.68163390  1.27631868  1.79181513  1.78320527  1.39806960  1.73069581  1.70838442  1.39912948  1.73728216  0.49695183  1.79952536  1.80042604  1.74967287  1.75518161  1.12906726  0.00000000

--------------------------------------------------------------------------------
n=15
(result of R-step: (9,12:16)0.95165696)
V=[0, 1, 2, 3, 4, 5, 6, 7, 8, 9, 10, 11, 12, 14, 15]
total successes of this branch: 5
Matrix on 15 elements:

0    0.00000000  1.74635934  1.65153345  1.65016963  1.21571650  1.54466440  1.52719990  1.20330642  1.58879741  1.51103746  1.61739037  1.61805966  0.59346427  1.04961783  1.74121577
1    1.74635934  0.00000000  1.80813728  1.79040866  1.42038327  1.78456437  1.73062216  1.42109590  1.82592311  1.03289431  1.82287653  1.82283810  1.62180355  1.83340934  0.79064530
2    1.65153345  1.80813728  0.00000000  1.76447366  1.30654804  1.65969935  1.61792573  1.31009228  1.70198357  1.57946066  1.70921811  1.70902697  1.52567348  1.72868394  1.80467192
3    1.65016963  1.79040866  1.76447366  0.00000000  1.35069072  1.70883242  1.66184330  1.34972051  1.75071997  1.57032360  1.75307890  1.75313122  1.52744153  1.74496894  1.78911303
4    1.21571650  1.42038327  1.30654804  1.35069072  0.00000000  1.26523728  1.11587169  0.81431263  1.29933869  1.18978179  0.72492563  0.55784421  1.05187372  1.27687668  1.41643180
5    1.54466440  1.78456437  1.65969935  1.70883242  1.26523728  0.00000000  1.57667950  1.26262985  1.40415399  1.52043609  1.66752323  1.66766385  1.42331784  1.56591134  1.77214598
6    1.52719990  1.73062216  1.61792573  1.66184330  1.11587169  1.57667950  0.00000000  1.09312549  1.59662927  1.49834692  1.51690016  1.51812688  1.39663190  1.60696360  1.72624800
7    1.20330642  1.42109590  1.31009228  1.34972051  0.81431263  1.26262985  1.09312549  0.00000000  1.29519963  1.18986727  1.18400532  1.21229704  1.07211506  1.28958254  1.41698605
8    1.58879741  1.82592311  1.70198357  1.75071997  1.29933869  1.40415399  1.59662927  1.29519963  0.00000000  1.52515074  1.70152900  1.70175223  1.46674953  1.38121403  1.80425054
9    1.51103746  1.03289431  1.57946066  1.57032360  1.18978179  1.52043609  1.49834692  1.18986727  1.52515074  0.00000000  1.59223589  1.59223128  1.38680585  1.57808205  0.87841982
10    1.61739037  1.82287653  1.70921811  1.75307890  0.72492563  1.66752323  1.51690016  1.18400532  1.70152900  1.59223589  0.00000000  1.10100940  1.43367655  1.66498086  1.81891517
11    1.61805966  1.82283810  1.70902697  1.75313122  0.55784421  1.66766385  1.51812688  1.21229704  1.70175223  1.59223128  1.10100940  0.00000000  1.45239836  1.67798514  1.81888528
12    0.59346427  1.62180355  1.52567348  1.52744153  1.05187372  1.42331784  1.39663190  1.07211506  1.46674953  1.38680585  1.43367655  1.45239836  0.00000000  0.79502915  1.61674185
14    1.04961783  1.83340934  1.72868394  1.74496894  1.27687668  1.56591134  1.60696360  1.28958254  1.38121403  1.57808205  1.66498086  1.67798514  0.79502915  0.00000000  1.82321357
15    1.74121577  0.79064530  1.80467192  1.78911303  1.41643180  1.77214598  1.72624800  1.41698605  1.80425054  0.87841982  1.81891517  1.81888528  1.61674185  1.82321357  0.00000000

--------------------------------------------------------------------------------
n=14
(result of R-step: (1,9:15)0.74745792)
V=[0, 1, 2, 3, 4, 5, 6, 7, 8, 9, 10, 11, 12, 14]
total successes of this branch: 5
Matrix on 14 elements:

0    0.00000000  1.42827393  1.65153345  1.65016963  1.21571650  1.54466440  1.52719990  1.20330642  1.58879741  1.40790676  1.61739037  1.61805966  0.59346427  1.04961783
1    1.42827393  0.00000000  1.49005187  1.47232325  1.10229786  1.46647896  1.41253675  1.10301049  1.50783771  0.61167820  1.50479112  1.50475269  1.30371814  1.51532394
2    1.65153345  1.49005187  0.00000000  1.76447366  1.30654804  1.65969935  1.61792573  1.31009228  1.70198357  1.47632996  1.70921811  1.70902697  1.52567348  1.72868394
3    1.65016963  1.47232325  1.76447366  0.00000000  1.35069072  1.70883242  1.66184330  1.34972051  1.75071997  1.46719291  1.75307890  1.75313122  1.52744153  1.74496894
4    1.21571650  1.10229786  1.30654804  1.35069072  0.00000000  1.26523728  1.11587169  0.81431263  1.29933869  1.08665109  0.72492563  0.55784421  1.05187372  1.27687668
5    1.54466440  1.46647896  1.65969935  1.70883242  1.26523728  0.00000000  1.57667950  1.26262985  1.40415399  1.41730539  1.66752323  1.66766385  1.42331784  1.56591134
6    1.52719990  1.41253675  1.61792573  1.66184330  1.11587169  1.57667950  0.00000000  1.09312549  1.59662927  1.39521622  1.51690016  1.51812688  1.39663190  1.60696360
7    1.20330642  1.10301049  1.31009228  1.34972051  0.81431263  1.26262985  1.09312549  0.00000000  1.29519963  1.08673657  1.18400532  1.21229704  1.07211506  1.28958254
8    1.58879741  1.50783771  1.70198357  1.75071997  1.29933869  1.40415399  1.59662927  1.29519963  0.00000000  1.42202004  1.70152900  1.70175223  1.46674953  1.38121403
9    1.40790676  0.61167820  1.47632996  1.46719291  1.08665109  1.41730539  1.39521622  1.08673657  1.42202004  0.00000000  1.48910519  1.48910058  1.28367516  1.47495136
10    1.61739037  1.50479112  1.70921811  1.75307890  0.72492563  1.66752323  1.51690016  1.18400532  1.70152900  1.48910519  0.00000000  1.10100940  1.43367655  1.66498086
11    1.61805966  1.50475269  1.70902697  1.75313122  0.55784421  1.66766385  1.51812688  1.21229704  1.70175223  1.48910058  1.10100940  0.00000000  1.45239836  1.67798514
12    0.59346427  1.30371814  1.52567348  1.52744153  1.05187372  1.42331784  1.39663190  1.07211506  1.46674953  1.28367516  1.43367655  1.45239836  0.00000000  0.79502915
14    1.04961783  1.51532394  1.72868394  1.74496894  1.27687668  1.56591134  1.60696360  1.28958254  1.38121403  1.47495136  1.66498086  1.67798514  0.79502915  0.00000000

--------------------------------------------------------------------------------
n=13
(result of R-step: (8,12:14)0.30907934)
V=[0, 1, 2, 3, 4, 5, 6, 7, 8, 9, 10, 11, 12]
total successes of this branch: 5
Matrix on 13 elements:

0    0.00000000  1.42827393  1.65153345  1.65016963  1.21571650  1.54466440  1.52719990  1.20330642  1.23405059  1.40790676  1.61739037  1.61805966  0.45367216
1    1.42827393  0.00000000  1.49005187  1.47232325  1.10229786  1.46647896  1.41253675  1.10301049  1.15309088  0.61167820  1.50479112  1.50475269  1.16392603
2    1.65153345  1.49005187  0.00000000  1.76447366  1.30654804  1.65969935  1.61792573  1.31009228  1.34723674  1.47632996  1.70921811  1.70902697  1.38588137
3    1.65016963  1.47232325  1.76447366  0.00000000  1.35069072  1.70883242  1.66184330  1.34972051  1.39597315  1.46719291  1.75307890  1.75313122  1.38764942
4    1.21571650  1.10229786  1.30654804  1.35069072  0.00000000  1.26523728  1.11587169  0.81431263  0.94459186  1.08665109  0.72492563  0.55784421  0.91208160
5    1.54466440  1.46647896  1.65969935  1.70883242  1.26523728  0.00000000  1.57667950  1.26262985  1.04940717  1.41730539  1.66752323  1.66766385  1.28352573
6    1.52719990  1.41253675  1.61792573  1.66184330  1.11587169  1.57667950  0.00000000  1.09312549  1.24188244  1.39521622  1.51690016  1.51812688  1.25683979
7    1.20330642  1.10301049  1.31009228  1.34972051  0.81431263  1.26262985  1.09312549  0.00000000  0.94045281  1.08673657  1.18400532  1.21229704  0.93232295
8    1.23405059  1.15309088  1.34723674  1.39597315  0.94459186  1.04940717  1.24188244  0.94045281  0.00000000  1.06727322  1.34678218  1.34700540  0.97221059
9    1.40790676  0.61167820  1.47632996  1.46719291  1.08665109  1.41730539  1.39521622  1.08673657  1.06727322  0.00000000  1.48910519  1.48910058  1.14388304
10    1.61739037  1.50479112  1.70921811  1.75307890  0.72492563  1.66752323  1.51690016  1.18400532  1.34678218  1.48910519  0.00000000  1.10100940  1.29388443
11    1.61805966  1.50475269  1.70902697  1.75313122  0.55784421  1.66766385  1.51812688  1.21229704  1.34700540  1.48910058  1.10100940  0.00000000  1.31260625
12    0.45367216  1.16392603  1.38588137  1.38764942  0.91208160  1.28352573  1.25683979  0.93232295  0.97221059  1.14388304  1.29388443  1.31260625  0.00000000

--------------------------------------------------------------------------------
n=12
(result of R-step: (0,10:12)0.93074838)
V=[0, 1, 2, 3, 4, 5, 6, 7, 8, 9, 10, 11]
total successes of this branch: 5
Matrix on 12 elements:

0    0.00000000  1.09987578  1.32313530  1.32177147  0.88731835  1.21626624  1.19880175  0.87490826  0.90565244  1.07950861  0.86916228  1.28966150
1    1.09987578  0.00000000  1.49005187  1.47232325  1.10229786  1.46647896  1.41253675  1.10301049  1.15309088  0.61167820  1.08496118  1.50475269
2    1.32313530  1.49005187  0.00000000  1.76447366  1.30654804  1.65969935  1.61792573  1.31009228  1.34723674  1.47632996  1.28938817  1.70902697
3    1.32177147  1.47232325  1.76447366  0.00000000  1.35069072  1.70883242  1.66184330  1.34972051  1.39597315  1.46719291  1.33324896  1.75313122
4    0.88731835  1.10229786  1.30654804  1.35069072  0.00000000  1.26523728  1.11587169  0.81431263  0.94459186  1.08665109  0.30509569  0.55784421
5    1.21626624  1.46647896  1.65969935  1.70883242  1.26523728  0.00000000  1.57667950  1.26262985  1.04940717  1.41730539  1.24769329  1.66766385
6    1.19880175  1.41253675  1.61792573  1.66184330  1.11587169  1.57667950  0.00000000  1.09312549  1.24188244  1.39521622  1.09707022  1.51812688
7    0.87490826  1.10301049  1.31009228  1.34972051  0.81431263  1.26262985  1.09312549  0.00000000  0.94045281  1.08673657  0.76417538  1.21229704
8    0.90565244  1.15309088  1.34723674  1.39597315  0.94459186  1.04940717  1.24188244  0.94045281  0.00000000  1.06727322  0.92695224  1.34700540
9    1.07950861  0.61167820  1.47632996  1.46719291  1.08665109  1.41730539  1.39521622  1.08673657  1.06727322  0.00000000  1.06927525  1.48910058
10    0.86916228  1.08496118  1.28938817  1.33324896  0.30509569  1.24769329  1.09707022  0.76417538  0.92695224  1.06927525  0.00000000  0.68117946
11    1.28966150  1.50475269  1.70902697  1.75313122  0.55784421  1.66766385  1.51812688  1.21229704  1.34700540  1.48910058  0.68117946  0.00000000

--------------------------------------------------------------------------------
n=11
(result of R-step: (1,8:9)0.87073546)
V=[0, 1, 2, 3, 4, 5, 6, 7, 8, 10, 11]
total successes of this branch: 5
Matrix on 11 elements:

0    0.00000000  0.83694551  1.32313530  1.32177147  0.88731835  1.21626624  1.19880175  0.87490826  0.67938358  0.86916228  1.28966150
1    0.83694551  0.00000000  1.22712160  1.20939298  0.83936759  1.20354869  1.14960648  0.84008022  0.66389176  0.82203091  1.24182242
2    1.32313530  1.22712160  0.00000000  1.76447366  1.30654804  1.65969935  1.61792573  1.31009228  1.12096789  1.28938817  1.70902697
3    1.32177147  1.20939298  1.76447366  0.00000000  1.35069072  1.70883242  1.66184330  1.34972051  1.16970429  1.33324896  1.75313122
4    0.88731835  0.83936759  1.30654804  1.35069072  0.00000000  1.26523728  1.11587169  0.81431263  0.71832301  0.30509569  0.55784421
5    1.21626624  1.20354869  1.65969935  1.70883242  1.26523728  0.00000000  1.57667950  1.26262985  0.82313832  1.24769329  1.66766385
6    1.19880175  1.14960648  1.61792573  1.66184330  1.11587169  1.57667950  0.00000000  1.09312549  1.01561359  1.09707022  1.51812688
7    0.87490826  0.84008022  1.31009228  1.34972051  0.81431263  1.26262985  1.09312549  0.00000000  0.71418395  0.76417538  1.21229704
8    0.67938358  0.66389176  1.12096789  1.16970429  0.71832301  0.82313832  1.01561359  0.71418395  0.00000000  0.70068339  1.12073655
10    0.86916228  0.82203091  1.28938817  1.33324896  0.30509569  1.24769329  1.09707022  0.76417538  0.70068339  0.00000000  0.68117946
11    1.28966150  1.24182242  1.70902697  1.75313122  0.55784421  1.66766385  1.51812688  1.21229704  1.12073655  0.68117946  0.00000000

--------------------------------------------------------------------------------
n=10
(result of R-step: (4,10:11)0.86370905)
V=[0, 1, 2, 3, 4, 5, 6, 7, 8, 10]
total successes of this branch: 5
Matrix on 10 elements:

0    0.00000000  0.83694551  1.32313530  1.32177147  0.82280312  1.21626624  1.19880175  0.87490826  0.67938358  0.82202822
1    0.83694551  0.00000000  1.22712160  1.20939298  0.77485236  1.20354869  1.14960648  0.84008022  0.66389176  0.77489686
2    1.32313530  1.22712160  0.00000000  1.76447366  1.24203281  1.65969935  1.61792573  1.31009228  1.12096789  1.24225412
3    1.32177147  1.20939298  1.76447366  0.00000000  1.28617549  1.70883242  1.66184330  1.34972051  1.16970429  1.28611491
4    0.82280312  0.77485236  1.24203281  1.28617549  0.00000000  1.20072205  1.05135647  0.74979740  0.65380778  0.19344641
5    1.21626624  1.20354869  1.65969935  1.70883242  1.20072205  0.00000000  1.57667950  1.26262985  0.82313832  1.20055924
6    1.19880175  1.14960648  1.61792573  1.66184330  1.05135647  1.57667950  0.00000000  1.09312549  1.01561359  1.04993617
7    0.87490826  0.84008022  1.31009228  1.34972051  0.74979740  1.26262985  1.09312549  0.00000000  0.71418395  0.71704133
8    0.67938358  0.66389176  1.12096789  1.16970429  0.65380778  0.82313832  1.01561359  0.71418395  0.00000000  0.65354934
10    0.82202822  0.77489686  1.24225412  1.28611491  0.19344641  1.20055924  1.04993617  0.71704133  0.65354934  0.00000000

--------------------------------------------------------------------------------
n=9
(result of R-step: (4,7:10)0.93755893)
V=[0, 1, 2, 3, 4, 5, 6, 7, 8]
total successes of this branch: 5
Matrix on 9 elements:

0    0.00000000  0.83694551  1.32313530  1.32177147  0.74245796  1.21626624  1.19880175  0.73004787  0.67938358
1    0.83694551  0.00000000  1.22712160  1.20939298  0.69450720  1.20354869  1.14960648  0.69521983  0.66389176
2    1.32313530  1.22712160  0.00000000  1.76447366  1.16168765  1.65969935  1.61792573  1.16523188  1.12096789
3    1.32177147  1.20939298  1.76447366  0.00000000  1.20583032  1.70883242  1.66184330  1.20486012  1.16970429
4    0.74245796  0.69450720  1.16168765  1.20583032  0.00000000  1.12037688  0.97101130  0.52459184  0.57346262
5    1.21626624  1.20354869  1.65969935  1.70883242  1.12037688  0.00000000  1.57667950  1.11776946  0.82313832
6    1.19880175  1.14960648  1.61792573  1.66184330  0.97101130  1.57667950  0.00000000  0.94826509  1.01561359
7    0.73004787  0.69521983  1.16523188  1.20486012  0.52459184  1.11776946  0.94826509  0.00000000  0.56932356
8    0.67938358  0.66389176  1.12096789  1.16970429  0.57346262  0.82313832  1.01561359  0.56932356  0.00000000

--------------------------------------------------------------------------------
n=8
(result of R-step: (5,6:8)0.92394602)
V=[0, 1, 2, 3, 4, 5, 6, 7]
total successes of this branch: 5
Matrix on 8 elements:

0    0.00000000  0.83694551  1.32313530  1.32177147  0.74245796  0.54589159  0.57818165  0.73004787
1    0.83694551  0.00000000  1.22712160  1.20939298  0.69450720  0.53317404  0.52898638  0.69521983
2    1.32313530  1.22712160  0.00000000  1.76447366  1.16168765  0.98932470  0.99730563  1.16523188
3    1.32177147  1.20939298  1.76447366  0.00000000  1.20583032  1.03845777  1.04122320  1.20486012
4    0.74245796  0.69450720  1.16168765  1.20583032  0.00000000  0.45000223  0.35039120  0.52459184
5    0.54589159  0.53317404  0.98932470  1.03845777  0.45000223  0.00000000  0.28568475  0.44739481
6    0.57818165  0.52898638  0.99730563  1.04122320  0.35039120  0.28568475  0.00000000  0.32764500
7    0.73004787  0.69521983  1.16523188  1.20486012  0.52459184  0.44739481  0.32764500  0.00000000

--------------------------------------------------------------------------------
n=7
(result of R-step: (0,6:7)0.09472618)
V=[0, 1, 2, 3, 4, 5, 6]
total successes of this branch: 5
Matrix on 7 elements:

0    0.00000000  0.46971068  0.95590047  0.95453664  0.37522313  0.17865676  0.13593393
1    0.46971068  0.00000000  1.22712160  1.20939298  0.69450720  0.53317404  0.45397350
2    0.95590047  1.22712160  0.00000000  1.76447366  1.16168765  0.98932470  0.92229275
3    0.95453664  1.20939298  1.76447366  0.00000000  1.20583032  1.03845777  0.96621031
4    0.37522313  0.69450720  1.16168765  1.20583032  0.00000000  0.45000223  0.27537832
5    0.17865676  0.53317404  0.98932470  1.03845777  0.45000223  0.00000000  0.21067187
6    0.13593393  0.45397350  0.92229275  0.96621031  0.27537832  0.21067187  0.00000000

--------------------------------------------------------------------------------
n=6
(result of R-step: (0,2:5)0.61052196)
V=[0, 1, 2, 3, 4, 6]
total successes of this branch: 5
Matrix on 6 elements:

0    0.00000000  0.43868307  0.10678047  0.92350903  0.34419551  0.10490632
1    0.43868307  0.00000000  0.40902922  1.20939298  0.69450720  0.45397350
2    0.10678047  0.40902922  0.00000000  0.94638128  0.34359527  0.10420037
3    0.92350903  1.20939298  0.94638128  0.00000000  1.20583032  0.96621031
4    0.34419551  0.69450720  0.34359527  1.20583032  0.00000000  0.27537832
6    0.10490632  0.45397350  0.10420037  0.96621031  0.27537832  0.00000000

--------------------------------------------------------------------------------
n=5
(result of R-step: (0,3:2)0.68046597)
V=[0, 1, 3, 4, 6]
total successes of this branch: 0
reason of abort: negative delta/dxy

--------------------------------------------------------------------------------
n=5
(result of R-step: (1,4:6)0.00363836)
V=[0, 1, 2, 3, 4]
total successes of this branch: 5
Matrix on 5 elements:

0    0.00000000  0.21521167  0.10678047  0.92350903  0.08701760
1    0.21521167  0.00000000  0.18555782  0.98592158  0.21385788
2    0.10678047  0.18555782  0.00000000  0.94638128  0.08641735
3    0.92350903  0.98592158  0.94638128  0.00000000  0.94865240
4    0.08701760  0.21385788  0.08641735  0.94865240  0.00000000

--------------------------------------------------------------------------------
n=4
(result of R-step: (0,1:3)0.54155947)
V=[0, 1, 2, 4]
total successes of this branch: 1
Matrix on 4 elements:

0    0.00000000  0.12363136  0.08705854  0.06729566
1    0.12363136  0.00000000  0.11369945  0.14199951
2    0.08705854  0.11369945  0.00000000  0.08641735
4    0.06729566  0.14199951  0.08641735  0.00000000

--------------------------------------------------------------------------------
n=4
(result of R-step: (0,2:4)0.49554294)
V=[0, 1, 2, 3]
total successes of this branch: 1
Matrix on 4 elements:

0    0.00000000  0.19548974  0.06733661  0.90378710
1    0.19548974  0.00000000  0.16583589  0.98592158
2    0.06733661  0.16583589  0.00000000  0.92665935
3    0.90378710  0.98592158  0.92665935  0.00000000

--------------------------------------------------------------------------------
n=4
(result of R-step: (0,3:2)0.68046597)
V=[0, 1, 3, 4]
total successes of this branch: 0
reason of abort: negative delta/dxy

--------------------------------------------------------------------------------
n=4
(result of R-step: (1,2:0)0.26703570)
V=[1, 2, 3, 4]
total successes of this branch: 0
reason of abort: negative delta/dxy

--------------------------------------------------------------------------------
n=4
(result of R-step: (1,3:4)0.44687310)
V=[0, 1, 2, 3]
total successes of this branch: 0
reason of abort: negative delta/dxy

--------------------------------------------------------------------------------
n=4
(result of R-step: (1,4:0)0.73550258)
V=[1, 2, 3, 4]
total successes of this branch: 0
reason of abort: negative delta/dxy

--------------------------------------------------------------------------------
n=4
(result of R-step: (1,4:2)0.24233184)
V=[0, 1, 3, 4]
total successes of this branch: 1
Matrix on 4 elements:

0    0.00000000  0.14335330  0.92350903  0.05673032
1    0.14335330  0.00000000  0.91406321  0.11171224
3    0.92350903  0.91406321  0.00000000  0.91836513
4    0.05673032  0.11171224  0.91836513  0.00000000

--------------------------------------------------------------------------------
n=4
(result of R-step: (2,3:1)0.58227204)
V=[0, 2, 3, 4]
total successes of this branch: 1
Matrix on 4 elements:

0    0.00000000  0.08705854  0.12441316  0.08701760
2    0.08705854  0.00000000  0.12756348  0.06669542
3    0.12441316  0.12756348  0.00000000  0.14955653
4    0.08701760  0.06669542  0.14955653  0.00000000

--------------------------------------------------------------------------------
n=4
(result of R-step: (3,4:0)0.21626036)
V=[1, 2, 3, 4]
total successes of this branch: 1
Matrix on 4 elements:

1    0.00000000  0.18555782  0.18682571  0.18357061
2    0.18555782  0.00000000  0.14728541  0.05613008
3    0.18682571  0.14728541  0.00000000  0.11926926
4    0.18357061  0.05613008  0.11926926  0.00000000

--------------------------------------------------------------------------------
n=4
(result of R-step: (3,4:2)0.74599761)
V=[0, 1, 3, 4]
total successes of this branch: 0
reason of abort: negative delta/dxy
