n=20
V=[0, 1, 2, 3, 4, 5, 6, 7, 8, 9, 10, 11, 12, 13, 14, 15, 16, 17, 18, 19]
total successes of this branch: 5
Matrix on 20 elements:

0    0.00000000  1.41861072  1.41745757  1.41737646  1.41740000  1.41737941  1.41737715  1.41737895  1.41737934  1.41739739  1.41737750  1.41737807  1.41808770  1.41843278  1.41739303  0.75806680  1.41783856  1.08460704  0.96318527  1.41757790
1    1.41861072  0.00000000  1.41164400  1.38706773  1.38665469  1.38701597  1.38705569  1.38702406  1.38701721  1.39270059  1.38704950  1.38703945  0.78573062  0.46424956  1.38677690  0.85878518  0.99709845  1.39904342  0.60489393  1.22274700
2    1.41745757  1.41164400  0.00000000  1.41186292  1.41185874  1.41186239  1.41186280  1.41186248  1.41186241  1.25143482  1.41186273  1.41186263  1.41173677  1.41167556  1.41185998  1.41479069  1.41178096  1.29207740  1.41381355  1.41182719
3    1.41737646  1.38706773  1.41186292  0.00000000  1.36582050  1.34373061  1.29345460  1.32929199  1.34215526  1.35824242  0.84002252  1.03322022  1.15506307  1.37872171  1.35784278  1.40347280  1.21630836  1.37271850  1.39837854  1.36155516
4    1.41740000  1.38665469  1.41185874  1.36582050  0.00000000  1.36265585  1.36508449  1.36315033  1.36273194  1.37406944  1.36470586  1.36409163  1.37734608  1.38325936  0.61765899  1.40329607  1.37235596  1.38467682  1.39812843  0.75378650
5    1.41737941  1.38701597  1.41186239  1.34373061  1.36265585  0.00000000  1.32849426  1.26576323  0.85867997  0.98634360  1.31118366  1.29324851  1.35485510  1.36950036  1.19276197  1.40345065  1.32353735  1.09186170  1.39834720  1.22418692
6    1.41737715  1.38705569  1.41186280  1.29345460  1.36508449  1.32849426  0.00000000  1.32301924  1.31329688  1.33604396  1.30579616  1.31259703  1.35259311  1.37780528  1.34762652  1.40346765  1.34219725  1.35595442  1.39837125  1.35299245
7    1.41737895  1.38702406  1.41186248  1.32929199  1.36315033  1.26576323  1.32301924  0.00000000  1.26755729  1.30086009  0.97869590  0.77491642  1.21385001  1.23121723  1.33092523  1.40345411  0.83917742  1.32938405  1.39835209  1.31319666
8    1.41737934  1.38701721  1.41186241  1.34215526  1.36273194  0.85867997  1.31329688  1.26755729  0.00000000  0.87713726  1.31101485  1.29385477  1.35478423  1.36976059  0.98383294  1.40345119  1.32412204  1.00938919  1.39834795  1.05245278
9    1.41739739  1.39270059  1.25143482  1.35824242  1.37406944  0.98634360  1.33604396  1.30086009  0.87713726  0.00000000  1.33428856  1.32108867  1.36792775  1.37943374  1.20655005  1.40606812  1.34435200  0.39075691  1.40191711  1.23728962
10    1.41737750  1.38704950  1.41186273  0.84002252  1.36470586  1.31118366  1.30579616  0.97869590  1.31101485  1.33428856  0.00000000  0.66640775  0.94422149  1.32806064  1.34660623  1.40346500  0.95634000  1.35462883  1.39836750  1.34330874
11    1.41737807  1.38703945  1.41186263  1.03322022  1.36409163  1.29324851  1.31259703  0.77491642  1.29385477  1.32108867  0.66640775  0.00000000  1.08141588  1.29861501  1.34041428  1.40346070  0.97367460  1.34466043  1.39836142  1.33298217
12    1.41808770  0.78573062  1.41173677  1.15506307  1.37734608  1.35485510  1.35259311  1.21385001  1.35478423  1.36792775  0.94422149  1.08141588  0.00000000  0.84757475  1.36974032  1.12800371  0.52266423  1.38020697  1.02171776  1.27689671
13    1.41843278  0.46424956  1.41167556  1.37872171  1.38325936  1.36950036  1.37780528  1.23121723  1.36976059  1.37943374  1.32806064  1.29861501  0.84757475  0.00000000  1.37870883  0.98071604  0.98243349  1.38898076  0.82033789  1.13395531
14    1.41739303  1.38677690  1.41185998  1.35784278  0.61765899  1.19276197  1.34762652  1.33092523  0.98383294  1.20655005  1.34660623  1.34041428  1.36974032  1.37870883  0.00000000  1.40334836  1.35609596  1.25816467  1.39820243  0.24693393
15    0.75806680  0.85878518  1.41479069  1.40347280  1.40329607  1.40345065  1.40346765  1.40345411  1.40345119  1.40606812  1.40346500  1.40346070  1.12800371  0.98071604  1.40334836  0.00000000  1.22483057  1.24743659  0.29506932  1.32820225
16    1.41783856  0.99709845  1.41178096  1.21630836  1.37235596  1.32353735  1.34219725  0.83917742  1.32412204  1.34435200  0.95634000  0.97367460  0.52266423  0.98243349  1.35609596  1.22483057  0.00000000  1.36234160  1.15411299  1.28965694
17    1.08460704  1.39904342  1.29207740  1.37271850  1.38467682  1.09186170  1.35595442  1.32938405  1.00938919  0.39075691  1.35462883  1.34466043  1.38020697  1.38898076  1.25816467  1.24743659  1.36234160  0.00000000  1.29451501  1.28142441
18    0.96318527  0.60489393  1.41381355  1.39837854  1.39812843  1.39834720  1.39837125  1.39835209  1.39834795  1.40191711  1.39836750  1.39836142  1.02171776  0.82033789  1.39820243  0.29506932  1.15411299  1.29451501  0.00000000  1.29545527
19    1.41757790  1.22274700  1.41182719  1.36155516  0.75378650  1.22418692  1.35299245  1.31319666  1.05245278  1.23728962  1.34330874  1.33298217  1.27689671  1.13395531  0.24693393  1.32820225  1.28965694  1.28142441  1.29545527  0.00000000

--------------------------------------------------------------------------------
n=19
(result of R-step: (0,9:17)0.24480124)
V=[0, 1, 2, 3, 4, 5, 6, 7, 8, 9, 10, 11, 12, 13, 14, 15, 16, 18, 19]
total successes of this branch: 5
Matrix on 19 elements:

0    0.00000000  1.38962744  1.38847429  1.38839318  1.38841672  1.38839613  1.38839387  1.38839567  1.38839606  1.35943083  1.38839422  1.38839479  1.38910442  1.38944950  1.38840975  0.72908352  1.38885528  0.93420199  1.38859462
1    1.38962744  0.00000000  1.41164400  1.38706773  1.38665469  1.38701597  1.38705569  1.38702406  1.38701721  1.36371731  1.38704950  1.38703945  0.78573062  0.46424956  1.38677690  0.85878518  0.99709845  0.60489393  1.22274700
2    1.38847429  1.41164400  0.00000000  1.41186292  1.41185874  1.41186239  1.41186280  1.41186248  1.41186241  1.22245154  1.41186273  1.41186263  1.41173677  1.41167556  1.41185998  1.41479069  1.41178096  1.41381355  1.41182719
3    1.38839318  1.38706773  1.41186292  0.00000000  1.36582050  1.34373061  1.29345460  1.32929199  1.34215526  1.32925914  0.84002252  1.03322022  1.15506307  1.37872171  1.35784278  1.40347280  1.21630836  1.39837854  1.36155516
4    1.38841672  1.38665469  1.41185874  1.36582050  0.00000000  1.36265585  1.36508449  1.36315033  1.36273194  1.34508616  1.36470586  1.36409163  1.37734608  1.38325936  0.61765899  1.40329607  1.37235596  1.39812843  0.75378650
5    1.38839613  1.38701597  1.41186239  1.34373061  1.36265585  0.00000000  1.32849426  1.26576323  0.85867997  0.95736032  1.31118366  1.29324851  1.35485510  1.36950036  1.19276197  1.40345065  1.32353735  1.39834720  1.22418692
6    1.38839387  1.38705569  1.41186280  1.29345460  1.36508449  1.32849426  0.00000000  1.32301924  1.31329688  1.30706068  1.30579616  1.31259703  1.35259311  1.37780528  1.34762652  1.40346765  1.34219725  1.39837125  1.35299245
7    1.38839567  1.38702406  1.41186248  1.32929199  1.36315033  1.26576323  1.32301924  0.00000000  1.26755729  1.27187681  0.97869590  0.77491642  1.21385001  1.23121723  1.33092523  1.40345411  0.83917742  1.39835209  1.31319666
8    1.38839606  1.38701721  1.41186241  1.34215526  1.36273194  0.85867997  1.31329688  1.26755729  0.00000000  0.84815398  1.31101485  1.29385477  1.35478423  1.36976059  0.98383294  1.40345119  1.32412204  1.39834795  1.05245278
9    1.35943083  1.36371731  1.22245154  1.32925914  1.34508616  0.95736032  1.30706068  1.27187681  0.84815398  0.00000000  1.30530528  1.29210539  1.33894447  1.35045046  1.17756676  1.37708484  1.31536872  1.37293383  1.20830634
10    1.38839422  1.38704950  1.41186273  0.84002252  1.36470586  1.31118366  1.30579616  0.97869590  1.31101485  1.30530528  0.00000000  0.66640775  0.94422149  1.32806064  1.34660623  1.40346500  0.95634000  1.39836750  1.34330874
11    1.38839479  1.38703945  1.41186263  1.03322022  1.36409163  1.29324851  1.31259703  0.77491642  1.29385477  1.29210539  0.66640775  0.00000000  1.08141588  1.29861501  1.34041428  1.40346070  0.97367460  1.39836142  1.33298217
12    1.38910442  0.78573062  1.41173677  1.15506307  1.37734608  1.35485510  1.35259311  1.21385001  1.35478423  1.33894447  0.94422149  1.08141588  0.00000000  0.84757475  1.36974032  1.12800371  0.52266423  1.02171776  1.27689671
13    1.38944950  0.46424956  1.41167556  1.37872171  1.38325936  1.36950036  1.37780528  1.23121723  1.36976059  1.35045046  1.32806064  1.29861501  0.84757475  0.00000000  1.37870883  0.98071604  0.98243349  0.82033789  1.13395531
14    1.38840975  1.38677690  1.41185998  1.35784278  0.61765899  1.19276197  1.34762652  1.33092523  0.98383294  1.17756676  1.34660623  1.34041428  1.36974032  1.37870883  0.00000000  1.40334836  1.35609596  1.39820243  0.24693393
15    0.72908352  0.85878518  1.41479069  1.40347280  1.40329607  1.40345065  1.40346765  1.40345411  1.40345119  1.37708484  1.40346500  1.40346070  1.12800371  0.98071604  1.40334836  0.00000000  1.22483057  0.29506932  1.32820225
16    1.38885528  0.99709845  1.41178096  1.21630836  1.37235596  1.32353735  1.34219725  0.83917742  1.32412204  1.31536872  0.95634000  0.97367460  0.52266423  0.98243349  1.35609596  1.22483057  0.00000000  1.15411299  1.28965694
18    0.93420199  0.60489393  1.41381355  1.39837854  1.39812843  1.39834720  1.39837125  1.39835209  1.39834795  1.37293383  1.39836750  1.39836142  1.02171776  0.82033789  1.39820243  0.29506932  1.15411299  0.00000000  1.29545527
19    1.38859462  1.22274700  1.41182719  1.36155516  0.75378650  1.22418692  1.35299245  1.31319666  1.05245278  1.20830634  1.34330874  1.33298217  1.27689671  1.13395531  0.24693393  1.32820225  1.28965694  1.29545527  0.00000000

--------------------------------------------------------------------------------
n=18
(result of R-step: (1,15:18)0.31052965)
V=[0, 1, 2, 3, 4, 5, 6, 7, 8, 9, 10, 11, 12, 13, 14, 15, 16, 19]
total successes of this branch: 5
Matrix on 18 elements:

0    0.00000000  1.36903840  1.38847429  1.38839318  1.38841672  1.38839613  1.38839387  1.38839567  1.38839606  1.35943083  1.38839422  1.38839479  1.38910442  1.38944950  1.38840975  0.70849448  1.38885528  1.38859462
1    1.36903840  0.00000000  1.39105496  1.36647869  1.36606565  1.36642693  1.36646665  1.36643502  1.36642818  1.34312827  1.36646046  1.36645041  0.76514158  0.44366052  1.36618786  0.81760710  0.97650941  1.20215797
2    1.38847429  1.39105496  0.00000000  1.41186292  1.41185874  1.41186239  1.41186280  1.41186248  1.41186241  1.22245154  1.41186273  1.41186263  1.41173677  1.41167556  1.41185998  1.39420165  1.41178096  1.41182719
3    1.38839318  1.36647869  1.41186292  0.00000000  1.36582050  1.34373061  1.29345460  1.32929199  1.34215526  1.32925914  0.84002252  1.03322022  1.15506307  1.37872171  1.35784278  1.38288376  1.21630836  1.36155516
4    1.38841672  1.36606565  1.41185874  1.36582050  0.00000000  1.36265585  1.36508449  1.36315033  1.36273194  1.34508616  1.36470586  1.36409163  1.37734608  1.38325936  0.61765899  1.38270703  1.37235596  0.75378650
5    1.38839613  1.36642693  1.41186239  1.34373061  1.36265585  0.00000000  1.32849426  1.26576323  0.85867997  0.95736032  1.31118366  1.29324851  1.35485510  1.36950036  1.19276197  1.38286161  1.32353735  1.22418692
6    1.38839387  1.36646665  1.41186280  1.29345460  1.36508449  1.32849426  0.00000000  1.32301924  1.31329688  1.30706068  1.30579616  1.31259703  1.35259311  1.37780528  1.34762652  1.38287861  1.34219725  1.35299245
7    1.38839567  1.36643502  1.41186248  1.32929199  1.36315033  1.26576323  1.32301924  0.00000000  1.26755729  1.27187681  0.97869590  0.77491642  1.21385001  1.23121723  1.33092523  1.38286508  0.83917742  1.31319666
8    1.38839606  1.36642818  1.41186241  1.34215526  1.36273194  0.85867997  1.31329688  1.26755729  0.00000000  0.84815398  1.31101485  1.29385477  1.35478423  1.36976059  0.98383294  1.38286215  1.32412204  1.05245278
9    1.35943083  1.34312827  1.22245154  1.32925914  1.34508616  0.95736032  1.30706068  1.27187681  0.84815398  0.00000000  1.30530528  1.29210539  1.33894447  1.35045046  1.17756676  1.35649580  1.31536872  1.20830634
10    1.38839422  1.36646046  1.41186273  0.84002252  1.36470586  1.31118366  1.30579616  0.97869590  1.31101485  1.30530528  0.00000000  0.66640775  0.94422149  1.32806064  1.34660623  1.38287596  0.95634000  1.34330874
11    1.38839479  1.36645041  1.41186263  1.03322022  1.36409163  1.29324851  1.31259703  0.77491642  1.29385477  1.29210539  0.66640775  0.00000000  1.08141588  1.29861501  1.34041428  1.38287166  0.97367460  1.33298217
12    1.38910442  0.76514158  1.41173677  1.15506307  1.37734608  1.35485510  1.35259311  1.21385001  1.35478423  1.33894447  0.94422149  1.08141588  0.00000000  0.84757475  1.36974032  1.10741467  0.52266423  1.27689671
13    1.38944950  0.44366052  1.41167556  1.37872171  1.38325936  1.36950036  1.37780528  1.23121723  1.36976059  1.35045046  1.32806064  1.29861501  0.84757475  0.00000000  1.37870883  0.96012700  0.98243349  1.13395531
14    1.38840975  1.36618786  1.41185998  1.35784278  0.61765899  1.19276197  1.34762652  1.33092523  0.98383294  1.17756676  1.34660623  1.34041428  1.36974032  1.37870883  0.00000000  1.38275932  1.35609596  0.24693393
15    0.70849448  0.81760710  1.39420165  1.38288376  1.38270703  1.38286161  1.38287861  1.38286508  1.38286215  1.35649580  1.38287596  1.38287166  1.10741467  0.96012700  1.38275932  0.00000000  1.20424153  1.30761322
16    1.38885528  0.97650941  1.41178096  1.21630836  1.37235596  1.32353735  1.34219725  0.83917742  1.32412204  1.31536872  0.95634000  0.97367460  0.52266423  0.98243349  1.35609596  1.20424153  0.00000000  1.28965694
19    1.38859462  1.20215797  1.41182719  1.36155516  0.75378650  1.22418692  1.35299245  1.31319666  1.05245278  1.20830634  1.34330874  1.33298217  1.27689671  1.13395531  0.24693393  1.30761322  1.28965694  0.00000000

--------------------------------------------------------------------------------
n=17
(result of R-step: (0,1:15)0.54126553)
V=[0, 1, 2, 3, 4, 5, 6, 7, 8, 9, 10, 11, 12, 13, 14, 16, 19]
total successes of this branch: 5
Matrix on 17 elements:

0    0.00000000  1.22036946  1.31833694  1.31825583  1.31827937  1.31825878  1.31825652  1.31825832  1.31825871  1.28929348  1.31825687  1.31825744  1.31896707  1.31931215  1.31827240  1.31871793  1.31845728
1    1.22036946  0.00000000  1.31252337  1.28794710  1.28753406  1.28789534  1.28793506  1.28790343  1.28789659  1.26459668  1.28792887  1.28791882  0.68660999  0.36512893  1.28765627  0.89797782  1.12362637
2    1.31833694  1.31252337  0.00000000  1.41186292  1.41185874  1.41186239  1.41186280  1.41186248  1.41186241  1.22245154  1.41186273  1.41186263  1.41173677  1.41167556  1.41185998  1.41178096  1.41182719
3    1.31825583  1.28794710  1.41186292  0.00000000  1.36582050  1.34373061  1.29345460  1.32929199  1.34215526  1.32925914  0.84002252  1.03322022  1.15506307  1.37872171  1.35784278  1.21630836  1.36155516
4    1.31827937  1.28753406  1.41185874  1.36582050  0.00000000  1.36265585  1.36508449  1.36315033  1.36273194  1.34508616  1.36470586  1.36409163  1.37734608  1.38325936  0.61765899  1.37235596  0.75378650
5    1.31825878  1.28789534  1.41186239  1.34373061  1.36265585  0.00000000  1.32849426  1.26576323  0.85867997  0.95736032  1.31118366  1.29324851  1.35485510  1.36950036  1.19276197  1.32353735  1.22418692
6    1.31825652  1.28793506  1.41186280  1.29345460  1.36508449  1.32849426  0.00000000  1.32301924  1.31329688  1.30706068  1.30579616  1.31259703  1.35259311  1.37780528  1.34762652  1.34219725  1.35299245
7    1.31825832  1.28790343  1.41186248  1.32929199  1.36315033  1.26576323  1.32301924  0.00000000  1.26755729  1.27187681  0.97869590  0.77491642  1.21385001  1.23121723  1.33092523  0.83917742  1.31319666
8    1.31825871  1.28789659  1.41186241  1.34215526  1.36273194  0.85867997  1.31329688  1.26755729  0.00000000  0.84815398  1.31101485  1.29385477  1.35478423  1.36976059  0.98383294  1.32412204  1.05245278
9    1.28929348  1.26459668  1.22245154  1.32925914  1.34508616  0.95736032  1.30706068  1.27187681  0.84815398  0.00000000  1.30530528  1.29210539  1.33894447  1.35045046  1.17756676  1.31536872  1.20830634
10    1.31825687  1.28792887  1.41186273  0.84002252  1.36470586  1.31118366  1.30579616  0.97869590  1.31101485  1.30530528  0.00000000  0.66640775  0.94422149  1.32806064  1.34660623  0.95634000  1.34330874
11    1.31825744  1.28791882  1.41186263  1.03322022  1.36409163  1.29324851  1.31259703  0.77491642  1.29385477  1.29210539  0.66640775  0.00000000  1.08141588  1.29861501  1.34041428  0.97367460  1.33298217
12    1.31896707  0.68660999  1.41173677  1.15506307  1.37734608  1.35485510  1.35259311  1.21385001  1.35478423  1.33894447  0.94422149  1.08141588  0.00000000  0.84757475  1.36974032  0.52266423  1.27689671
13    1.31931215  0.36512893  1.41167556  1.37872171  1.38325936  1.36950036  1.37780528  1.23121723  1.36976059  1.35045046  1.32806064  1.29861501  0.84757475  0.00000000  1.37870883  0.98243349  1.13395531
14    1.31827240  1.28765627  1.41185998  1.35784278  0.61765899  1.19276197  1.34762652  1.33092523  0.98383294  1.17756676  1.34660623  1.34041428  1.36974032  1.37870883  0.00000000  1.35609596  0.24693393
16    1.31871793  0.89797782  1.41178096  1.21630836  1.37235596  1.32353735  1.34219725  0.83917742  1.32412204  1.31536872  0.95634000  0.97367460  0.52266423  0.98243349  1.35609596  0.00000000  1.28965694
19    1.31845728  1.12362637  1.41182719  1.36155516  0.75378650  1.22418692  1.35299245  1.31319666  1.05245278  1.20830634  1.34330874  1.33298217  1.27689671  1.13395531  0.24693393  1.28965694  0.00000000

--------------------------------------------------------------------------------
n=16
(result of R-step: (7,12:16)0.35152193)
V=[0, 1, 2, 3, 4, 5, 6, 7, 8, 9, 10, 11, 12, 13, 14, 19]
total successes of this branch: 5
Matrix on 16 elements:

0    0.00000000  1.22036946  1.31833694  1.31825583  1.31827937  1.31825878  1.31825652  1.24426250  1.31825871  1.28929348  1.31825687  1.31825744  1.24497125  1.31931215  1.31827240  1.31845728
1    1.22036946  0.00000000  1.31252337  1.28794710  1.28753406  1.28789534  1.28793506  1.21390761  1.28789659  1.26459668  1.28792887  1.28791882  0.61261417  0.36512893  1.28765627  1.12362637
2    1.31833694  1.31252337  0.00000000  1.41186292  1.41185874  1.41186239  1.41186280  1.33786666  1.41186241  1.22245154  1.41186273  1.41186263  1.33774095  1.41167556  1.41185998  1.41182719
3    1.31825583  1.28794710  1.41186292  0.00000000  1.36582050  1.34373061  1.29345460  1.25529617  1.34215526  1.32925914  0.84002252  1.03322022  1.08106725  1.37872171  1.35784278  1.36155516
4    1.31827937  1.28753406  1.41185874  1.36582050  0.00000000  1.36265585  1.36508449  1.28915451  1.36273194  1.34508616  1.36470586  1.36409163  1.30335026  1.38325936  0.61765899  0.75378650
5    1.31825878  1.28789534  1.41186239  1.34373061  1.36265585  0.00000000  1.32849426  1.19176741  0.85867997  0.95736032  1.31118366  1.29324851  1.28085928  1.36950036  1.19276197  1.22418692
6    1.31825652  1.28793506  1.41186280  1.29345460  1.36508449  1.32849426  0.00000000  1.24902342  1.31329688  1.30706068  1.30579616  1.31259703  1.27859729  1.37780528  1.34762652  1.35299245
7    1.24426250  1.21390761  1.33786666  1.25529617  1.28915451  1.19176741  1.24902342  0.00000000  1.19356147  1.19788099  0.90470008  0.70092060  1.06585837  1.15722141  1.25692941  1.23920084
8    1.31825871  1.28789659  1.41186241  1.34215526  1.36273194  0.85867997  1.31329688  1.19356147  0.00000000  0.84815398  1.31101485  1.29385477  1.28078840  1.36976059  0.98383294  1.05245278
9    1.28929348  1.26459668  1.22245154  1.32925914  1.34508616  0.95736032  1.30706068  1.19788099  0.84815398  0.00000000  1.30530528  1.29210539  1.26494865  1.35045046  1.17756676  1.20830634
10    1.31825687  1.28792887  1.41186273  0.84002252  1.36470586  1.31118366  1.30579616  0.90470008  1.31101485  1.30530528  0.00000000  0.66640775  0.87022567  1.32806064  1.34660623  1.34330874
11    1.31825744  1.28791882  1.41186263  1.03322022  1.36409163  1.29324851  1.31259703  0.70092060  1.29385477  1.29210539  0.66640775  0.00000000  1.00742006  1.29861501  1.34041428  1.33298217
12    1.24497125  0.61261417  1.33774095  1.08106725  1.30335026  1.28085928  1.27859729  1.06585837  1.28078840  1.26494865  0.87022567  1.00742006  0.00000000  0.77357893  1.29574450  1.20290089
13    1.31931215  0.36512893  1.41167556  1.37872171  1.38325936  1.36950036  1.37780528  1.15722141  1.36976059  1.35045046  1.32806064  1.29861501  0.77357893  0.00000000  1.37870883  1.13395531
14    1.31827240  1.28765627  1.41185998  1.35784278  0.61765899  1.19276197  1.34762652  1.25692941  0.98383294  1.17756676  1.34660623  1.34041428  1.29574450  1.37870883  0.00000000  0.24693393
19    1.31845728  1.12362637  1.41182719  1.36155516  0.75378650  1.22418692  1.35299245  1.23920084  1.05245278  1.20830634  1.34330874  1.33298217  1.20290089  1.13395531  0.24693393  0.00000000

--------------------------------------------------------------------------------
n=15
(result of R-step: (13,14:19)0.17780492)
V=[0, 1, 2, 3, 4, 5, 6, 7, 8, 9, 10, 11, 12, 13, 14]
total successes of this branch: 5
Matrix on 15 elements:

0    0.00000000  1.22036946  1.31833694  1.31825583  1.31827937  1.31825878  1.31825652  1.24426250  1.31825871  1.28929348  1.31825687  1.31825744  1.24497125  1.31822195  1.31718220
1    1.22036946  0.00000000  1.31252337  1.28794710  1.28753406  1.28789534  1.28793506  1.21390761  1.28789659  1.26459668  1.28792887  1.28791882  0.61261417  0.36403873  1.28656607
2    1.31833694  1.31252337  0.00000000  1.41186292  1.41185874  1.41186239  1.41186280  1.33786666  1.41186241  1.22245154  1.41186273  1.41186263  1.33774095  1.41058536  1.41076977
3    1.31825583  1.28794710  1.41186292  0.00000000  1.36582050  1.34373061  1.29345460  1.25529617  1.34215526  1.32925914  0.84002252  1.03322022  1.08106725  1.37763151  1.35675258
4    1.31827937  1.28753406  1.41185874  1.36582050  0.00000000  1.36265585  1.36508449  1.28915451  1.36273194  1.34508616  1.36470586  1.36409163  1.30335026  1.38216916  0.61656879
5    1.31825878  1.28789534  1.41186239  1.34373061  1.36265585  0.00000000  1.32849426  1.19176741  0.85867997  0.95736032  1.31118366  1.29324851  1.28085928  1.36841016  1.19167176
6    1.31825652  1.28793506  1.41186280  1.29345460  1.36508449  1.32849426  0.00000000  1.24902342  1.31329688  1.30706068  1.30579616  1.31259703  1.27859729  1.37671508  1.34653631
7    1.24426250  1.21390761  1.33786666  1.25529617  1.28915451  1.19176741  1.24902342  0.00000000  1.19356147  1.19788099  0.90470008  0.70092060  1.06585837  1.15613121  1.25583921
8    1.31825871  1.28789659  1.41186241  1.34215526  1.36273194  0.85867997  1.31329688  1.19356147  0.00000000  0.84815398  1.31101485  1.29385477  1.28078840  1.36867039  0.98274274
9    1.28929348  1.26459668  1.22245154  1.32925914  1.34508616  0.95736032  1.30706068  1.19788099  0.84815398  0.00000000  1.30530528  1.29210539  1.26494865  1.34936026  1.17647656
10    1.31825687  1.28792887  1.41186273  0.84002252  1.36470586  1.31118366  1.30579616  0.90470008  1.31101485  1.30530528  0.00000000  0.66640775  0.87022567  1.32697044  1.34551603
11    1.31825744  1.28791882  1.41186263  1.03322022  1.36409163  1.29324851  1.31259703  0.70092060  1.29385477  1.29210539  0.66640775  0.00000000  1.00742006  1.29752481  1.33932408
12    1.24497125  0.61261417  1.33774095  1.08106725  1.30335026  1.28085928  1.27859729  1.06585837  1.28078840  1.26494865  0.87022567  1.00742006  0.00000000  0.77248872  1.29465429
13    1.31822195  0.36403873  1.41058536  1.37763151  1.38216916  1.36841016  1.37671508  1.15613121  1.36867039  1.34936026  1.32697044  1.29752481  0.77248872  0.00000000  1.37652842
14    1.31718220  1.28656607  1.41076977  1.35675258  0.61656879  1.19167176  1.34653631  1.25583921  0.98274274  1.17647656  1.34551603  1.33932408  1.29465429  1.37652842  0.00000000

--------------------------------------------------------------------------------
n=14
(result of R-step: (1,7:13)0.85554467)
V=[0, 1, 2, 3, 4, 5, 6, 7, 8, 9, 10, 11, 12, 14]
total successes of this branch: 5
Matrix on 14 elements:

0    0.00000000  1.16526872  1.31833694  1.31825583  1.31827937  1.31825878  1.31825652  1.16403695  1.31825871  1.28929348  1.31825687  1.31825744  1.24497125  1.31718220
1    1.16526872  0.00000000  1.25742264  1.23284636  1.23243333  1.23279460  1.23283432  1.07858133  1.23279585  1.20949595  1.23282813  1.23281809  0.55751343  1.23146533
2    1.31833694  1.25742264  0.00000000  1.41186292  1.41185874  1.41186239  1.41186280  1.25764111  1.41186241  1.22245154  1.41186273  1.41186263  1.33774095  1.41076977
3    1.31825583  1.23284636  1.41186292  0.00000000  1.36582050  1.34373061  1.29345460  1.17507063  1.34215526  1.32925914  0.84002252  1.03322022  1.08106725  1.35675258
4    1.31827937  1.23243333  1.41185874  1.36582050  0.00000000  1.36265585  1.36508449  1.20892896  1.36273194  1.34508616  1.36470586  1.36409163  1.30335026  0.61656879
5    1.31825878  1.23279460  1.41186239  1.34373061  1.36265585  0.00000000  1.32849426  1.11154186  0.85867997  0.95736032  1.31118366  1.29324851  1.28085928  1.19167176
6    1.31825652  1.23283432  1.41186280  1.29345460  1.36508449  1.32849426  0.00000000  1.16879788  1.31329688  1.30706068  1.30579616  1.31259703  1.27859729  1.34653631
7    1.16403695  1.07858133  1.25764111  1.17507063  1.20892896  1.11154186  1.16879788  0.00000000  1.11333592  1.11765544  0.82447453  0.62069505  0.98563282  1.17561366
8    1.31825871  1.23279585  1.41186241  1.34215526  1.36273194  0.85867997  1.31329688  1.11333592  0.00000000  0.84815398  1.31101485  1.29385477  1.28078840  0.98274274
9    1.28929348  1.20949595  1.22245154  1.32925914  1.34508616  0.95736032  1.30706068  1.11765544  0.84815398  0.00000000  1.30530528  1.29210539  1.26494865  1.17647656
10    1.31825687  1.23282813  1.41186273  0.84002252  1.36470586  1.31118366  1.30579616  0.82447453  1.31101485  1.30530528  0.00000000  0.66640775  0.87022567  1.34551603
11    1.31825744  1.23281809  1.41186263  1.03322022  1.36409163  1.29324851  1.31259703  0.62069505  1.29385477  1.29210539  0.66640775  0.00000000  1.00742006  1.33932408
12    1.24497125  0.55751343  1.33774095  1.08106725  1.30335026  1.28085928  1.27859729  0.98563282  1.28078840  1.26494865  0.87022567  1.00742006  0.00000000  1.29465429
14    1.31718220  1.23146533  1.41076977  1.35675258  0.61656879  1.19167176  1.34653631  1.17561366  0.98274274  1.17647656  1.34551603  1.33932408  1.29465429  0.00000000

--------------------------------------------------------------------------------
n=13
(result of R-step: (1,10:12)0.57589492)
V=[0, 1, 2, 3, 4, 5, 6, 7, 8, 9, 10, 11, 14]
total successes of this branch: 5
Matrix on 13 elements:

0    0.00000000  1.14803878  1.31833694  1.31825583  1.31827937  1.31825878  1.31825652  1.16403695  1.31825871  1.28929348  1.14680556  1.31825744  1.31718220
1    1.14803878  0.00000000  1.24019270  1.21561642  1.21520339  1.21556466  1.21560438  1.06135139  1.21556591  1.19226601  1.04414689  1.21558815  1.21423539
2    1.31833694  1.24019270  0.00000000  1.41186292  1.41185874  1.41186239  1.41186280  1.25764111  1.41186241  1.22245154  1.24041143  1.41186263  1.41076977
3    1.31825583  1.21561642  1.41186292  0.00000000  1.36582050  1.34373061  1.29345460  1.17507063  1.34215526  1.32925914  0.66857121  1.03322022  1.35675258
4    1.31827937  1.21520339  1.41185874  1.36582050  0.00000000  1.36265585  1.36508449  1.20892896  1.36273194  1.34508616  1.19325455  1.36409163  0.61656879
5    1.31825878  1.21556466  1.41186239  1.34373061  1.36265585  0.00000000  1.32849426  1.11154186  0.85867997  0.95736032  1.13973236  1.29324851  1.19167176
6    1.31825652  1.21560438  1.41186280  1.29345460  1.36508449  1.32849426  0.00000000  1.16879788  1.31329688  1.30706068  1.13434485  1.31259703  1.34653631
7    1.16403695  1.06135139  1.25764111  1.17507063  1.20892896  1.11154186  1.16879788  0.00000000  1.11333592  1.11765544  0.65302323  0.62069505  1.17561366
8    1.31825871  1.21556591  1.41186241  1.34215526  1.36273194  0.85867997  1.31329688  1.11333592  0.00000000  0.84815398  1.13956354  1.29385477  0.98274274
9    1.28929348  1.19226601  1.22245154  1.32925914  1.34508616  0.95736032  1.30706068  1.11765544  0.84815398  0.00000000  1.13385397  1.29210539  1.17647656
10    1.14680556  1.04414689  1.24041143  0.66857121  1.19325455  1.13973236  1.13434485  0.65302323  1.13956354  1.13385397  0.00000000  0.49495645  1.17406472
11    1.31825744  1.21558815  1.41186263  1.03322022  1.36409163  1.29324851  1.31259703  0.62069505  1.29385477  1.29210539  0.49495645  0.00000000  1.33932408
14    1.31718220  1.21423539  1.41076977  1.35675258  0.61656879  1.19167176  1.34653631  1.17561366  0.98274274  1.17647656  1.17406472  1.33932408  0.00000000

--------------------------------------------------------------------------------
n=12
(result of R-step: (4,8:14)0.66289283)
V=[0, 1, 2, 3, 4, 5, 6, 7, 8, 9, 10, 11]
total successes of this branch: 5
Matrix on 12 elements:

0    0.00000000  1.14803878  1.31833694  1.31825583  1.19889937  1.31825878  1.31825652  1.16403695  1.19887871  1.28929348  1.14680556  1.31825744
1    1.14803878  0.00000000  1.24019270  1.21561642  1.09582339  1.21556466  1.21560438  1.06135139  1.09618591  1.19226601  1.04414689  1.21558815
2    1.31833694  1.24019270  0.00000000  1.41186292  1.29247875  1.41186239  1.41186280  1.25764111  1.29248241  1.22245154  1.24041143  1.41186263
3    1.31825583  1.21561642  1.41186292  0.00000000  1.24644051  1.34373061  1.29345460  1.17507063  1.22277526  1.32925914  0.66857121  1.03322022
4    1.19889937  1.09582339  1.29247875  1.24644051  0.00000000  1.24327585  1.24570450  1.08954897  1.12397196  1.22570617  1.07387456  1.24471163
5    1.31825878  1.21556466  1.41186239  1.34373061  1.24327585  0.00000000  1.32849426  1.11154186  0.73929998  0.95736032  1.13973236  1.29324851
6    1.31825652  1.21560438  1.41186280  1.29345460  1.24570450  1.32849426  0.00000000  1.16879788  1.19391689  1.30706068  1.13434485  1.31259703
7    1.16403695  1.06135139  1.25764111  1.17507063  1.08954897  1.11154186  1.16879788  0.00000000  0.99395593  1.11765544  0.65302323  0.62069505
8    1.19887871  1.09618591  1.29248241  1.22277526  1.12397196  0.73929998  1.19391689  0.99395593  0.00000000  0.72877399  1.02018355  1.17447478
9    1.28929348  1.19226601  1.22245154  1.32925914  1.22570617  0.95736032  1.30706068  1.11765544  0.72877399  0.00000000  1.13385397  1.29210539
10    1.14680556  1.04414689  1.24041143  0.66857121  1.07387456  1.13973236  1.13434485  0.65302323  1.02018355  1.13385397  0.00000000  0.49495645
11    1.31825744  1.21558815  1.41186263  1.03322022  1.24471163  1.29324851  1.31259703  0.62069505  1.17447478  1.29210539  0.49495645  0.00000000

--------------------------------------------------------------------------------
n=11
(result of R-step: (2,8:9)0.23078034)
V=[0, 1, 2, 3, 4, 5, 6, 7, 8, 10, 11]
total successes of this branch: 5
Matrix on 11 elements:

0    0.00000000  1.14803878  0.95998211  1.31825583  1.19889937  1.31825878  1.31825652  1.16403695  0.95990387  1.14680556  1.31825744
1    1.14803878  0.00000000  0.88183786  1.21561642  1.09582339  1.21556466  1.21560438  1.06135139  0.85721107  1.04414689  1.21558815
2    0.95998211  0.88183786  0.00000000  1.05350808  0.93412391  1.05350755  1.05350796  0.89928627  0.69515273  0.88205659  1.05350779
3    1.31825583  1.21561642  1.05350808  0.00000000  1.24644051  1.34373061  1.29345460  1.17507063  0.98380042  0.66857121  1.03322022
4    1.19889937  1.09582339  0.93412391  1.24644051  0.00000000  1.24327585  1.24570450  1.08954897  0.88499711  1.07387456  1.24471163
5    1.31825878  1.21556466  1.05350755  1.34373061  1.24327585  0.00000000  1.32849426  1.11154186  0.50032513  1.13973236  1.29324851
6    1.31825652  1.21560438  1.05350796  1.29345460  1.24570450  1.32849426  0.00000000  1.16879788  0.95494204  1.13434485  1.31259703
7    1.16403695  1.06135139  0.89928627  1.17507063  1.08954897  1.11154186  1.16879788  0.00000000  0.75498108  0.65302323  0.62069505
8    0.95990387  0.85721107  0.69515273  0.98380042  0.88499711  0.50032513  0.95494204  0.75498108  0.00000000  0.78120870  0.93549993
10    1.14680556  1.04414689  0.88205659  0.66857121  1.07387456  1.13973236  1.13434485  0.65302323  0.78120870  0.00000000  0.49495645
11    1.31825744  1.21558815  1.05350779  1.03322022  1.24471163  1.29324851  1.31259703  0.62069505  0.93549993  0.49495645  0.00000000

--------------------------------------------------------------------------------
n=10
(result of R-step: (0,1:2)0.93652742)
V=[0, 1, 3, 4, 5, 6, 7, 8, 10, 11]
total successes of this branch: 5
Matrix on 10 elements:

0    0.00000000  0.02530074  0.70677022  0.58741376  0.70677317  0.70677090  0.55255134  0.34841826  0.53531995  0.70677183
1    0.02530074  0.00000000  0.70436399  0.58457096  0.70431224  0.70435196  0.55009896  0.34595864  0.53289446  0.70433572
3    0.70677022  0.70436399  0.00000000  1.24644051  1.34373061  1.29345460  1.17507063  0.98380042  0.66857121  1.03322022
4    0.58741376  0.58457096  1.24644051  0.00000000  1.24327585  1.24570450  1.08954897  0.88499711  1.07387456  1.24471163
5    0.70677317  0.70431224  1.34373061  1.24327585  0.00000000  1.32849426  1.11154186  0.50032513  1.13973236  1.29324851
6    0.70677090  0.70435196  1.29345460  1.24570450  1.32849426  0.00000000  1.16879788  0.95494204  1.13434485  1.31259703
7    0.55255134  0.55009896  1.17507063  1.08954897  1.11154186  1.16879788  0.00000000  0.75498108  0.65302323  0.62069505
8    0.34841826  0.34595864  0.98380042  0.88499711  0.50032513  0.95494204  0.75498108  0.00000000  0.78120870  0.93549993
10    0.53531995  0.53289446  0.66857121  1.07387456  1.13973236  1.13434485  0.65302323  0.78120870  0.00000000  0.49495645
11    0.70677183  0.70433572  1.03322022  1.24471163  1.29324851  1.31259703  0.62069505  0.93549993  0.49495645  0.00000000

--------------------------------------------------------------------------------
n=9
(result of R-step: (0,4:1)0.98272930)
V=[0, 3, 4, 5, 6, 7, 8, 10, 11]
total successes of this branch: 5
Matrix on 9 elements:

0    0.00000000  0.69309280  0.02283336  0.69309575  0.69309348  0.53887392  0.33474084  0.52164253  0.69309441
3    0.69309280  0.00000000  0.69553753  1.34373061  1.29345460  1.17507063  0.98380042  0.66857121  1.03322022
4    0.02283336  0.69553753  0.00000000  0.69237287  0.69480152  0.53864599  0.33409413  0.52297158  0.69380865
5    0.69309575  1.34373061  0.69237287  0.00000000  1.32849426  1.11154186  0.50032513  1.13973236  1.29324851
6    0.69309348  1.29345460  0.69480152  1.32849426  0.00000000  1.16879788  0.95494204  1.13434485  1.31259703
7    0.53887392  1.17507063  0.53864599  1.11154186  1.16879788  0.00000000  0.75498108  0.65302323  0.62069505
8    0.33474084  0.98380042  0.33409413  0.50032513  0.95494204  0.75498108  0.00000000  0.78120870  0.93549993
10    0.52164253  0.66857121  0.52297158  1.13973236  1.13434485  0.65302323  0.78120870  0.00000000  0.49495645
11    0.69309441  1.03322022  0.69380865  1.29324851  1.31259703  0.62069505  0.93549993  0.49495645  0.00000000

--------------------------------------------------------------------------------
n=8
(result of R-step: (5,6:8)0.96866596)
V=[0, 3, 4, 5, 6, 7, 10, 11]
total successes of this branch: 5
Matrix on 8 elements:

0    0.00000000  0.69309280  0.02283336  0.27135445  0.27135219  0.53887392  0.52164253  0.69309441
3    0.69309280  0.00000000  0.69553753  0.92198931  0.87171330  1.17507063  0.66857121  1.03322022
4    0.02283336  0.69553753  0.00000000  0.27063157  0.27306022  0.53864599  0.52297158  0.69380865
5    0.27135445  0.92198931  0.27063157  0.00000000  0.48501166  0.68980056  0.71799106  0.87150721
6    0.27135219  0.87171330  0.27306022  0.48501166  0.00000000  0.74705658  0.71260355  0.89085573
7    0.53887392  1.17507063  0.53864599  0.68980056  0.74705658  0.00000000  0.65302323  0.62069505
10    0.52164253  0.66857121  0.52297158  0.71799106  0.71260355  0.65302323  0.00000000  0.49495645
11    0.69309441  1.03322022  0.69380865  0.87150721  0.89085573  0.62069505  0.49495645  0.00000000

--------------------------------------------------------------------------------
n=7
(result of R-step: (4,6:0)0.91708773)
V=[3, 4, 5, 6, 7, 10, 11]
total successes of this branch: 0
Matrix on 7 elements:

3    0.00000000  0.68613539  0.92198931  0.64265267  1.17507063  0.66857121  1.03322022
4    0.68613539  0.00000000  0.26122943  0.03459745  0.52924385  0.51356943  0.68440651
5    0.92198931  0.26122943  0.00000000  0.25595104  0.68980056  0.71799106  0.87150721
6    0.64265267  0.03459745  0.25595104  0.00000000  0.51799595  0.48354293  0.66179511
7    1.17507063  0.52924385  0.68980056  0.51799595  0.00000000  0.65302323  0.62069505
10    0.66857121  0.51356943  0.71799106  0.48354293  0.65302323  0.00000000  0.49495645
11    1.03322022  0.68440651  0.87150721  0.66179511  0.62069505  0.49495645  0.00000000
reason of abort: no pseudometric

--------------------------------------------------------------------------------
n=7
(result of R-step: (7,10:11)0.39486973)
V=[0, 3, 4, 5, 6, 7, 10]
total successes of this branch: 5
Matrix on 7 elements:

0    0.00000000  0.69309280  0.02283336  0.27135445  0.27135219  0.46178115  0.46177970
3    0.69309280  0.00000000  0.69553753  0.92198931  0.87171330  1.09797786  0.60870839
4    0.02283336  0.69553753  0.00000000  0.27063157  0.27306022  0.46155322  0.46310875
5    0.27135445  0.92198931  0.27063157  0.00000000  0.48501166  0.61270779  0.65812823
6    0.27135219  0.87171330  0.27306022  0.48501166  0.00000000  0.66996381  0.65274072
7    0.46178115  1.09797786  0.46155322  0.61270779  0.66996381  0.00000000  0.51606763
10    0.46177970  0.60870839  0.46310875  0.65812823  0.65274072  0.51606763  0.00000000

--------------------------------------------------------------------------------
n=6
(result of R-step: (3,7:10)0.58255689)
V=[0, 3, 4, 5, 6, 7]
total successes of this branch: 5
Matrix on 6 elements:

0    0.00000000  0.44837958  0.02283336  0.27135445  0.27135219  0.44838207
3    0.44837958  0.00000000  0.45082431  0.67727610  0.62700009  0.83986556
4    0.02283336  0.45082431  0.00000000  0.27063157  0.27306022  0.44815414
5    0.27135445  0.67727610  0.27063157  0.00000000  0.48501166  0.59930871
6    0.27135219  0.62700009  0.27306022  0.48501166  0.00000000  0.65656473
7    0.44838207  0.83986556  0.44815414  0.59930871  0.65656473  0.00000000

--------------------------------------------------------------------------------
n=5
(result of R-step: (3,5:7)0.15625195)
V=[0, 3, 4, 5, 6]
total successes of this branch: 5
Matrix on 5 elements:

0    0.00000000  0.06743049  0.02283336  0.06743344  0.27135219
3    0.06743049  0.00000000  0.06987522  0.09240600  0.24605100
4    0.02283336  0.06987522  0.00000000  0.06671057  0.27306022
5    0.06743344  0.09240600  0.06671057  0.00000000  0.28109066
6    0.27135219  0.24605100  0.27306022  0.28109066  0.00000000

--------------------------------------------------------------------------------
n=4
(result of R-step: (0,3:5)0.52809932)
V=[0, 3, 4, 6]
total successes of this branch: 0
Matrix on 4 elements:

0    0.00000000  0.01702814  0.00963998  0.25815881
3    0.01702814  0.00000000  0.03266625  0.20884202
4    0.00963998  0.03266625  0.00000000  0.27306022
6    0.25815881  0.20884202  0.27306022  0.00000000
reason of abort: no pseudometric

--------------------------------------------------------------------------------
n=4
(result of R-step: (0,5:4)0.95165089)
V=[0, 3, 5, 6]
total successes of this branch: 1
Matrix on 4 elements:

0    0.00000000  0.05779680  0.04435293  0.26171849
3    0.05779680  0.00000000  0.07895918  0.24605100
5    0.04435293  0.07895918  0.00000000  0.26764384
6    0.26171849  0.24605100  0.26764384  0.00000000

--------------------------------------------------------------------------------
n=4
(result of R-step: (0,6:3)0.39651296)
V=[0, 4, 5, 6]
total successes of this branch: 1
Matrix on 4 elements:

0    0.00000000  0.01319967  0.05779975  0.06086651
4    0.01319967  0.00000000  0.06671057  0.07220823
5    0.05779975  0.06671057  0.00000000  0.08023867
6    0.06086651  0.07220823  0.08023867  0.00000000

--------------------------------------------------------------------------------
n=4
(result of R-step: (0,6:5)0.73603320)
V=[0, 3, 4, 6]
total successes of this branch: 0
Matrix on 4 elements:

0    0.00000000  0.05521647  0.01061934  0.06301347
3    0.05521647  0.00000000  0.06987522  0.04992630
4    0.01061934  0.06987522  0.00000000  0.07693553
6    0.06301347  0.04992630  0.07693553  0.00000000
reason of abort: no pseudometric

--------------------------------------------------------------------------------
n=4
(result of R-step: (3,4:0)0.04612324)
V=[3, 4, 5, 6]
total successes of this branch: 1
Matrix on 4 elements:

3    0.00000000  0.04590673  0.07895918  0.23260418
4    0.04590673  0.00000000  0.05618889  0.26253854
5    0.07895918  0.05618889  0.00000000  0.28109066
6    0.23260418  0.26253854  0.28109066  0.00000000

--------------------------------------------------------------------------------
n=4
(result of R-step: (3,4:5)0.51070390)
V=[0, 3, 4, 6]
total successes of this branch: 0
Matrix on 4 elements:

0    0.00000000  0.03180107  0.01343122  0.27135219
3    0.03180107  0.00000000  0.02484366  0.21042157
4    0.01343122  0.02484366  0.00000000  0.26365808
6    0.27135219  0.21042157  0.26365808  0.00000000
reason of abort: no pseudometric

--------------------------------------------------------------------------------
n=4
(result of R-step: (3,5:6)0.76742786)
V=[0, 3, 4, 5]
total successes of this branch: 1
Matrix on 4 elements:

0    0.00000000  0.05398367  0.02283336  0.05398662
3    0.05398367  0.00000000  0.05642840  0.06551236
4    0.02283336  0.05642840  0.00000000  0.05326375
5    0.05398662  0.06551236  0.05326375  0.00000000

--------------------------------------------------------------------------------
n=4
(result of R-step: (4,6:0)0.91708773)
V=[3, 4, 5, 6]
total successes of this branch: 0
Matrix on 4 elements:

3    0.00000000  0.06047308  0.09240600  0.01699037
4    0.06047308  0.00000000  0.05730842  0.03459745
5    0.09240600  0.05730842  0.00000000  0.05203003
6    0.01699037  0.03459745  0.05203003  0.00000000
reason of abort: no pseudometric

--------------------------------------------------------------------------------
n=4
(result of R-step: (4,6:3)0.44632688)
V=[0, 4, 5, 6]
total successes of this branch: 0
Matrix on 4 elements:

0    0.00000000  0.00973737  0.06743344  0.07522749
4    0.00973737  0.00000000  0.05361458  0.06383954
5    0.06743344  0.05361458  0.00000000  0.08496597
6    0.07522749  0.06383954  0.08496597  0.00000000
reason of abort: no pseudometric

--------------------------------------------------------------------------------
n=4
(result of R-step: (4,6:5)0.69493537)
V=[0, 3, 4, 6]
total successes of this branch: 1
Matrix on 4 elements:

0    0.00000000  0.06743049  0.01231168  0.07050020
3    0.06743049  0.00000000  0.05935355  0.04519901
4    0.01231168  0.05935355  0.00000000  0.06168656
6    0.07050020  0.04519901  0.06168656  0.00000000
