n=20
V=[0, 1, 2, 3, 4, 5, 6, 7, 8, 9, 10, 11, 12, 13, 14, 15, 16, 17, 18, 19]
total successes of this branch: 1
Matrix on 20 elements:

0    0.00000000  1.81085294  1.80835330  1.77729629  1.78388170  1.79375756  1.77792342  1.80688086  1.79853684  1.80915610  1.80920822  1.78623043  1.78759844  1.49794770  1.80614490  1.80121627  1.71094113  1.79263786  1.77412349  1.77836627
1    1.81085294  0.00000000  1.80111501  1.80650938  1.80214818  1.59074767  1.80609406  1.80137076  1.80272122  1.31014030  0.99006005  1.71612738  1.80202255  1.80374320  1.37884698  1.67843389  1.40769943  1.62915647  1.78349302  1.68754356
2    1.80835330  1.80111501  0.00000000  1.78334610  1.60217299  1.67501814  1.76609296  1.09803688  1.24661763  1.50076532  1.78898344  1.61949737  1.52070290  1.27575741  1.50355022  1.31074382  1.52390715  1.64696434  1.75235368  1.75678330
3    1.77729629  1.80650938  1.78334610  0.00000000  1.78270423  1.79142079  1.13830088  1.74923783  1.57525908  1.78204340  1.80505773  1.78477725  1.77729595  1.75625803  1.78138027  1.62743462  1.78110751  1.78885296  1.17476749  1.25098818
4    1.78388170  1.80214818  1.60217299  1.78270423  0.00000000  1.43620830  1.71487854  1.61073215  1.63853100  1.72037669  1.74941073  0.90036163  0.78608394  1.65405401  1.58987361  1.65918219  1.60283086  1.31801869  1.70852204  1.71346669
5    1.79375756  1.59074767  1.67501814  1.79142079  1.43620830  0.00000000  1.75759384  1.68053690  1.70165648  1.62910495  1.58132379  1.44966599  1.47569263  1.70886461  1.60767615  1.68335038  1.62010400  0.48914368  1.74979400  1.72942098
6    1.77792342  1.80609406  1.76609296  1.13830088  1.71487854  1.75759384  0.00000000  1.73632873  1.51870986  1.77629084  1.80053170  1.72282182  1.71834496  1.74673568  1.76819689  1.58370234  1.76884650  1.75045858  0.20595609  0.39878732
7    1.80688086  1.80137076  1.09803688  1.74923783  1.61073215  1.68053690  1.73632873  0.00000000  1.30394531  1.43501739  1.78974554  1.62733345  1.45177882  0.88106473  1.43735865  1.33701724  1.46203799  1.63894974  1.72076813  1.72910954
8    1.79853684  1.80272122  1.24661763  1.57525908  1.63853100  1.70165648  1.51870986  1.30394531  0.00000000  1.58964790  1.79270883  1.65282911  1.58446083  1.42769166  1.58892336  0.77592557  1.60292285  1.68035085  1.52348729  1.55604412
9    1.80915610  1.31014030  1.50076532  1.78204340  1.72037669  1.62910495  1.77629084  1.43501739  1.58964790  0.00000000  1.33515670  1.68465225  1.67426167  1.52862656  0.66521113  1.31504258  0.74161197  1.63731424  1.71759320  1.67134534
10    1.80920822  0.99006005  1.78898344  1.80505773  1.74941073  1.58132379  1.80053170  1.78974554  1.79270883  1.33515670  0.00000000  1.68328452  1.75592897  1.79461508  1.39393065  1.67725991  1.42166586  1.61306621  1.77903853  1.57389306
11    1.78623043  1.71612738  1.61949737  1.78477725  0.90036163  1.44966599  1.72282182  1.62733345  1.65282911  1.68465225  1.68328452  0.00000000  1.01784273  1.66708933  1.59151154  1.66085868  1.60451626  1.37116251  1.71611031  1.71214070
12    1.78759844  1.80202255  1.52070290  1.77729595  0.78608394  1.47569263  1.71834496  1.45177882  1.58446083  1.67426167  1.75592897  1.01784273  0.00000000  1.53580059  1.51043249  1.60711925  1.52894362  1.25649312  1.70760017  1.71344454
13    1.49794770  1.80374320  1.27575741  1.75625803  1.65405401  1.70886461  1.74673568  0.88106473  1.42769166  1.52862656  1.79461508  1.66708933  1.53580059  0.00000000  1.52962863  1.45315942  1.52751275  1.67740237  1.73429910  1.74159308
14    1.80614490  1.37884698  1.50355022  1.78138027  1.58987361  1.60767615  1.76819689  1.43735865  1.58892336  0.66521113  1.39393065  1.59151154  1.51043249  1.52962863  0.00000000  1.35585357  0.47586853  1.58999770  1.69488272  1.65848874
15    1.80121627  1.67843389  1.31074382  1.62743462  1.65918219  1.68335038  1.58370234  1.33701724  0.77592557  1.31504258  1.67725991  1.66085868  1.60711925  1.45315942  1.35585357  0.00000000  1.38559808  1.66949191  1.57246382  1.58513676
16    1.71094113  1.40769943  1.52390715  1.78110751  1.60283086  1.62010400  1.76884650  1.46203799  1.60292285  0.74161197  1.42166586  1.60451626  1.52894362  1.52751275  0.47586853  1.38559808  0.00000000  1.60353146  1.67485086  1.64423333
17    1.79263786  1.62915647  1.64696434  1.78885296  1.31801869  0.48914368  1.75045858  1.63894974  1.68035085  1.63731424  1.61306621  1.37116251  1.25649312  1.67740237  1.58999770  1.66949191  1.60353146  0.00000000  1.74212336  1.72651654
18    1.77412349  1.78349302  1.75235368  1.17476749  1.70852204  1.74979400  0.20595609  1.72076813  1.52348729  1.71759320  1.77903853  1.71611031  1.70760017  1.73429910  1.69488272  1.57246382  1.67485086  1.74212336  0.00000000  0.28777850
19    1.77836627  1.68754356  1.75678330  1.25098818  1.71346669  1.72942098  0.39878732  1.72910954  1.55604412  1.67134534  1.57389306  1.71214070  1.71344454  1.74159308  1.65848874  1.58513676  1.64423333  1.72651654  0.28777850  0.00000000

--------------------------------------------------------------------------------
n=19
(result of R-step: (5,12:17)0.81820461)
V=[0, 1, 2, 3, 4, 5, 6, 7, 8, 9, 10, 11, 12, 13, 14, 15, 16, 18, 19]
total successes of this branch: 1
Matrix on 19 elements:

0    0.00000000  1.81085294  1.80835330  1.77729629  1.78388170  1.65878548  1.77792342  1.80688086  1.79853684  1.80915610  1.80920822  1.78623043  1.65262636  1.49794770  1.80614490  1.80121627  1.71094113  1.77412349  1.77836627
1    1.81085294  0.00000000  1.80111501  1.80650938  1.80214818  1.45577558  1.80609406  1.80137076  1.80272122  1.31014030  0.99006005  1.71612738  1.66705046  1.80374320  1.37884698  1.67843389  1.40769943  1.78349302  1.68754356
2    1.80835330  1.80111501  0.00000000  1.78334610  1.60217299  1.54004605  1.76609296  1.09803688  1.24661763  1.50076532  1.78898344  1.61949737  1.38573081  1.27575741  1.50355022  1.31074382  1.52390715  1.75235368  1.75678330
3    1.77729629  1.80650938  1.78334610  0.00000000  1.78270423  1.65644870  1.13830088  1.74923783  1.57525908  1.78204340  1.80505773  1.78477725  1.64232386  1.75625803  1.78138027  1.62743462  1.78110751  1.17476749  1.25098818
4    1.78388170  1.80214818  1.60217299  1.78270423  0.00000000  1.30123621  1.71487854  1.61073215  1.63853100  1.72037669  1.74941073  0.90036163  0.65111185  1.65405401  1.58987361  1.65918219  1.60283086  1.70852204  1.71346669
5    1.65878548  1.45577558  1.54004605  1.65644870  1.30123621  0.00000000  1.62262176  1.54556481  1.56668439  1.49413287  1.44635170  1.31469390  1.20574845  1.57389252  1.47270406  1.54837829  1.48513191  1.61482192  1.59444890
6    1.77792342  1.80609406  1.76609296  1.13830088  1.71487854  1.62262176  0.00000000  1.73632873  1.51870986  1.77629084  1.80053170  1.72282182  1.58337287  1.74673568  1.76819689  1.58370234  1.76884650  0.20595609  0.39878732
7    1.80688086  1.80137076  1.09803688  1.74923783  1.61073215  1.54556481  1.73632873  0.00000000  1.30394531  1.43501739  1.78974554  1.62733345  1.31680674  0.88106473  1.43735865  1.33701724  1.46203799  1.72076813  1.72910954
8    1.79853684  1.80272122  1.24661763  1.57525908  1.63853100  1.56668439  1.51870986  1.30394531  0.00000000  1.58964790  1.79270883  1.65282911  1.44948874  1.42769166  1.58892336  0.77592557  1.60292285  1.52348729  1.55604412
9    1.80915610  1.31014030  1.50076532  1.78204340  1.72037669  1.49413287  1.77629084  1.43501739  1.58964790  0.00000000  1.33515670  1.68465225  1.53928958  1.52862656  0.66521113  1.31504258  0.74161197  1.71759320  1.67134534
10    1.80920822  0.99006005  1.78898344  1.80505773  1.74941073  1.44635170  1.80053170  1.78974554  1.79270883  1.33515670  0.00000000  1.68328452  1.62095688  1.79461508  1.39393065  1.67725991  1.42166586  1.77903853  1.57389306
11    1.78623043  1.71612738  1.61949737  1.78477725  0.90036163  1.31469390  1.72282182  1.62733345  1.65282911  1.68465225  1.68328452  0.00000000  0.88287065  1.66708933  1.59151154  1.66085868  1.60451626  1.71611031  1.71214070
12    1.65262636  1.66705046  1.38573081  1.64232386  0.65111185  1.20574845  1.58337287  1.31680674  1.44948874  1.53928958  1.62095688  0.88287065  0.00000000  1.40082850  1.37546040  1.47214716  1.39397153  1.57262808  1.57847246
13    1.49794770  1.80374320  1.27575741  1.75625803  1.65405401  1.57389252  1.74673568  0.88106473  1.42769166  1.52862656  1.79461508  1.66708933  1.40082850  0.00000000  1.52962863  1.45315942  1.52751275  1.73429910  1.74159308
14    1.80614490  1.37884698  1.50355022  1.78138027  1.58987361  1.47270406  1.76819689  1.43735865  1.58892336  0.66521113  1.39393065  1.59151154  1.37546040  1.52962863  0.00000000  1.35585357  0.47586853  1.69488272  1.65848874
15    1.80121627  1.67843389  1.31074382  1.62743462  1.65918219  1.54837829  1.58370234  1.33701724  0.77592557  1.31504258  1.67725991  1.66085868  1.47214716  1.45315942  1.35585357  0.00000000  1.38559808  1.57246382  1.58513676
16    1.71094113  1.40769943  1.52390715  1.78110751  1.60283086  1.48513191  1.76884650  1.46203799  1.60292285  0.74161197  1.42166586  1.60451626  1.39397153  1.52751275  0.47586853  1.38559808  0.00000000  1.67485086  1.64423333
18    1.77412349  1.78349302  1.75235368  1.17476749  1.70852204  1.61482192  0.20595609  1.72076813  1.52348729  1.71759320  1.77903853  1.71611031  1.57262808  1.73429910  1.69488272  1.57246382  1.67485086  0.00000000  0.28777850
19    1.77836627  1.68754356  1.75678330  1.25098818  1.71346669  1.59444890  0.39878732  1.72910954  1.55604412  1.67134534  1.57389306  1.71214070  1.57847246  1.74159308  1.65848874  1.58513676  1.64423333  0.28777850  0.00000000

--------------------------------------------------------------------------------
n=18
(result of R-step: (8,9:15)0.74768139)
V=[0, 1, 2, 3, 4, 5, 6, 7, 8, 9, 10, 11, 12, 13, 14, 16, 18, 19]
total successes of this branch: 1
Matrix on 18 elements:

0    0.00000000  1.81085294  1.80835330  1.77729629  1.78388170  1.65878548  1.77792342  1.80688086  1.54787671  1.55849597  1.80920822  1.78623043  1.65262636  1.49794770  1.80614490  1.71094113  1.77412349  1.77836627
1    1.81085294  0.00000000  1.80111501  1.80650938  1.80214818  1.45577558  1.80609406  1.80137076  1.55206109  1.05948018  0.99006005  1.71612738  1.66705046  1.80374320  1.37884698  1.40769943  1.78349302  1.68754356
2    1.80835330  1.80111501  0.00000000  1.78334610  1.60217299  1.54004605  1.76609296  1.09803688  0.99595750  1.25010519  1.78898344  1.61949737  1.38573081  1.27575741  1.50355022  1.52390715  1.75235368  1.75678330
3    1.77729629  1.80650938  1.78334610  0.00000000  1.78270423  1.65644870  1.13830088  1.74923783  1.32459896  1.53138328  1.80505773  1.78477725  1.64232386  1.75625803  1.78138027  1.78110751  1.17476749  1.25098818
4    1.78388170  1.80214818  1.60217299  1.78270423  0.00000000  1.30123621  1.71487854  1.61073215  1.38787088  1.46971657  1.74941073  0.90036163  0.65111185  1.65405401  1.58987361  1.60283086  1.70852204  1.71346669
5    1.65878548  1.45577558  1.54004605  1.65644870  1.30123621  0.00000000  1.62262176  1.54556481  1.31602426  1.24347274  1.44635170  1.31469390  1.20574845  1.57389252  1.47270406  1.48513191  1.61482192  1.59444890
6    1.77792342  1.80609406  1.76609296  1.13830088  1.71487854  1.62262176  0.00000000  1.73632873  1.26804974  1.52563071  1.80053170  1.72282182  1.58337287  1.74673568  1.76819689  1.76884650  0.20595609  0.39878732
7    1.80688086  1.80137076  1.09803688  1.74923783  1.61073215  1.54556481  1.73632873  0.00000000  1.05328518  1.18435726  1.78974554  1.62733345  1.31680674  0.88106473  1.43735865  1.46203799  1.72076813  1.72910954
8    1.54787671  1.55206109  0.99595750  1.32459896  1.38787088  1.31602426  1.26804974  1.05328518  0.00000000  1.08832765  1.54204870  1.40216898  1.19882861  1.17703154  1.33826324  1.35226272  1.27282716  1.30538399
9    1.55849597  1.05948018  1.25010519  1.53138328  1.46971657  1.24347274  1.52563071  1.18435726  1.08832765  0.00000000  1.08449658  1.43399213  1.28862945  1.27796643  0.41455100  0.49095184  1.46693307  1.42068522
10    1.80920822  0.99006005  1.78898344  1.80505773  1.74941073  1.44635170  1.80053170  1.78974554  1.54204870  1.08449658  0.00000000  1.68328452  1.62095688  1.79461508  1.39393065  1.42166586  1.77903853  1.57389306
11    1.78623043  1.71612738  1.61949737  1.78477725  0.90036163  1.31469390  1.72282182  1.62733345  1.40216898  1.43399213  1.68328452  0.00000000  0.88287065  1.66708933  1.59151154  1.60451626  1.71611031  1.71214070
12    1.65262636  1.66705046  1.38573081  1.64232386  0.65111185  1.20574845  1.58337287  1.31680674  1.19882861  1.28862945  1.62095688  0.88287065  0.00000000  1.40082850  1.37546040  1.39397153  1.57262808  1.57847246
13    1.49794770  1.80374320  1.27575741  1.75625803  1.65405401  1.57389252  1.74673568  0.88106473  1.17703154  1.27796643  1.79461508  1.66708933  1.40082850  0.00000000  1.52962863  1.52751275  1.73429910  1.74159308
14    1.80614490  1.37884698  1.50355022  1.78138027  1.58987361  1.47270406  1.76819689  1.43735865  1.33826324  0.41455100  1.39393065  1.59151154  1.37546040  1.52962863  0.00000000  0.47586853  1.69488272  1.65848874
16    1.71094113  1.40769943  1.52390715  1.78110751  1.60283086  1.48513191  1.76884650  1.46203799  1.35226272  0.49095184  1.42166586  1.60451626  1.39397153  1.52751275  0.47586853  0.00000000  1.67485086  1.64423333
18    1.77412349  1.78349302  1.75235368  1.17476749  1.70852204  1.61482192  0.20595609  1.72076813  1.27282716  1.46693307  1.77903853  1.71611031  1.57262808  1.73429910  1.69488272  1.67485086  0.00000000  0.28777850
19    1.77836627  1.68754356  1.75678330  1.25098818  1.71346669  1.59444890  0.39878732  1.72910954  1.30538399  1.42068522  1.57389306  1.71214070  1.57847246  1.74159308  1.65848874  1.64423333  0.28777850  0.00000000

--------------------------------------------------------------------------------
n=17
(result of R-step: (10,18:19)0.12092950)
V=[0, 1, 2, 3, 4, 5, 6, 7, 8, 9, 10, 11, 12, 13, 14, 16, 18]
total successes of this branch: 1
Matrix on 17 elements:

0    0.00000000  1.81085294  1.80835330  1.77729629  1.78388170  1.65878548  1.77792342  1.80688086  1.54787671  1.55849597  1.76789171  1.78623043  1.65262636  1.49794770  1.80614490  1.71094113  1.73280698
1    1.81085294  0.00000000  1.80111501  1.80650938  1.80214818  1.45577558  1.80609406  1.80137076  1.55206109  1.05948018  0.94874353  1.71612738  1.66705046  1.80374320  1.37884698  1.40769943  1.74217650
2    1.80835330  1.80111501  0.00000000  1.78334610  1.60217299  1.54004605  1.76609296  1.09803688  0.99595750  1.25010519  1.74766692  1.61949737  1.38573081  1.27575741  1.50355022  1.52390715  1.71103717
3    1.77729629  1.80650938  1.78334610  0.00000000  1.78270423  1.65644870  1.13830088  1.74923783  1.32459896  1.53138328  1.76374122  1.78477725  1.64232386  1.75625803  1.78138027  1.78110751  1.13345098
4    1.78388170  1.80214818  1.60217299  1.78270423  0.00000000  1.30123621  1.71487854  1.61073215  1.38787088  1.46971657  1.70809421  0.90036163  0.65111185  1.65405401  1.58987361  1.60283086  1.66720552
5    1.65878548  1.45577558  1.54004605  1.65644870  1.30123621  0.00000000  1.62262176  1.54556481  1.31602426  1.24347274  1.40503519  1.31469390  1.20574845  1.57389252  1.47270406  1.48513191  1.57350540
6    1.77792342  1.80609406  1.76609296  1.13830088  1.71487854  1.62262176  0.00000000  1.73632873  1.26804974  1.52563071  1.75921518  1.72282182  1.58337287  1.74673568  1.76819689  1.76884650  0.16463957
7    1.80688086  1.80137076  1.09803688  1.74923783  1.61073215  1.54556481  1.73632873  0.00000000  1.05328518  1.18435726  1.74842902  1.62733345  1.31680674  0.88106473  1.43735865  1.46203799  1.67945162
8    1.54787671  1.55206109  0.99595750  1.32459896  1.38787088  1.31602426  1.26804974  1.05328518  0.00000000  1.08832765  1.50073218  1.40216898  1.19882861  1.17703154  1.33826324  1.35226272  1.23151065
9    1.55849597  1.05948018  1.25010519  1.53138328  1.46971657  1.24347274  1.52563071  1.18435726  1.08832765  0.00000000  1.04318006  1.43399213  1.28862945  1.27796643  0.41455100  0.49095184  1.42561656
10    1.76789171  0.94874353  1.74766692  1.76374122  1.70809421  1.40503519  1.75921518  1.74842902  1.50073218  1.04318006  0.00000000  1.64196800  1.57964037  1.75329857  1.35261414  1.38034935  1.69640550
11    1.78623043  1.71612738  1.61949737  1.78477725  0.90036163  1.31469390  1.72282182  1.62733345  1.40216898  1.43399213  1.64196800  0.00000000  0.88287065  1.66708933  1.59151154  1.60451626  1.67479379
12    1.65262636  1.66705046  1.38573081  1.64232386  0.65111185  1.20574845  1.58337287  1.31680674  1.19882861  1.28862945  1.57964037  0.88287065  0.00000000  1.40082850  1.37546040  1.39397153  1.53131156
13    1.49794770  1.80374320  1.27575741  1.75625803  1.65405401  1.57389252  1.74673568  0.88106473  1.17703154  1.27796643  1.75329857  1.66708933  1.40082850  0.00000000  1.52962863  1.52751275  1.69298259
14    1.80614490  1.37884698  1.50355022  1.78138027  1.58987361  1.47270406  1.76819689  1.43735865  1.33826324  0.41455100  1.35261414  1.59151154  1.37546040  1.52962863  0.00000000  0.47586853  1.65356621
16    1.71094113  1.40769943  1.52390715  1.78110751  1.60283086  1.48513191  1.76884650  1.46203799  1.35226272  0.49095184  1.38034935  1.60451626  1.39397153  1.52751275  0.47586853  0.00000000  1.63353435
18    1.73280698  1.74217650  1.71103717  1.13345098  1.66720552  1.57350540  0.16463957  1.67945162  1.23151065  1.42561656  1.69640550  1.67479379  1.53131156  1.69298259  1.65356621  1.63353435  0.00000000

--------------------------------------------------------------------------------
n=16
(result of R-step: (6,16:18)0.94326971)
V=[0, 1, 2, 3, 4, 5, 6, 7, 8, 9, 10, 11, 12, 13, 14, 16]
total successes of this branch: 1
Matrix on 16 elements:

0    0.00000000  1.81085294  1.80835330  1.77729629  1.78388170  1.65878548  1.72194319  1.80688086  1.54787671  1.55849597  1.76789171  1.78623043  1.65262636  1.49794770  1.80614490  1.65496090
1    1.81085294  0.00000000  1.80111501  1.80650938  1.80214818  1.45577558  1.75011384  1.80137076  1.55206109  1.05948018  0.94874353  1.71612738  1.66705046  1.80374320  1.37884698  1.35171920
2    1.80835330  1.80111501  0.00000000  1.78334610  1.60217299  1.54004605  1.71011273  1.09803688  0.99595750  1.25010519  1.74766692  1.61949737  1.38573081  1.27575741  1.50355022  1.46792693
3    1.77729629  1.80650938  1.78334610  0.00000000  1.78270423  1.65644870  1.08232065  1.74923783  1.32459896  1.53138328  1.76374122  1.78477725  1.64232386  1.75625803  1.78138027  1.72512729
4    1.78388170  1.80214818  1.60217299  1.78270423  0.00000000  1.30123621  1.65889831  1.61073215  1.38787088  1.46971657  1.70809421  0.90036163  0.65111185  1.65405401  1.58987361  1.54685064
5    1.65878548  1.45577558  1.54004605  1.65644870  1.30123621  0.00000000  1.56664153  1.54556481  1.31602426  1.24347274  1.40503519  1.31469390  1.20574845  1.57389252  1.47270406  1.42915168
6    1.72194319  1.75011384  1.71011273  1.08232065  1.65889831  1.56664153  0.00000000  1.68034850  1.21206951  1.46965048  1.70323496  1.66684159  1.52739265  1.69075546  1.71221666  1.65688604
7    1.80688086  1.80137076  1.09803688  1.74923783  1.61073215  1.54556481  1.68034850  0.00000000  1.05328518  1.18435726  1.74842902  1.62733345  1.31680674  0.88106473  1.43735865  1.40605776
8    1.54787671  1.55206109  0.99595750  1.32459896  1.38787088  1.31602426  1.21206951  1.05328518  0.00000000  1.08832765  1.50073218  1.40216898  1.19882861  1.17703154  1.33826324  1.29628250
9    1.55849597  1.05948018  1.25010519  1.53138328  1.46971657  1.24347274  1.46965048  1.18435726  1.08832765  0.00000000  1.04318006  1.43399213  1.28862945  1.27796643  0.41455100  0.43497161
10    1.76789171  0.94874353  1.74766692  1.76374122  1.70809421  1.40503519  1.70323496  1.74842902  1.50073218  1.04318006  0.00000000  1.64196800  1.57964037  1.75329857  1.35261414  1.32436912
11    1.78623043  1.71612738  1.61949737  1.78477725  0.90036163  1.31469390  1.66684159  1.62733345  1.40216898  1.43399213  1.64196800  0.00000000  0.88287065  1.66708933  1.59151154  1.54853603
12    1.65262636  1.66705046  1.38573081  1.64232386  0.65111185  1.20574845  1.52739265  1.31680674  1.19882861  1.28862945  1.57964037  0.88287065  0.00000000  1.40082850  1.37546040  1.33799130
13    1.49794770  1.80374320  1.27575741  1.75625803  1.65405401  1.57389252  1.69075546  0.88106473  1.17703154  1.27796643  1.75329857  1.66708933  1.40082850  0.00000000  1.52962863  1.47153253
14    1.80614490  1.37884698  1.50355022  1.78138027  1.58987361  1.47270406  1.71221666  1.43735865  1.33826324  0.41455100  1.35261414  1.59151154  1.37546040  1.52962863  0.00000000  0.41988830
16    1.65496090  1.35171920  1.46792693  1.72512729  1.54685064  1.42915168  1.65688604  1.40605776  1.29628250  0.43497161  1.32436912  1.54853603  1.33799130  1.47153253  0.41988830  0.00000000

--------------------------------------------------------------------------------
n=15
(result of R-step: (0,14:16)0.06678716)
V=[0, 1, 2, 3, 4, 5, 6, 7, 8, 9, 10, 11, 12, 13, 14]
total successes of this branch: 1
Matrix on 15 elements:

0    0.00000000  1.62052056  1.61802092  1.58696391  1.59354933  1.46845310  1.53161081  1.61654848  1.35754433  1.36816360  1.57755933  1.59589805  1.46229398  1.30761533  1.42548015
1    1.62052056  0.00000000  1.80111501  1.80650938  1.80214818  1.45577558  1.75011384  1.80137076  1.55206109  1.05948018  0.94874353  1.71612738  1.66705046  1.80374320  1.18851460
2    1.61802092  1.80111501  0.00000000  1.78334610  1.60217299  1.54004605  1.71011273  1.09803688  0.99595750  1.25010519  1.74766692  1.61949737  1.38573081  1.27575741  1.31321784
3    1.58696391  1.80650938  1.78334610  0.00000000  1.78270423  1.65644870  1.08232065  1.74923783  1.32459896  1.53138328  1.76374122  1.78477725  1.64232386  1.75625803  1.59104790
4    1.59354933  1.80214818  1.60217299  1.78270423  0.00000000  1.30123621  1.65889831  1.61073215  1.38787088  1.46971657  1.70809421  0.90036163  0.65111185  1.65405401  1.39954124
5    1.46845310  1.45577558  1.54004605  1.65644870  1.30123621  0.00000000  1.56664153  1.54556481  1.31602426  1.24347274  1.40503519  1.31469390  1.20574845  1.57389252  1.28237168
6    1.53161081  1.75011384  1.71011273  1.08232065  1.65889831  1.56664153  0.00000000  1.68034850  1.21206951  1.46965048  1.70323496  1.66684159  1.52739265  1.69075546  1.52188429
7    1.61654848  1.80137076  1.09803688  1.74923783  1.61073215  1.54556481  1.68034850  0.00000000  1.05328518  1.18435726  1.74842902  1.62733345  1.31680674  0.88106473  1.24702627
8    1.35754433  1.55206109  0.99595750  1.32459896  1.38787088  1.31602426  1.21206951  1.05328518  0.00000000  1.08832765  1.50073218  1.40216898  1.19882861  1.17703154  1.14793086
9    1.36816360  1.05948018  1.25010519  1.53138328  1.46971657  1.24347274  1.46965048  1.18435726  1.08832765  0.00000000  1.04318006  1.43399213  1.28862945  1.27796643  0.22421863
10    1.57755933  0.94874353  1.74766692  1.76374122  1.70809421  1.40503519  1.70323496  1.74842902  1.50073218  1.04318006  0.00000000  1.64196800  1.57964037  1.75329857  1.16228176
11    1.59589805  1.71612738  1.61949737  1.78477725  0.90036163  1.31469390  1.66684159  1.62733345  1.40216898  1.43399213  1.64196800  0.00000000  0.88287065  1.66708933  1.40117916
12    1.46229398  1.66705046  1.38573081  1.64232386  0.65111185  1.20574845  1.52739265  1.31680674  1.19882861  1.28862945  1.57964037  0.88287065  0.00000000  1.40082850  1.18512803
13    1.30761533  1.80374320  1.27575741  1.75625803  1.65405401  1.57389252  1.69075546  0.88106473  1.17703154  1.27796643  1.75329857  1.66708933  1.40082850  0.00000000  1.33929626
14    1.42548015  1.18851460  1.31321784  1.59104790  1.39954124  1.28237168  1.52188429  1.24702627  1.14793086  0.22421863  1.16228176  1.40117916  1.18512803  1.33929626  0.00000000

--------------------------------------------------------------------------------
n=14
(result of R-step: (0,7:13)0.25019910)
V=[0, 1, 2, 3, 4, 5, 6, 7, 8, 9, 10, 11, 12, 14]
total successes of this branch: 1
Matrix on 14 elements:

0    0.00000000  1.52478715  1.52228751  1.49123050  1.49781592  1.37271969  1.43587740  1.23474928  1.26181092  1.27243018  1.48182592  1.50016464  1.36656057  1.32974674
1    1.52478715  0.00000000  1.80111501  1.80650938  1.80214818  1.45577558  1.75011384  1.51530498  1.55206109  1.05948018  0.94874353  1.71612738  1.66705046  1.18851460
2    1.52228751  1.80111501  0.00000000  1.78334610  1.60217299  1.54004605  1.71011273  0.81197110  0.99595750  1.25010519  1.74766692  1.61949737  1.38573081  1.31321784
3    1.49123050  1.80650938  1.78334610  0.00000000  1.78270423  1.65644870  1.08232065  1.46317204  1.32459896  1.53138328  1.76374122  1.78477725  1.64232386  1.59104790
4    1.49781592  1.80214818  1.60217299  1.78270423  0.00000000  1.30123621  1.65889831  1.32466636  1.38787088  1.46971657  1.70809421  0.90036163  0.65111185  1.39954124
5    1.37271969  1.45577558  1.54004605  1.65644870  1.30123621  0.00000000  1.56664153  1.25949903  1.31602426  1.24347274  1.40503519  1.31469390  1.20574845  1.28237168
6    1.43587740  1.75011384  1.71011273  1.08232065  1.65889831  1.56664153  0.00000000  1.39428272  1.21206951  1.46965048  1.70323496  1.66684159  1.52739265  1.52188429
7    1.23474928  1.51530498  0.81197110  1.46317204  1.32466636  1.25949903  1.39428272  0.00000000  0.76721940  0.89829148  1.46236323  1.34126767  1.03074095  0.96096048
8    1.26181092  1.55206109  0.99595750  1.32459896  1.38787088  1.31602426  1.21206951  0.76721940  0.00000000  1.08832765  1.50073218  1.40216898  1.19882861  1.14793086
9    1.27243018  1.05948018  1.25010519  1.53138328  1.46971657  1.24347274  1.46965048  0.89829148  1.08832765  0.00000000  1.04318006  1.43399213  1.28862945  0.22421863
10    1.48182592  0.94874353  1.74766692  1.76374122  1.70809421  1.40503519  1.70323496  1.46236323  1.50073218  1.04318006  0.00000000  1.64196800  1.57964037  1.16228176
11    1.50016464  1.71612738  1.61949737  1.78477725  0.90036163  1.31469390  1.66684159  1.34126767  1.40216898  1.43399213  1.64196800  0.00000000  0.88287065  1.40117916
12    1.36656057  1.66705046  1.38573081  1.64232386  0.65111185  1.20574845  1.52739265  1.03074095  1.19882861  1.28862945  1.57964037  0.88287065  0.00000000  1.18512803
14    1.32974674  1.18851460  1.31321784  1.59104790  1.39954124  1.28237168  1.52188429  0.96096048  1.14793086  0.22421863  1.16228176  1.40117916  1.18512803  0.00000000

--------------------------------------------------------------------------------
n=13
(result of R-step: (2,6:8)0.67740708)
V=[0, 1, 2, 3, 4, 5, 6, 7, 9, 10, 11, 12, 14]
total successes of this branch: 1
Matrix on 13 elements:

0    0.00000000  1.52478715  1.02267025  1.49123050  1.49781592  1.37271969  0.99224036  1.23474928  1.27243018  1.48182592  1.50016464  1.36656057  1.32974674
1    1.52478715  0.00000000  1.30149775  1.80650938  1.80214818  1.45577558  1.30647680  1.51530498  1.05948018  0.94874353  1.71612738  1.66705046  1.18851460
2    1.02267025  1.30149775  0.00000000  1.28372884  1.10255572  1.04042878  0.76685842  0.31235383  0.75048792  1.24804966  1.11988011  0.88611354  0.81360058
3    1.49123050  1.80650938  1.28372884  0.00000000  1.78270423  1.65644870  0.63868361  1.46317204  1.53138328  1.76374122  1.78477725  1.64232386  1.59104790
4    1.49781592  1.80214818  1.10255572  1.78270423  0.00000000  1.30123621  1.21526127  1.32466636  1.46971657  1.70809421  0.90036163  0.65111185  1.39954124
5    1.37271969  1.45577558  1.04042878  1.65644870  1.30123621  0.00000000  1.12300449  1.25949903  1.24347274  1.40503519  1.31469390  1.20574845  1.28237168
6    0.99224036  1.30647680  0.76685842  0.63868361  1.21526127  1.12300449  0.00000000  0.95064567  1.02601344  1.25959792  1.22320455  1.08375561  1.07824725
7    1.23474928  1.51530498  0.31235383  1.46317204  1.32466636  1.25949903  0.95064567  0.00000000  0.89829148  1.46236323  1.34126767  1.03074095  0.96096048
9    1.27243018  1.05948018  0.75048792  1.53138328  1.46971657  1.24347274  1.02601344  0.89829148  0.00000000  1.04318006  1.43399213  1.28862945  0.22421863
10    1.48182592  0.94874353  1.24804966  1.76374122  1.70809421  1.40503519  1.25959792  1.46236323  1.04318006  0.00000000  1.64196800  1.57964037  1.16228176
11    1.50016464  1.71612738  1.11988011  1.78477725  0.90036163  1.31469390  1.22320455  1.34126767  1.43399213  1.64196800  0.00000000  0.88287065  1.40117916
12    1.36656057  1.66705046  0.88611354  1.64232386  0.65111185  1.20574845  1.08375561  1.03074095  1.28862945  1.57964037  0.88287065  0.00000000  1.18512803
14    1.32974674  1.18851460  0.81360058  1.59104790  1.39954124  1.28237168  1.07824725  0.96096048  0.22421863  1.16228176  1.40117916  1.18512803  0.00000000

--------------------------------------------------------------------------------
n=12
(result of R-step: (9,12:14)0.86031886)
V=[0, 1, 2, 3, 4, 5, 6, 7, 9, 10, 11, 12]
total successes of this branch: 1
Matrix on 12 elements:

0    0.00000000  1.52478715  1.02267025  1.49123050  1.49781592  1.37271969  0.99224036  1.23474928  1.27239934  1.48182592  1.50016464  1.25084168
1    1.52478715  0.00000000  1.30149775  1.80650938  1.80214818  1.45577558  1.30647680  1.51530498  1.05944933  0.94874353  1.71612738  1.55133157
2    1.02267025  1.30149775  0.00000000  1.28372884  1.10255572  1.04042878  0.76685842  0.31235383  0.75045707  1.24804966  1.11988011  0.77039465
3    1.49123050  1.80650938  1.28372884  0.00000000  1.78270423  1.65644870  0.63868361  1.46317204  1.53135243  1.76374122  1.78477725  1.52660497
4    1.49781592  1.80214818  1.10255572  1.78270423  0.00000000  1.30123621  1.21526127  1.32466636  1.46968572  1.70809421  0.90036163  0.53539297
5    1.37271969  1.45577558  1.04042878  1.65644870  1.30123621  0.00000000  1.12300449  1.25949903  1.24344189  1.40503519  1.31469390  1.09002957
6    0.99224036  1.30647680  0.76685842  0.63868361  1.21526127  1.12300449  0.00000000  0.95064567  1.02598259  1.25959792  1.22320455  0.96803672
7    1.23474928  1.51530498  0.31235383  1.46317204  1.32466636  1.25949903  0.95064567  0.00000000  0.89826063  1.46236323  1.34126767  0.91502206
9    1.27239934  1.05944933  0.75045707  1.53135243  1.46968572  1.24344189  1.02598259  0.89826063  0.00000000  1.04314921  1.43396128  1.17287972
10    1.48182592  0.94874353  1.24804966  1.76374122  1.70809421  1.40503519  1.25959792  1.46236323  1.04314921  0.00000000  1.64196800  1.46392148
11    1.50016464  1.71612738  1.11988011  1.78477725  0.90036163  1.31469390  1.22320455  1.34126767  1.43396128  1.64196800  0.00000000  0.76715176
12    1.25084168  1.55133157  0.77039465  1.52660497  0.53539297  1.09002957  0.96803672  0.91502206  1.17287972  1.46392148  0.76715176  0.00000000

--------------------------------------------------------------------------------
n=11
(result of R-step: (4,7:12)0.83839663)
V=[0, 1, 2, 3, 4, 5, 6, 7, 9, 10, 11]
total successes of this branch: 1
Matrix on 11 elements:

0    0.00000000  1.52478715  1.02267025  1.49123050  1.18425061  1.37271969  0.99224036  1.20724976  1.27239934  1.48182592  1.50016464
1    1.52478715  0.00000000  1.30149775  1.80650938  1.48858288  1.45577558  1.30647680  1.48780546  1.05944933  0.94874353  1.71612738
2    1.02267025  1.30149775  0.00000000  1.28372884  0.78899042  1.04042878  0.76685842  0.28485431  0.75045707  1.24804966  1.11988011
3    1.49123050  1.80650938  1.28372884  0.00000000  1.46913893  1.65644870  0.63868361  1.43567252  1.53135243  1.76374122  1.78477725
4    1.18425061  1.48858288  0.78899042  1.46913893  0.00000000  0.98767091  0.90169596  0.98360154  1.15612041  1.39452891  0.58679633
5    1.37271969  1.45577558  1.04042878  1.65644870  0.98767091  0.00000000  1.12300449  1.23199951  1.24344189  1.40503519  1.31469390
6    0.99224036  1.30647680  0.76685842  0.63868361  0.90169596  1.12300449  0.00000000  0.92314616  1.02598259  1.25959792  1.22320455
7    1.20724976  1.48780546  0.28485431  1.43567252  0.98360154  1.23199951  0.92314616  0.00000000  0.87076111  1.43486371  1.31376815
9    1.27239934  1.05944933  0.75045707  1.53135243  1.15612041  1.24344189  1.02598259  0.87076111  0.00000000  1.04314921  1.43396128
10    1.48182592  0.94874353  1.24804966  1.76374122  1.39452891  1.40503519  1.25959792  1.43486371  1.04314921  0.00000000  1.64196800
11    1.50016464  1.71612738  1.11988011  1.78477725  0.58679633  1.31469390  1.22320455  1.31376815  1.43396128  1.64196800  0.00000000

--------------------------------------------------------------------------------
n=10
(result of R-step: (1,4:11)0.08708257)
V=[0, 1, 2, 3, 4, 5, 6, 7, 9, 10]
total successes of this branch: 1
Matrix on 10 elements:

0    0.00000000  1.11761674  1.02267025  1.49123050  1.09064550  1.37271969  0.99224036  1.20724976  1.27239934  1.48182592
1    1.11761674  0.00000000  0.89432733  1.39933896  0.98780735  1.04860517  0.89930638  1.08063504  0.65227891  0.54157312
2    1.02267025  0.89432733  0.00000000  1.28372884  0.69538531  1.04042878  0.76685842  0.28485431  0.75045707  1.24804966
3    1.49123050  1.39933896  1.28372884  0.00000000  1.37553382  1.65644870  0.63868361  1.43567252  1.53135243  1.76374122
4    1.09064550  0.98780735  0.69538531  1.37553382  0.00000000  0.89406580  0.80809085  0.88999643  1.06251530  1.30092380
5    1.37271969  1.04860517  1.04042878  1.65644870  0.89406580  0.00000000  1.12300449  1.23199951  1.24344189  1.40503519
6    0.99224036  0.89930638  0.76685842  0.63868361  0.80809085  1.12300449  0.00000000  0.92314616  1.02598259  1.25959792
7    1.20724976  1.08063504  0.28485431  1.43567252  0.88999643  1.23199951  0.92314616  0.00000000  0.87076111  1.43486371
9    1.27239934  0.65227891  0.75045707  1.53135243  1.06251530  1.24344189  1.02598259  0.87076111  0.00000000  1.04314921
10    1.48182592  0.54157312  1.24804966  1.76374122  1.30092380  1.40503519  1.25959792  1.43486371  1.04314921  0.00000000

--------------------------------------------------------------------------------
n=9
(result of R-step: (1,4:10)0.93901955)
V=[0, 1, 2, 3, 4, 5, 6, 7, 9]
total successes of this branch: 1
Matrix on 9 elements:

0    0.00000000  1.05612586  1.02267025  1.49123050  1.02915462  1.37271969  0.99224036  1.20724976  1.27239934
1    1.05612586  0.00000000  0.83283645  1.33784808  0.86482559  0.98711429  0.83781550  1.01914416  0.59078803
2    1.02267025  0.83283645  0.00000000  1.28372884  0.63389443  1.04042878  0.76685842  0.28485431  0.75045707
3    1.49123050  1.33784808  1.28372884  0.00000000  1.31404293  1.65644870  0.63868361  1.43567252  1.53135243
4    1.02915462  0.86482559  0.63389443  1.31404293  0.00000000  0.83257492  0.74659997  0.82850555  1.00102442
5    1.37271969  0.98711429  1.04042878  1.65644870  0.83257492  0.00000000  1.12300449  1.23199951  1.24344189
6    0.99224036  0.83781550  0.76685842  0.63868361  0.74659997  1.12300449  0.00000000  0.92314616  1.02598259
7    1.20724976  1.01914416  0.28485431  1.43567252  0.82850555  1.23199951  0.92314616  0.00000000  0.87076111
9    1.27239934  0.59078803  0.75045707  1.53135243  1.00102442  1.24344189  1.02598259  0.87076111  0.00000000

--------------------------------------------------------------------------------
n=8
(result of R-step: (1,7:9)0.57280751)
V=[0, 1, 2, 3, 4, 5, 6, 7]
total successes of this branch: 1
Matrix on 8 elements:

0    0.00000000  1.05289369  1.02267025  1.49123050  1.02915462  1.37271969  0.99224036  1.04892161
1    1.05289369  0.00000000  0.82960428  1.33461592  0.86159342  0.98388212  0.83458333  0.85758384
2    1.02267025  0.82960428  0.00000000  1.28372884  0.63389443  1.04042878  0.76685842  0.12652615
3    1.49123050  1.33461592  1.28372884  0.00000000  1.31404293  1.65644870  0.63868361  1.27734436
4    1.02915462  0.86159342  0.63389443  1.31404293  0.00000000  0.83257492  0.74659997  0.67017739
5    1.37271969  0.98388212  1.04042878  1.65644870  0.83257492  0.00000000  1.12300449  1.07367135
6    0.99224036  0.83458333  0.76685842  0.63868361  0.74659997  1.12300449  0.00000000  0.76481800
7    1.04892161  0.85758384  0.12652615  1.27734436  0.67017739  1.07367135  0.76481800  0.00000000

--------------------------------------------------------------------------------
n=7
(result of R-step: (2,3:7)0.95258904)
V=[0, 1, 2, 3, 4, 5, 6]
total successes of this branch: 1
Matrix on 7 elements:

0    0.00000000  1.05289369  0.99032321  0.95926620  1.02915462  1.37271969  0.99224036
1    1.05289369  0.00000000  0.79725725  0.80265161  0.86159342  0.98388212  0.83458333
2    0.99032321  0.79725725  0.00000000  0.71941750  0.60154739  1.00808175  0.73451139
3    0.95926620  0.80265161  0.71941750  0.00000000  0.78207863  1.12448440  0.10671931
4    1.02915462  0.86159342  0.60154739  0.78207863  0.00000000  0.83257492  0.74659997
5    1.37271969  0.98388212  1.00808175  1.12448440  0.83257492  0.00000000  1.12300449
6    0.99224036  0.83458333  0.73451139  0.10671931  0.74659997  1.12300449  0.00000000

--------------------------------------------------------------------------------
n=6
(result of R-step: (3,4:6)0.90476983)
V=[0, 1, 2, 3, 4, 5]
total successes of this branch: 1
Matrix on 6 elements:

0    0.00000000  1.05289369  0.99032321  0.95599291  0.96257832  1.37271969
1    1.05289369  0.00000000  0.79725725  0.79937832  0.79501713  0.98388212
2    0.99032321  0.79725725  0.00000000  0.71614421  0.53497110  1.00808175
3    0.95599291  0.79937832  0.71614421  0.00000000  0.71222905  1.12121111
4    0.96257832  0.79501713  0.53497110  0.71222905  0.00000000  0.76599862
5    1.37271969  0.98388212  1.00808175  1.12121111  0.76599862  0.00000000

--------------------------------------------------------------------------------
n=5
(result of R-step: (1,4:5)0.36616269)
V=[0, 1, 2, 3, 4]
total successes of this branch: 1
Matrix on 5 elements:

0    0.00000000  0.91238326  0.99032321  0.95599291  0.88541202
1    0.91238326  0.00000000  0.65674681  0.65886789  0.57734039
2    0.99032321  0.65674681  0.00000000  0.71614421  0.45780479
3    0.95599291  0.65886789  0.71614421  0.00000000  0.63506274
4    0.88541202  0.57734039  0.45780479  0.63506274  0.00000000

--------------------------------------------------------------------------------
n=4
(result of R-step: (0,1:3)0.06567559)
V=[0, 1, 2, 4]
total successes of this branch: 0
Matrix on 4 elements:

0    0.00000000  0.10913685  0.48753830  0.38262711
1    0.10913685  0.00000000  0.35628532  0.27687890
2    0.48753830  0.35628532  0.00000000  0.45780479
4    0.38262711  0.27687890  0.45780479  0.00000000
reason of abort: no pseudometric

--------------------------------------------------------------------------------
n=4
(result of R-step: (0,2:1)0.94169845)
V=[0, 2, 3, 4]
total successes of this branch: 0
Matrix on 4 elements:

0    0.00000000  0.32358220  0.35187842  0.28129754
2    0.32358220  0.00000000  0.65351768  0.39517826
3    0.35187842  0.65351768  0.00000000  0.63506274
4    0.28129754  0.39517826  0.63506274  0.00000000
reason of abort: no pseudometric

--------------------------------------------------------------------------------
n=4
(result of R-step: (0,2:4)0.10609753)
V=[0, 1, 2, 3]
total successes of this branch: 1
Matrix on 4 elements:

0    0.00000000  0.40959835  0.23065191  0.45320800
1    0.40959835  0.00000000  0.39986042  0.65886789
2    0.23065191  0.39986042  0.00000000  0.45925781
3    0.45320800  0.65886789  0.45925781  0.00000000

--------------------------------------------------------------------------------
n=4
(result of R-step: (0,4:1)0.82772493)
V=[0, 2, 3, 4]
total successes of this branch: 0
Matrix on 4 elements:

0    0.00000000  0.38523959  0.35090929  0.02985822
2    0.38523959  0.00000000  0.71614421  0.20733461
3    0.35090929  0.71614421  0.00000000  0.38459256
4    0.02985822  0.20733461  0.38459256  0.00000000
reason of abort: no pseudometric

--------------------------------------------------------------------------------
n=4
(result of R-step: (0,4:3)0.89536103)
V=[0, 1, 2, 4]
total successes of this branch: 0
reason of abort: negative delta/dxy

--------------------------------------------------------------------------------
n=4
(result of R-step: (2,3:0)0.01807780)
V=[1, 2, 3, 4]
total successes of this branch: 0
reason of abort: negative delta/dxy

--------------------------------------------------------------------------------
n=4
(result of R-step: (2,3:1)0.06669890)
V=[0, 2, 3, 4]
total successes of this branch: 0
Matrix on 4 elements:

0    0.00000000  0.73343682  0.60401577  0.88541202
2    0.73343682  0.00000000  0.10728067  0.20091840
3    0.60401577  0.10728067  0.00000000  0.28308560
4    0.88541202  0.20091840  0.28308560  0.00000000
reason of abort: no pseudometric

--------------------------------------------------------------------------------
n=4
(result of R-step: (2,3:4)0.30030724)
V=[0, 1, 2, 3]
total successes of this branch: 0
Matrix on 4 elements:

0    0.00000000  0.91238326  0.92769668  0.59805725
1    0.91238326  0.00000000  0.59412028  0.30093223
2    0.92769668  0.59412028  0.00000000  0.29558202
3    0.59805725  0.30093223  0.29558202  0.00000000
reason of abort: no pseudometric

--------------------------------------------------------------------------------
n=4
(result of R-step: (2,4:1)0.13286302)
V=[0, 2, 3, 4]
total successes of this branch: 0
reason of abort: negative delta/dxy

--------------------------------------------------------------------------------
n=4
(result of R-step: (3,4:1)0.91591464)
V=[0, 2, 3, 4]
total successes of this branch: 0
Matrix on 4 elements:

0    0.00000000  0.99032321  0.60489947  0.68709000
2    0.99032321  0.00000000  0.36505077  0.25948277
3    0.60489947  0.36505077  0.00000000  0.08564728
4    0.68709000  0.25948277  0.08564728  0.00000000
reason of abort: no pseudometric
