n=20
V=[0, 1, 2, 3, 4, 5, 6, 7, 8, 9, 10, 11, 12, 13, 14, 15, 16, 17, 18, 19]
total successes of this branch: 5
Matrix on 20 elements:

0    0.00000000  2.03282098  1.94460647  1.69345295  1.75927890  1.95465063  1.79127193  2.03045620  1.93397792  2.03177298  1.89739273  1.76826319  1.74992602  1.85842106  2.01145433  1.97358006  1.82550488  1.86303849  0.22308143  2.02043895
1    2.03282098  0.00000000  1.91199782  2.01778874  1.99006152  1.86520858  1.97658541  1.29650947  1.91647477  1.20470898  1.93188519  1.98627716  1.97918734  1.92771481  1.37872418  1.70427542  1.83568781  1.91875576  2.02342616  0.81798423
2    1.94460647  1.91199782  0.00000000  1.90891909  1.82614696  1.54785273  1.70255447  1.90098183  1.21714380  1.90711585  1.34158737  1.61611935  1.71375382  1.58309796  1.81246440  0.93343679  1.67831023  1.55704906  1.92236807  1.85431794
3    1.69345295  2.01778874  1.90891909  0.00000000  1.67588095  1.92131506  1.58543560  2.01487025  1.87835028  2.01649535  1.80325645  1.21872922  1.59043338  1.55857855  1.99141915  1.94467676  1.39254188  1.57405959  1.70622482  2.00250749
4    1.75927890  1.99006152  1.82614696  1.67588095  0.00000000  1.84481037  1.73440638  1.98566744  1.81978787  1.98811419  1.79789882  1.72064017  1.73555719  1.78070281  1.95035937  1.87998384  1.77850064  1.78468360  1.76407302  1.96705402
5    1.95465063  1.86520858  1.54785273  1.92131506  1.84481037  0.00000000  1.77585939  1.84746781  1.56365725  1.85734638  1.61805901  1.81007312  1.78413177  1.19533858  1.50264167  1.64897043  1.81823709  1.21352746  1.85183153  1.65510010
6    1.79127193  1.97658541  1.70255447  1.58543560  1.73440638  1.77585939  0.00000000  1.97051312  1.69759813  1.97389435  1.50664222  1.62032139  0.93900687  1.69555702  1.92172007  1.79298837  1.69677488  1.69946364  1.79040804  1.94479080
7    2.03045620  1.29650947  1.90098183  2.01487025  1.98566744  1.84746781  1.97051312  0.00000000  1.90580146  1.22344694  1.92239144  1.98094670  1.97328659  1.91638133  1.38785146  1.40809915  1.63667477  1.89600118  2.02019954  1.34944239
8    1.93397792  1.91647477  1.21714380  1.87835028  1.81978787  1.56365725  1.69759813  1.90580146  0.00000000  1.91174467  1.14370206  1.68139898  1.70853503  1.62444587  1.82003757  1.44956025  1.73039029  1.61743363  1.91322112  1.86058916
9    2.03177298  1.20470898  1.90711585  2.01649535  1.98811419  1.85734638  1.97389435  1.22344694  1.91174467  0.00000000  1.92767783  1.98391485  1.97657230  1.92269214  0.86571858  1.67638306  1.81789031  1.91281610  2.02199621  1.00826315
10    1.89739273  1.93188519  1.34158737  1.80325645  1.79789882  1.61805901  1.50664222  1.92239144  1.14370206  1.92767783  0.00000000  1.66574066  1.52472160  1.64267646  1.84610567  1.53760410  1.72177239  1.63846347  1.88173583  1.88217573
11    1.76826319  1.98627716  1.61611935  1.21872922  1.72064017  1.81007312  1.62032139  1.98094670  1.68139898  1.98391485  1.66574066  0.00000000  1.62716642  1.15393923  1.93811452  1.73924567  0.74829666  1.17740775  1.77060667  1.95836678
12    1.74992602  1.97918734  1.71375382  1.59043338  1.73555719  1.78413177  0.93900687  1.97328659  1.70853503  1.97657230  1.52472160  1.62716642  0.00000000  1.70309247  1.92587192  1.80134405  1.70273100  1.70703198  1.75184328  1.94829092
13    1.85842106  1.92771481  1.58309796  1.55857855  1.78070281  1.19533858  1.69555702  1.91638133  1.62444587  1.92269214  1.64267646  1.15393923  1.70309247  0.00000000  1.73106360  1.69557843  1.32039478  0.33320375  1.82125470  1.81375491
14    2.01145433  1.37872418  1.81246440  1.99141915  1.95035937  1.50264167  1.92172007  1.38785146  1.82003757  0.86571858  1.84610567  1.93811452  1.92587192  1.73106360  0.00000000  1.66916093  1.81798167  1.72858154  1.98293492  0.60594814
15    1.97358006  1.70427542  0.93343679  1.94467676  1.87998384  1.64897043  1.79298837  1.40809915  1.44956025  1.67638306  1.53760410  1.73924567  1.80134405  1.69557843  1.66916093  0.00000000  1.66695011  1.63867070  1.95538541  1.68392648
16    1.82550488  1.83568781  1.67831023  1.39254188  1.77850064  1.81823709  1.69677488  1.63667477  1.73039029  1.81789031  1.72177239  0.74829666  1.70273100  1.32039478  1.81798167  1.66695011  0.00000000  1.33429031  1.82509752  1.82542706
17    1.86303849  1.91875576  1.55704906  1.57405959  1.78468360  1.21352746  1.69946364  1.89600118  1.61743363  1.91281610  1.63846347  1.17740775  1.70703198  0.33320375  1.72858154  1.63867070  1.33429031  0.00000000  1.82663282  1.80854930
18    0.22308143  2.02342616  1.92236807  1.70622482  1.76407302  1.85183153  1.79040804  2.02019954  1.91322112  2.02199621  1.88173583  1.77060667  1.75184328  1.82125470  1.98293492  1.95538541  1.82509752  1.82663282  0.00000000  1.99996138
19    2.02043895  0.81798423  1.85431794  2.00250749  1.96705402  1.65510010  1.94479080  1.34944239  1.86058916  1.00826315  1.88217573  1.95836678  1.94829092  1.81375491  0.60594814  1.68392648  1.82542706  1.80854930  1.99996138  0.00000000

--------------------------------------------------------------------------------
n=19
(result of R-step: (0,5:18)0.94394911)
V=[0, 1, 2, 3, 4, 5, 6, 7, 8, 9, 10, 11, 12, 13, 14, 15, 16, 17, 19]
total successes of this branch: 5
Matrix on 19 elements:

0    0.00000000  1.97268981  1.88447530  1.63332179  1.69914774  1.83438829  1.73114076  1.97032503  1.87384676  1.97164181  1.83726156  1.70813202  1.68979485  1.79828990  1.95132316  1.91344890  1.76537372  1.80290733  1.96030778
1    1.97268981  0.00000000  1.91199782  2.01778874  1.99006152  1.80507741  1.97658541  1.29650947  1.91647477  1.20470898  1.93188519  1.98627716  1.97918734  1.92771481  1.37872418  1.70427542  1.83568781  1.91875576  0.81798423
2    1.88447530  1.91199782  0.00000000  1.90891909  1.82614696  1.48772157  1.70255447  1.90098183  1.21714380  1.90711585  1.34158737  1.61611935  1.71375382  1.58309796  1.81246440  0.93343679  1.67831023  1.55704906  1.85431794
3    1.63332179  2.01778874  1.90891909  0.00000000  1.67588095  1.86118389  1.58543560  2.01487025  1.87835028  2.01649535  1.80325645  1.21872922  1.59043338  1.55857855  1.99141915  1.94467676  1.39254188  1.57405959  2.00250749
4    1.69914774  1.99006152  1.82614696  1.67588095  0.00000000  1.78467921  1.73440638  1.98566744  1.81978787  1.98811419  1.79789882  1.72064017  1.73555719  1.78070281  1.95035937  1.87998384  1.77850064  1.78468360  1.96705402
5    1.83438829  1.80507741  1.48772157  1.86118389  1.78467921  0.00000000  1.71572823  1.78733664  1.50352609  1.79721522  1.55792784  1.74994195  1.72400060  1.13520741  1.44251050  1.58883926  1.75810592  1.15339630  1.59496893
6    1.73114076  1.97658541  1.70255447  1.58543560  1.73440638  1.71572823  0.00000000  1.97051312  1.69759813  1.97389435  1.50664222  1.62032139  0.93900687  1.69555702  1.92172007  1.79298837  1.69677488  1.69946364  1.94479080
7    1.97032503  1.29650947  1.90098183  2.01487025  1.98566744  1.78733664  1.97051312  0.00000000  1.90580146  1.22344694  1.92239144  1.98094670  1.97328659  1.91638133  1.38785146  1.40809915  1.63667477  1.89600118  1.34944239
8    1.87384676  1.91647477  1.21714380  1.87835028  1.81978787  1.50352609  1.69759813  1.90580146  0.00000000  1.91174467  1.14370206  1.68139898  1.70853503  1.62444587  1.82003757  1.44956025  1.73039029  1.61743363  1.86058916
9    1.97164181  1.20470898  1.90711585  2.01649535  1.98811419  1.79721522  1.97389435  1.22344694  1.91174467  0.00000000  1.92767783  1.98391485  1.97657230  1.92269214  0.86571858  1.67638306  1.81789031  1.91281610  1.00826315
10    1.83726156  1.93188519  1.34158737  1.80325645  1.79789882  1.55792784  1.50664222  1.92239144  1.14370206  1.92767783  0.00000000  1.66574066  1.52472160  1.64267646  1.84610567  1.53760410  1.72177239  1.63846347  1.88217573
11    1.70813202  1.98627716  1.61611935  1.21872922  1.72064017  1.74994195  1.62032139  1.98094670  1.68139898  1.98391485  1.66574066  0.00000000  1.62716642  1.15393923  1.93811452  1.73924567  0.74829666  1.17740775  1.95836678
12    1.68979485  1.97918734  1.71375382  1.59043338  1.73555719  1.72400060  0.93900687  1.97328659  1.70853503  1.97657230  1.52472160  1.62716642  0.00000000  1.70309247  1.92587192  1.80134405  1.70273100  1.70703198  1.94829092
13    1.79828990  1.92771481  1.58309796  1.55857855  1.78070281  1.13520741  1.69555702  1.91638133  1.62444587  1.92269214  1.64267646  1.15393923  1.70309247  0.00000000  1.73106360  1.69557843  1.32039478  0.33320375  1.81375491
14    1.95132316  1.37872418  1.81246440  1.99141915  1.95035937  1.44251050  1.92172007  1.38785146  1.82003757  0.86571858  1.84610567  1.93811452  1.92587192  1.73106360  0.00000000  1.66916093  1.81798167  1.72858154  0.60594814
15    1.91344890  1.70427542  0.93343679  1.94467676  1.87998384  1.58883926  1.79298837  1.40809915  1.44956025  1.67638306  1.53760410  1.73924567  1.80134405  1.69557843  1.66916093  0.00000000  1.66695011  1.63867070  1.68392648
16    1.76537372  1.83568781  1.67831023  1.39254188  1.77850064  1.75810592  1.69677488  1.63667477  1.73039029  1.81789031  1.72177239  0.74829666  1.70273100  1.32039478  1.81798167  1.66695011  0.00000000  1.33429031  1.82542706
17    1.80290733  1.91875576  1.55704906  1.57405959  1.78468360  1.15339630  1.69946364  1.89600118  1.61743363  1.91281610  1.63846347  1.17740775  1.70703198  0.33320375  1.72858154  1.63867070  1.33429031  0.00000000  1.80854930
19    1.96030778  0.81798423  1.85431794  2.00250749  1.96705402  1.59496893  1.94479080  1.34944239  1.86058916  1.00826315  1.88217573  1.95836678  1.94829092  1.81375491  0.60594814  1.68392648  1.82542706  1.80854930  0.00000000

--------------------------------------------------------------------------------
n=18
(result of R-step: (0,6:12)0.04626835)
V=[0, 1, 2, 3, 4, 5, 6, 7, 8, 9, 10, 11, 13, 14, 15, 16, 17, 19]
total successes of this branch: 5
Matrix on 18 elements:

0    0.00000000  1.58399050  1.49577598  1.24462247  1.31044842  1.44568898  0.89361096  1.58162572  1.48514744  1.58294250  1.44856225  1.31943270  1.40959058  1.56262384  1.52474958  1.37667440  1.41420801  1.57160847
1    1.58399050  0.00000000  1.91199782  2.01778874  1.99006152  1.80507741  1.52775493  1.29650947  1.91647477  1.20470898  1.93188519  1.98627716  1.92771481  1.37872418  1.70427542  1.83568781  1.91875576  0.81798423
2    1.49577598  1.91199782  0.00000000  1.90891909  1.82614696  1.48772157  1.25372399  1.90098183  1.21714380  1.90711585  1.34158737  1.61611935  1.58309796  1.81246440  0.93343679  1.67831023  1.55704906  1.85431794
3    1.24462247  2.01778874  1.90891909  0.00000000  1.67588095  1.86118389  1.13660512  2.01487025  1.87835028  2.01649535  1.80325645  1.21872922  1.55857855  1.99141915  1.94467676  1.39254188  1.57405959  2.00250749
4    1.31044842  1.99006152  1.82614696  1.67588095  0.00000000  1.78467921  1.28557590  1.98566744  1.81978787  1.98811419  1.79789882  1.72064017  1.78070281  1.95035937  1.87998384  1.77850064  1.78468360  1.96705402
5    1.44568898  1.80507741  1.48772157  1.86118389  1.78467921  0.00000000  1.26689775  1.78733664  1.50352609  1.79721522  1.55792784  1.74994195  1.13520741  1.44251050  1.58883926  1.75810592  1.15339630  1.59496893
6    0.89361096  1.52775493  1.25372399  1.13660512  1.28557590  1.26689775  0.00000000  1.52168264  1.24876765  1.52506387  1.05781173  1.17149091  1.24672654  1.47288959  1.34415789  1.24794440  1.25063316  1.49596032
7    1.58162572  1.29650947  1.90098183  2.01487025  1.98566744  1.78733664  1.52168264  0.00000000  1.90580146  1.22344694  1.92239144  1.98094670  1.91638133  1.38785146  1.40809915  1.63667477  1.89600118  1.34944239
8    1.48514744  1.91647477  1.21714380  1.87835028  1.81978787  1.50352609  1.24876765  1.90580146  0.00000000  1.91174467  1.14370206  1.68139898  1.62444587  1.82003757  1.44956025  1.73039029  1.61743363  1.86058916
9    1.58294250  1.20470898  1.90711585  2.01649535  1.98811419  1.79721522  1.52506387  1.22344694  1.91174467  0.00000000  1.92767783  1.98391485  1.92269214  0.86571858  1.67638306  1.81789031  1.91281610  1.00826315
10    1.44856225  1.93188519  1.34158737  1.80325645  1.79789882  1.55792784  1.05781173  1.92239144  1.14370206  1.92767783  0.00000000  1.66574066  1.64267646  1.84610567  1.53760410  1.72177239  1.63846347  1.88217573
11    1.31943270  1.98627716  1.61611935  1.21872922  1.72064017  1.74994195  1.17149091  1.98094670  1.68139898  1.98391485  1.66574066  0.00000000  1.15393923  1.93811452  1.73924567  0.74829666  1.17740775  1.95836678
13    1.40959058  1.92771481  1.58309796  1.55857855  1.78070281  1.13520741  1.24672654  1.91638133  1.62444587  1.92269214  1.64267646  1.15393923  0.00000000  1.73106360  1.69557843  1.32039478  0.33320375  1.81375491
14    1.56262384  1.37872418  1.81246440  1.99141915  1.95035937  1.44251050  1.47288959  1.38785146  1.82003757  0.86571858  1.84610567  1.93811452  1.73106360  0.00000000  1.66916093  1.81798167  1.72858154  0.60594814
15    1.52474958  1.70427542  0.93343679  1.94467676  1.87998384  1.58883926  1.34415789  1.40809915  1.44956025  1.67638306  1.53760410  1.73924567  1.69557843  1.66916093  0.00000000  1.66695011  1.63867070  1.68392648
16    1.37667440  1.83568781  1.67831023  1.39254188  1.77850064  1.75810592  1.24794440  1.63667477  1.73039029  1.81789031  1.72177239  0.74829666  1.32039478  1.81798167  1.66695011  0.00000000  1.33429031  1.82542706
17    1.41420801  1.91875576  1.55704906  1.57405959  1.78468360  1.15339630  1.25063316  1.89600118  1.61743363  1.91281610  1.63846347  1.17740775  0.33320375  1.72858154  1.63867070  1.33429031  0.00000000  1.80854930
19    1.57160847  0.81798423  1.85431794  2.00250749  1.96705402  1.59496893  1.49596032  1.34944239  1.86058916  1.00826315  1.88217573  1.95836678  1.81375491  0.60594814  1.68392648  1.82542706  1.80854930  0.00000000

--------------------------------------------------------------------------------
n=17
(result of R-step: (1,14:19)0.42049736)
V=[0, 1, 2, 3, 4, 5, 6, 7, 8, 9, 10, 11, 13, 14, 15, 16, 17]
total successes of this branch: 5
Matrix on 17 elements:

0    0.00000000  1.56138640  1.49577598  1.24462247  1.31044842  1.44568898  0.89361096  1.58162572  1.48514744  1.58294250  1.44856225  1.31943270  1.40959058  1.54001975  1.52474958  1.37667440  1.41420801
1    1.56138640  0.00000000  1.88939372  1.99518464  1.96745742  1.78247332  1.50515084  1.27390537  1.89387068  1.18210488  1.90928110  1.96367306  1.90511072  1.33351598  1.68167132  1.81308372  1.89615166
2    1.49577598  1.88939372  0.00000000  1.90891909  1.82614696  1.48772157  1.25372399  1.90098183  1.21714380  1.90711585  1.34158737  1.61611935  1.58309796  1.78986031  0.93343679  1.67831023  1.55704906
3    1.24462247  1.99518464  1.90891909  0.00000000  1.67588095  1.86118389  1.13660512  2.01487025  1.87835028  2.01649535  1.80325645  1.21872922  1.55857855  1.96881506  1.94467676  1.39254188  1.57405959
4    1.31044842  1.96745742  1.82614696  1.67588095  0.00000000  1.78467921  1.28557590  1.98566744  1.81978787  1.98811419  1.79789882  1.72064017  1.78070281  1.92775528  1.87998384  1.77850064  1.78468360
5    1.44568898  1.78247332  1.48772157  1.86118389  1.78467921  0.00000000  1.26689775  1.78733664  1.50352609  1.79721522  1.55792784  1.74994195  1.13520741  1.41990641  1.58883926  1.75810592  1.15339630
6    0.89361096  1.50515084  1.25372399  1.13660512  1.28557590  1.26689775  0.00000000  1.52168264  1.24876765  1.52506387  1.05781173  1.17149091  1.24672654  1.45028549  1.34415789  1.24794440  1.25063316
7    1.58162572  1.27390537  1.90098183  2.01487025  1.98566744  1.78733664  1.52168264  0.00000000  1.90580146  1.22344694  1.92239144  1.98094670  1.91638133  1.36524736  1.40809915  1.63667477  1.89600118
8    1.48514744  1.89387068  1.21714380  1.87835028  1.81978787  1.50352609  1.24876765  1.90580146  0.00000000  1.91174467  1.14370206  1.68139898  1.62444587  1.79743348  1.44956025  1.73039029  1.61743363
9    1.58294250  1.18210488  1.90711585  2.01649535  1.98811419  1.79721522  1.52506387  1.22344694  1.91174467  0.00000000  1.92767783  1.98391485  1.92269214  0.84311448  1.67638306  1.81789031  1.91281610
10    1.44856225  1.90928110  1.34158737  1.80325645  1.79789882  1.55792784  1.05781173  1.92239144  1.14370206  1.92767783  0.00000000  1.66574066  1.64267646  1.82350157  1.53760410  1.72177239  1.63846347
11    1.31943270  1.96367306  1.61611935  1.21872922  1.72064017  1.74994195  1.17149091  1.98094670  1.68139898  1.98391485  1.66574066  0.00000000  1.15393923  1.91551042  1.73924567  0.74829666  1.17740775
13    1.40959058  1.90511072  1.58309796  1.55857855  1.78070281  1.13520741  1.24672654  1.91638133  1.62444587  1.92269214  1.64267646  1.15393923  0.00000000  1.70845950  1.69557843  1.32039478  0.33320375
14    1.54001975  1.33351598  1.78986031  1.96881506  1.92775528  1.41990641  1.45028549  1.36524736  1.79743348  0.84311448  1.82350157  1.91551042  1.70845950  0.00000000  1.64655683  1.79537758  1.70597745
15    1.52474958  1.68167132  0.93343679  1.94467676  1.87998384  1.58883926  1.34415789  1.40809915  1.44956025  1.67638306  1.53760410  1.73924567  1.69557843  1.64655683  0.00000000  1.66695011  1.63867070
16    1.37667440  1.81308372  1.67831023  1.39254188  1.77850064  1.75810592  1.24794440  1.63667477  1.73039029  1.81789031  1.72177239  0.74829666  1.32039478  1.79537758  1.66695011  0.00000000  1.33429031
17    1.41420801  1.89615166  1.55704906  1.57405959  1.78468360  1.15339630  1.25063316  1.89600118  1.61743363  1.91281610  1.63846347  1.17740775  0.33320375  1.70597745  1.63867070  1.33429031  0.00000000

--------------------------------------------------------------------------------
n=16
(result of R-step: (5,9:14)0.26345996)
V=[0, 1, 2, 3, 4, 5, 6, 7, 8, 9, 10, 11, 13, 15, 16, 17]
total successes of this branch: 5
Matrix on 16 elements:

0    0.00000000  1.56138640  1.49577598  1.24462247  1.31044842  1.25031321  0.89361096  1.58162572  1.48514744  1.32743556  1.44856225  1.31943270  1.40959058  1.52474958  1.37667440  1.41420801
1    1.56138640  0.00000000  1.88939372  1.99518464  1.96745742  1.58709755  1.50515084  1.27390537  1.89387068  0.92659795  1.90928110  1.96367306  1.90511072  1.68167132  1.81308372  1.89615166
2    1.49577598  1.88939372  0.00000000  1.90891909  1.82614696  1.29234580  1.25372399  1.90098183  1.21714380  1.65160892  1.34158737  1.61611935  1.58309796  0.93343679  1.67831023  1.55704906
3    1.24462247  1.99518464  1.90891909  0.00000000  1.67588095  1.66580813  1.13660512  2.01487025  1.87835028  1.76098842  1.80325645  1.21872922  1.55857855  1.94467676  1.39254188  1.57405959
4    1.31044842  1.96745742  1.82614696  1.67588095  0.00000000  1.58930344  1.28557590  1.98566744  1.81978787  1.73260726  1.79789882  1.72064017  1.78070281  1.87998384  1.77850064  1.78468360
5    1.25031321  1.58709755  1.29234580  1.66580813  1.58930344  0.00000000  1.07152198  1.59196088  1.30815032  1.34633252  1.36255207  1.55456619  0.93983165  1.39346349  1.56273016  0.95802053
6    0.89361096  1.50515084  1.25372399  1.13660512  1.28557590  1.07152198  0.00000000  1.52168264  1.24876765  1.26955694  1.05781173  1.17149091  1.24672654  1.34415789  1.24794440  1.25063316
7    1.58162572  1.27390537  1.90098183  2.01487025  1.98566744  1.59196088  1.52168264  0.00000000  1.90580146  0.96794001  1.92239144  1.98094670  1.91638133  1.40809915  1.63667477  1.89600118
8    1.48514744  1.89387068  1.21714380  1.87835028  1.81978787  1.30815032  1.24876765  1.90580146  0.00000000  1.65623774  1.14370206  1.68139898  1.62444587  1.44956025  1.73039029  1.61743363
9    1.32743556  0.92659795  1.65160892  1.76098842  1.73260726  1.34633252  1.26955694  0.96794001  1.65623774  0.00000000  1.67217090  1.72840792  1.66718521  1.42087613  1.56238338  1.65730917
10    1.44856225  1.90928110  1.34158737  1.80325645  1.79789882  1.36255207  1.05781173  1.92239144  1.14370206  1.67217090  0.00000000  1.66574066  1.64267646  1.53760410  1.72177239  1.63846347
11    1.31943270  1.96367306  1.61611935  1.21872922  1.72064017  1.55456619  1.17149091  1.98094670  1.68139898  1.72840792  1.66574066  0.00000000  1.15393923  1.73924567  0.74829666  1.17740775
13    1.40959058  1.90511072  1.58309796  1.55857855  1.78070281  0.93983165  1.24672654  1.91638133  1.62444587  1.66718521  1.64267646  1.15393923  0.00000000  1.69557843  1.32039478  0.33320375
15    1.52474958  1.68167132  0.93343679  1.94467676  1.87998384  1.39346349  1.34415789  1.40809915  1.44956025  1.42087613  1.53760410  1.73924567  1.69557843  0.00000000  1.66695011  1.63867070
16    1.37667440  1.81308372  1.67831023  1.39254188  1.77850064  1.56273016  1.24794440  1.63667477  1.73039029  1.56238338  1.72177239  0.74829666  1.32039478  1.66695011  0.00000000  1.33429031
17    1.41420801  1.89615166  1.55704906  1.57405959  1.78468360  0.95802053  1.25063316  1.89600118  1.61743363  1.65730917  1.63846347  1.17740775  0.33320375  1.63867070  1.33429031  0.00000000

--------------------------------------------------------------------------------
n=15
(result of R-step: (6,8:10)0.25636760)
V=[0, 1, 2, 3, 4, 5, 6, 7, 8, 9, 11, 13, 15, 16, 17]
total successes of this branch: 5
Matrix on 15 elements:

0    0.00000000  1.56138640  1.49577598  1.24462247  1.31044842  1.25031321  0.86606837  1.58162572  1.00877437  1.32743556  1.31943270  1.40959058  1.52474958  1.37667440  1.41420801
1    1.56138640  0.00000000  1.88939372  1.99518464  1.96745742  1.58709755  1.47760824  1.27390537  1.41749760  0.92659795  1.96367306  1.90511072  1.68167132  1.81308372  1.89615166
2    1.49577598  1.88939372  0.00000000  1.90891909  1.82614696  1.29234580  1.22618139  1.90098183  0.74077072  1.65160892  1.61611935  1.58309796  0.93343679  1.67831023  1.55704906
3    1.24462247  1.99518464  1.90891909  0.00000000  1.67588095  1.66580813  1.10906252  2.01487025  1.40197720  1.76098842  1.21872922  1.55857855  1.94467676  1.39254188  1.57405959
4    1.31044842  1.96745742  1.82614696  1.67588095  0.00000000  1.58930344  1.25803330  1.98566744  1.34341479  1.73260726  1.72064017  1.78070281  1.87998384  1.77850064  1.78468360
5    1.25031321  1.58709755  1.29234580  1.66580813  1.58930344  0.00000000  1.04397938  1.59196088  0.83177724  1.34633252  1.55456619  0.93983165  1.39346349  1.56273016  0.95802053
6    0.86606837  1.47760824  1.22618139  1.10906252  1.25803330  1.04397938  0.00000000  1.49414005  0.74485197  1.24201434  1.14394832  1.21918394  1.31661530  1.22040180  1.22309056
7    1.58162572  1.27390537  1.90098183  2.01487025  1.98566744  1.59196088  1.49414005  0.00000000  1.42942839  0.96794001  1.98094670  1.91638133  1.40809915  1.63667477  1.89600118
8    1.00877437  1.41749760  0.74077072  1.40197720  1.34341479  0.83177724  0.74485197  1.42942839  0.00000000  1.17986466  1.20502590  1.14807279  0.97318718  1.25401721  1.14106056
9    1.32743556  0.92659795  1.65160892  1.76098842  1.73260726  1.34633252  1.24201434  0.96794001  1.17986466  0.00000000  1.72840792  1.66718521  1.42087613  1.56238338  1.65730917
11    1.31943270  1.96367306  1.61611935  1.21872922  1.72064017  1.55456619  1.14394832  1.98094670  1.20502590  1.72840792  0.00000000  1.15393923  1.73924567  0.74829666  1.17740775
13    1.40959058  1.90511072  1.58309796  1.55857855  1.78070281  0.93983165  1.21918394  1.91638133  1.14807279  1.66718521  1.15393923  0.00000000  1.69557843  1.32039478  0.33320375
15    1.52474958  1.68167132  0.93343679  1.94467676  1.87998384  1.39346349  1.31661530  1.40809915  0.97318718  1.42087613  1.73924567  1.69557843  0.00000000  1.66695011  1.63867070
16    1.37667440  1.81308372  1.67831023  1.39254188  1.77850064  1.56273016  1.22040180  1.63667477  1.25401721  1.56238338  0.74829666  1.32039478  1.66695011  0.00000000  1.33429031
17    1.41420801  1.89615166  1.55704906  1.57405959  1.78468360  0.95802053  1.22309056  1.89600118  1.14106056  1.65730917  1.17740775  0.33320375  1.63867070  1.33429031  0.00000000

--------------------------------------------------------------------------------
n=14
(result of R-step: (7,11:16)0.21831893)
V=[0, 1, 2, 3, 4, 5, 6, 7, 8, 9, 11, 13, 15, 17]
total successes of this branch: 5
Matrix on 14 elements:

0    0.00000000  1.56138640  1.49577598  1.24462247  1.31044842  1.25031321  0.86606837  1.37961335  1.00877437  1.32743556  1.11742034  1.40959058  1.52474958  1.41420801
1    1.56138640  0.00000000  1.88939372  1.99518464  1.96745742  1.58709755  1.47760824  1.07189301  1.41749760  0.92659795  1.76166070  1.90511072  1.68167132  1.89615166
2    1.49577598  1.88939372  0.00000000  1.90891909  1.82614696  1.29234580  1.22618139  1.69896946  0.74077072  1.65160892  1.41410699  1.58309796  0.93343679  1.55704906
3    1.24462247  1.99518464  1.90891909  0.00000000  1.67588095  1.66580813  1.10906252  1.81285789  1.40197720  1.76098842  1.01671685  1.55857855  1.94467676  1.57405959
4    1.31044842  1.96745742  1.82614696  1.67588095  0.00000000  1.58930344  1.25803330  1.78365507  1.34341479  1.73260726  1.51862780  1.78070281  1.87998384  1.78468360
5    1.25031321  1.58709755  1.29234580  1.66580813  1.58930344  0.00000000  1.04397938  1.38994851  0.83177724  1.34633252  1.35255382  0.93983165  1.39346349  0.95802053
6    0.86606837  1.47760824  1.22618139  1.10906252  1.25803330  1.04397938  0.00000000  1.29212768  0.74485197  1.24201434  0.94193595  1.21918394  1.31661530  1.22309056
7    1.37961335  1.07189301  1.69896946  1.81285789  1.78365507  1.38994851  1.29212768  0.00000000  1.22741602  0.76592765  1.57692197  1.71436897  1.20608679  1.69398882
8    1.00877437  1.41749760  0.74077072  1.40197720  1.34341479  0.83177724  0.74485197  1.22741602  0.00000000  1.17986466  1.00301353  1.14807279  0.97318718  1.14106056
9    1.32743556  0.92659795  1.65160892  1.76098842  1.73260726  1.34633252  1.24201434  0.76592765  1.17986466  0.00000000  1.52639555  1.66718521  1.42087613  1.65730917
11    1.11742034  1.76166070  1.41410699  1.01671685  1.51862780  1.35255382  0.94193595  1.57692197  1.00301353  1.52639555  0.00000000  0.95192686  1.53723330  0.97539539
13    1.40959058  1.90511072  1.58309796  1.55857855  1.78070281  0.93983165  1.21918394  1.71436897  1.14807279  1.66718521  0.95192686  0.00000000  1.69557843  0.33320375
15    1.52474958  1.68167132  0.93343679  1.94467676  1.87998384  1.39346349  1.31661530  1.20608679  0.97318718  1.42087613  1.53723330  1.69557843  0.00000000  1.63867070
17    1.41420801  1.89615166  1.55704906  1.57405959  1.78468360  0.95802053  1.22309056  1.69398882  1.14106056  1.65730917  0.97539539  0.33320375  1.63867070  0.00000000

--------------------------------------------------------------------------------
n=13
(result of R-step: (13,15:17)0.95990387)
V=[0, 1, 2, 3, 4, 5, 6, 7, 8, 9, 11, 13, 15]
total successes of this branch: 5
Matrix on 13 elements:

0    0.00000000  1.56138640  1.49577598  1.24462247  1.31044842  1.25031321  0.86606837  1.37961335  1.00877437  1.32743556  1.11742034  1.27144257  1.38660158
1    1.56138640  0.00000000  1.88939372  1.99518464  1.96745742  1.58709755  1.47760824  1.07189301  1.41749760  0.92659795  1.76166070  1.76696271  1.54352332
2    1.49577598  1.88939372  0.00000000  1.90891909  1.82614696  1.29234580  1.22618139  1.69896946  0.74077072  1.65160892  1.41410699  1.44494995  0.79528878
3    1.24462247  1.99518464  1.90891909  0.00000000  1.67588095  1.66580813  1.10906252  1.81285789  1.40197720  1.76098842  1.01671685  1.42043054  1.80652875
4    1.31044842  1.96745742  1.82614696  1.67588095  0.00000000  1.58930344  1.25803330  1.78365507  1.34341479  1.73260726  1.51862780  1.64255480  1.74183584
5    1.25031321  1.58709755  1.29234580  1.66580813  1.58930344  0.00000000  1.04397938  1.38994851  0.83177724  1.34633252  1.35255382  0.80168364  1.25531549
6    0.86606837  1.47760824  1.22618139  1.10906252  1.25803330  1.04397938  0.00000000  1.29212768  0.74485197  1.24201434  0.94193595  1.08103593  1.17846729
7    1.37961335  1.07189301  1.69896946  1.81285789  1.78365507  1.38994851  1.29212768  0.00000000  1.22741602  0.76592765  1.57692197  1.57622096  1.06793878
8    1.00877437  1.41749760  0.74077072  1.40197720  1.34341479  0.83177724  0.74485197  1.22741602  0.00000000  1.17986466  1.00301353  1.00992479  0.83503917
9    1.32743556  0.92659795  1.65160892  1.76098842  1.73260726  1.34633252  1.24201434  0.76592765  1.17986466  0.00000000  1.52639555  1.52903720  1.28272812
11    1.11742034  1.76166070  1.41410699  1.01671685  1.51862780  1.35255382  0.94193595  1.57692197  1.00301353  1.52639555  0.00000000  0.81377886  1.39908529
13    1.27144257  1.76696271  1.44494995  1.42043054  1.64255480  0.80168364  1.08103593  1.57622096  1.00992479  1.52903720  0.81377886  0.00000000  1.41928242
15    1.38660158  1.54352332  0.79528878  1.80652875  1.74183584  1.25531549  1.17846729  1.06793878  0.83503917  1.28272812  1.39908529  1.41928242  0.00000000

--------------------------------------------------------------------------------
n=12
(result of R-step: (2,7:15)0.66250800)
V=[0, 1, 2, 3, 4, 5, 6, 7, 8, 9, 11, 13]
total successes of this branch: 5
Matrix on 12 elements:

0    0.00000000  1.56138640  1.27549893  1.24462247  1.31044842  1.25031321  0.86606837  1.36134866  1.00877437  1.32743556  1.11742034  1.27144257
1    1.56138640  0.00000000  1.66911667  1.99518464  1.96745742  1.58709755  1.47760824  1.05362832  1.41749760  0.92659795  1.76166070  1.76696271
2    1.27549893  1.66911667  0.00000000  1.68864204  1.60586991  1.07206875  1.00590434  1.46042772  0.52049367  1.43133186  1.19382993  1.22467290
3    1.24462247  1.99518464  1.68864204  0.00000000  1.67588095  1.66580813  1.10906252  1.79459320  1.40197720  1.76098842  1.01671685  1.42043054
4    1.31044842  1.96745742  1.60586991  1.67588095  0.00000000  1.58930344  1.25803330  1.76539038  1.34341479  1.73260726  1.51862780  1.64255480
5    1.25031321  1.58709755  1.07206875  1.66580813  1.58930344  0.00000000  1.04397938  1.37168382  0.83177724  1.34633252  1.35255382  0.80168364
6    0.86606837  1.47760824  1.00590434  1.10906252  1.25803330  1.04397938  0.00000000  1.27386299  0.74485197  1.24201434  0.94193595  1.08103593
7    1.36134866  1.05362832  1.46042772  1.79459320  1.76539038  1.37168382  1.27386299  0.00000000  1.20915133  0.74766296  1.55865728  1.55795627
8    1.00877437  1.41749760  0.52049367  1.40197720  1.34341479  0.83177724  0.74485197  1.20915133  0.00000000  1.17986466  1.00301353  1.00992479
9    1.32743556  0.92659795  1.43133186  1.76098842  1.73260726  1.34633252  1.24201434  0.74766296  1.17986466  0.00000000  1.52639555  1.52903720
11    1.11742034  1.76166070  1.19382993  1.01671685  1.51862780  1.35255382  0.94193595  1.55865728  1.00301353  1.52639555  0.00000000  0.81377886
13    1.27144257  1.76696271  1.22467290  1.42043054  1.64255480  0.80168364  1.08103593  1.55795627  1.00992479  1.52903720  0.81377886  0.00000000

--------------------------------------------------------------------------------
n=11
(result of R-step: (1,7:9)0.55682890)
V=[0, 1, 2, 3, 4, 5, 6, 7, 8, 11, 13]
total successes of this branch: 5
Matrix on 11 elements:

0    0.00000000  1.01816727  1.27549893  1.24462247  1.31044842  1.25031321  0.86606837  1.01580249  1.00877437  1.11742034  1.27144257
1    1.01816727  0.00000000  1.12589754  1.45196551  1.42423830  1.04387842  0.93438911  0.16486302  0.87427847  1.21844157  1.22374358
2    1.27549893  1.12589754  0.00000000  1.68864204  1.60586991  1.07206875  1.00590434  1.11488155  0.52049367  1.19382993  1.22467290
3    1.24462247  1.45196551  1.68864204  0.00000000  1.67588095  1.66580813  1.10906252  1.44904703  1.40197720  1.01671685  1.42043054
4    1.31044842  1.42423830  1.60586991  1.67588095  0.00000000  1.58930344  1.25803330  1.41984421  1.34341479  1.51862780  1.64255480
5    1.25031321  1.04387842  1.07206875  1.66580813  1.58930344  0.00000000  1.04397938  1.02613765  0.83177724  1.35255382  0.80168364
6    0.86606837  0.93438911  1.00590434  1.10906252  1.25803330  1.04397938  0.00000000  0.92831682  0.74485197  0.94193595  1.08103593
7    1.01580249  0.16486302  1.11488155  1.44904703  1.41984421  1.02613765  0.92831682  0.00000000  0.86360516  1.21311111  1.21241010
8    1.00877437  0.87427847  0.52049367  1.40197720  1.34341479  0.83177724  0.74485197  0.86360516  0.00000000  1.00301353  1.00992479
11    1.11742034  1.21844157  1.19382993  1.01671685  1.51862780  1.35255382  0.94193595  1.21311111  1.00301353  0.00000000  0.81377886
13    1.27144257  1.22374358  1.22467290  1.42043054  1.64255480  0.80168364  1.08103593  1.21241010  1.00992479  0.81377886  0.00000000

--------------------------------------------------------------------------------
n=10
(result of R-step: (5,11:13)0.48371218)
V=[0, 1, 2, 3, 4, 5, 6, 7, 8, 11]
total successes of this branch: 5
Matrix on 10 elements:

0    0.00000000  1.01816727  1.27549893  1.24462247  1.31044842  1.23621780  0.86606837  1.01580249  1.00877437  1.04983036
1    1.01816727  0.00000000  1.12589754  1.45196551  1.42423830  1.02978301  0.93438911  0.16486302  0.87427847  1.15085159
2    1.27549893  1.12589754  0.00000000  1.68864204  1.60586991  1.05797334  1.00590434  1.11488155  0.52049367  1.12623996
3    1.24462247  1.45196551  1.68864204  0.00000000  1.67588095  1.65171271  1.10906252  1.44904703  1.40197720  0.94912688
4    1.31044842  1.42423830  1.60586991  1.67588095  0.00000000  1.57520803  1.25803330  1.41984421  1.34341479  1.45103783
5    1.23621780  1.02978301  1.05797334  1.65171271  1.57520803  0.00000000  1.02988397  1.01204224  0.81768183  1.27086843
6    0.86606837  0.93438911  1.00590434  1.10906252  1.25803330  1.02988397  0.00000000  0.92831682  0.74485197  0.87434597
7    1.01580249  0.16486302  1.11488155  1.44904703  1.41984421  1.01204224  0.92831682  0.00000000  0.86360516  1.14552113
8    1.00877437  0.87427847  0.52049367  1.40197720  1.34341479  0.81768183  0.74485197  0.86360516  0.00000000  0.93542356
11    1.04983036  1.15085159  1.12623996  0.94912688  1.45103783  1.27086843  0.87434597  1.14552113  0.93542356  0.00000000

--------------------------------------------------------------------------------
n=9
(result of R-step: (1,5:7)0.96974836)
V=[0, 1, 2, 3, 4, 5, 6, 8, 11]
total successes of this branch: 5
Matrix on 9 elements:

0    0.00000000  0.94460615  1.27549893  1.24462247  1.31044842  0.86643579  0.86606837  1.00877437  1.04983036
1    0.94460615  0.00000000  1.05233641  1.37840439  1.35067717  0.58643988  0.86082799  0.80071735  1.07729047
2    1.27549893  1.05233641  0.00000000  1.68864204  1.60586991  0.68819133  1.00590434  0.52049367  1.12623996
3    1.24462247  1.37840439  1.68864204  0.00000000  1.67588095  1.28193071  1.10906252  1.40197720  0.94912688
4    1.31044842  1.35067717  1.60586991  1.67588095  0.00000000  1.20542602  1.25803330  1.34341479  1.45103783
5    0.86643579  0.58643988  0.68819133  1.28193071  1.20542602  0.00000000  0.66010197  0.44789983  0.90108643
6    0.86606837  0.86082799  1.00590434  1.10906252  1.25803330  0.66010197  0.00000000  0.74485197  0.87434597
8    1.00877437  0.80071735  0.52049367  1.40197720  1.34341479  0.44789983  0.74485197  0.00000000  0.93542356
11    1.04983036  1.07729047  1.12623996  0.94912688  1.45103783  0.90108643  0.87434597  0.93542356  0.00000000

--------------------------------------------------------------------------------
n=8
(result of R-step: (2,3:11)0.29786656)
V=[0, 1, 2, 3, 4, 5, 6, 8]
total successes of this branch: 5
Matrix on 8 elements:

0    0.00000000  0.94460615  1.03281124  0.78165773  1.31044842  0.86643579  0.86606837  1.00877437
1    0.94460615  0.00000000  0.80964873  0.91543965  1.35067717  0.58643988  0.86082799  0.80071735
2    1.03281124  0.80964873  0.00000000  0.98298961  1.36318222  0.44550364  0.76321665  0.27780598
3    0.78165773  0.91543965  0.98298961  0.00000000  1.21291621  0.81896597  0.64609778  0.93901246
4    1.31044842  1.35067717  1.36318222  1.21291621  0.00000000  1.20542602  1.25803330  1.34341479
5    0.86643579  0.58643988  0.44550364  0.81896597  1.20542602  0.00000000  0.66010197  0.44789983
6    0.86606837  0.86082799  0.76321665  0.64609778  1.25803330  0.66010197  0.00000000  0.74485197
8    1.00877437  0.80071735  0.27780598  0.93901246  1.34341479  0.44789983  0.74485197  0.00000000

--------------------------------------------------------------------------------
n=7
(result of R-step: (2,3:8)0.95768109)
V=[0, 1, 2, 3, 4, 5, 6]
total successes of this branch: 5
Matrix on 7 elements:

0    0.00000000  0.94460615  0.90248849  0.65133498  1.31044842  0.86643579  0.86606837
1    0.94460615  0.00000000  0.67932597  0.78511690  1.35067717  0.58643988  0.86082799
2    0.90248849  0.67932597  0.00000000  0.72234411  1.23285947  0.31518089  0.63289390
3    0.65133498  0.78511690  0.72234411  0.00000000  1.08259346  0.68864322  0.51577503
4    1.31044842  1.35067717  1.23285947  1.08259346  0.00000000  1.20542602  1.25803330
5    0.86643579  0.58643988  0.31518089  0.68864322  1.20542602  0.00000000  0.66010197
6    0.86606837  0.86082799  0.63289390  0.51577503  1.25803330  0.66010197  0.00000000

--------------------------------------------------------------------------------
n=6
(result of R-step: (2,3:6)0.38947882)
V=[0, 1, 2, 3, 4, 5]
total successes of this branch: 5
Matrix on 6 elements:

0    0.00000000  0.94460615  0.80624050  0.55508698  1.31044842  0.86643579
1    0.94460615  0.00000000  0.58307798  0.68886890  1.35067717  0.58643988
2    0.80624050  0.58307798  0.00000000  0.52984812  1.13661147  0.21893290
3    0.55508698  0.68886890  0.52984812  0.00000000  0.98634546  0.59239522
4    1.31044842  1.35067717  1.13661147  0.98634546  0.00000000  1.20542602
5    0.86643579  0.58643988  0.21893290  0.59239522  1.20542602  0.00000000

--------------------------------------------------------------------------------
n=5
(result of R-step: (0,4:3)0.72714505)
V=[0, 1, 2, 4, 5]
total successes of this branch: 5
Matrix on 5 elements:

0    0.00000000  0.55674655  0.41838090  0.18960759  0.47857619
1    0.55674655  0.00000000  0.58307798  0.61769594  0.58643988
2    0.41838090  0.58307798  0.00000000  0.40363024  0.21893290
4    0.18960759  0.61769594  0.40363024  0.00000000  0.47244479
5    0.47857619  0.58643988  0.21893290  0.47244479  0.00000000

--------------------------------------------------------------------------------
n=4
(result of R-step: (0,2:1)0.32394408)
V=[0, 2, 4, 5]
total successes of this branch: 0
reason of abort: negative delta/dxy

--------------------------------------------------------------------------------
n=4
(result of R-step: (0,2:4)0.76543105)
V=[0, 1, 2, 5]
total successes of this branch: 1
Matrix on 4 elements:

0    0.00000000  0.53277603  0.33341411  0.45460567
1    0.53277603  0.00000000  0.52208172  0.58643988
2    0.33341411  0.52208172  0.00000000  0.15793664
5    0.45460567  0.58643988  0.15793664  0.00000000

--------------------------------------------------------------------------------
n=4
(result of R-step: (0,5:1)0.45386824)
V=[0, 2, 4, 5]
total successes of this branch: 1
Matrix on 4 elements:

0    0.00000000  0.39441037  0.16563707  0.36707425
2    0.39441037  0.00000000  0.40363024  0.13140148
4    0.16563707  0.40363024  0.00000000  0.38491337
5    0.36707425  0.13140148  0.38491337  0.00000000

--------------------------------------------------------------------------------
n=4
(result of R-step: (0,5:2)0.25855910)
V=[0, 1, 4, 5]
total successes of this branch: 0
Matrix on 4 elements:

0    0.00000000  0.44220919  0.07507023  0.30275473
1    0.44220919  0.00000000  0.61769594  0.52515577
4    0.07507023  0.61769594  0.00000000  0.41116069
5    0.30275473  0.52515577  0.41116069  0.00000000
reason of abort: no pseudometric

--------------------------------------------------------------------------------
n=4
(result of R-step: (0,5:4)0.66963599)
V=[0, 1, 2, 5]
total successes of this branch: 0
reason of abort: negative delta/dxy

--------------------------------------------------------------------------------
n=4
(result of R-step: (1,2:5)0.11386063)
V=[0, 1, 2, 4]
total successes of this branch: 1
Matrix on 4 elements:

0    0.00000000  0.44559915  0.35738463  0.18960759
1    0.44559915  0.00000000  0.41093432  0.50654854
2    0.35738463  0.41093432  0.00000000  0.34263398
4    0.18960759  0.50654854  0.34263398  0.00000000

--------------------------------------------------------------------------------
n=4
(result of R-step: (1,4:0)0.13168687)
V=[1, 2, 4, 5]
total successes of this branch: 1
Matrix on 4 elements:

1    0.00000000  0.47193058  0.43909281  0.47529248
2    0.47193058  0.00000000  0.33617451  0.21893290
4    0.43909281  0.33617451  0.00000000  0.40498906
5    0.47529248  0.21893290  0.40498906  0.00000000

--------------------------------------------------------------------------------
n=4
(result of R-step: (2,4:1)0.52488418)
V=[0, 2, 4, 5]
total successes of this branch: 0
Matrix on 4 elements:

0    0.00000000  0.28097211  0.02251429  0.47857619
2    0.28097211  0.00000000  0.09912815  0.08152411
4    0.02251429  0.09912815  0.00000000  0.30535149
5    0.47857619  0.08152411  0.30535149  0.00000000
reason of abort: no pseudometric

--------------------------------------------------------------------------------
n=4
(result of R-step: (4,5:1)0.60374770)
V=[0, 2, 4, 5]
total successes of this branch: 0
Matrix on 4 elements:

0    0.00000000  0.41838090  0.04231583  0.41729209
2    0.41838090  0.00000000  0.25633848  0.15764879
4    0.04231583  0.25633848  0.00000000  0.26386893
5    0.41729209  0.15764879  0.26386893  0.00000000
reason of abort: no pseudometric

--------------------------------------------------------------------------------
n=4
(result of R-step: (4,5:2)0.17747976)
V=[0, 1, 4, 5]
total successes of this branch: 1
Matrix on 4 elements:

0    0.00000000  0.55674655  0.12215185  0.39104477
1    0.55674655  0.00000000  0.55024020  0.49890846
4    0.12215185  0.55024020  0.00000000  0.31745764
5    0.39104477  0.49890846  0.31745764  0.00000000
