n=20
V=[0, 1, 2, 3, 4, 5, 6, 7, 8, 9, 10, 11, 12, 13, 14, 15, 16, 17, 18, 19]
total successes of this branch: 5
Matrix on 20 elements:

0    0.00000000  1.96484754  1.95958718  1.95765990  1.95933790  1.91802629  1.95957508  1.94549675  1.93422542  1.92696817  1.95824564  1.95667990  1.95361537  1.95811694  1.43042084  1.96215116  1.95879411  1.93450520  1.47970802  1.95653633
1    1.96484754  0.00000000  1.93623377  1.89604434  1.88356106  1.94217868  1.93367697  1.93824928  1.81519203  1.94089963  1.90755386  1.91132366  1.93499709  1.89264429  1.67639022  1.36759765  1.42230043  1.81824655  1.54752119  1.90686541
2    1.95958718  1.93623377  0.00000000  1.93844267  1.93792699  1.80110913  1.63173974  1.67110889  1.84785931  1.70779950  1.84464099  1.82332895  1.64564153  1.93830221  1.95140077  1.93706242  1.91518683  1.84347202  1.95000201  1.85710248
3    1.95765990  1.89604434  1.93844267  0.00000000  1.85505610  1.94243532  1.93439498  1.93979630  1.92638505  1.94157629  1.51367111  1.56600494  1.93570754  1.35325424  1.93606091  1.87598498  1.88224351  1.92671794  1.93237041  0.73043963
4    1.95933790  1.88356106  1.93792699  1.85505610  0.00000000  1.94237540  1.92230600  1.93943514  1.92202692  1.94141832  1.87562374  1.88346062  1.92579925  1.66722104  1.93277476  1.38903394  1.44174082  1.92245903  1.92823606  1.87470856
5    1.91802629  1.94217868  1.80110913  1.94243532  1.94237540  0.00000000  1.80796638  1.73442809  1.70212873  1.46072570  1.90130949  1.88081424  1.74449963  1.94241900  1.92649277  1.94227496  1.89632695  1.70293046  1.92793940  1.88744876
6    1.95957508  1.93367697  1.63173974  1.93439498  1.92230600  1.80796638  0.00000000  1.69148602  1.85145950  1.77005099  1.74902921  1.74196214  1.36947159  1.93110233  1.95049664  1.92811210  1.91303037  1.84748865  1.94894546  1.77745919
7    1.94549675  1.93824928  1.67110889  1.93979630  1.93943514  1.73442809  1.69148602  0.00000000  1.80494577  1.72080488  1.86385337  1.79281586  1.69684476  1.93969793  1.94295619  1.93882963  1.91802635  1.77558908  1.94252210  1.87230433
8    1.93422542  1.81519203  1.84785931  1.92638505  1.92202692  1.70212873  1.85145950  1.80494577  0.00000000  1.73348285  1.90346990  1.89136983  1.82989637  1.92519804  1.89249894  1.86747629  1.85469103  0.65161119  1.88536936  1.89958048
9    1.92696817  1.94089963  1.70779950  1.94157629  1.94141832  1.46072570  1.77005099  1.72080488  1.73348285  0.00000000  1.88911719  1.86844620  1.68046040  1.94153327  1.93185176  1.94115347  1.82588251  1.73316816  1.93268620  1.86903826
10    1.95824564  1.90755386  1.84464099  1.51367111  1.87562374  1.90130949  1.74902921  1.86385337  1.90346990  1.88911719  0.00000000  1.35647212  1.77463373  1.61225544  1.94047592  1.89192748  1.89165933  1.90248655  1.93743970  1.58616656
11    1.95667990  1.91132366  1.82332895  1.56600494  1.88346062  1.88081424  1.74196214  1.79281586  1.89136983  1.86844620  1.35647212  0.00000000  1.76508021  1.65246973  1.94078053  1.89768768  1.89489755  1.88892353  1.93806389  1.62130808
12    1.95361537  1.93499709  1.64564153  1.93570754  1.92579925  1.74449963  1.36947159  1.69684476  1.82989637  1.68046040  1.77463373  1.76508021  0.00000000  1.93300884  1.94708883  1.93049573  1.90663810  1.82659377  1.94597368  1.47209132
13    1.95811694  1.89264429  1.93830221  1.35325424  1.66722104  1.94241900  1.93110233  1.93969793  1.92519804  1.94153327  1.61225544  1.65246973  1.93300884  0.00000000  1.93516587  1.78232370  1.79751501  1.92555795  1.93124434  1.51431014
14    1.43042084  1.67639022  1.95140077  1.93606091  1.93277476  1.92649277  1.95049664  1.94295619  1.89249894  1.93185176  1.94047592  1.94078053  1.94708883  1.93516587  0.00000000  1.80186306  1.81426619  1.89375139  0.40791725  1.93912447
15    1.96215116  1.36759765  1.93706242  1.87598498  1.38903394  1.94227496  1.92811210  1.93882963  1.86747629  1.94115347  1.89192748  1.89768768  1.93049573  1.78232370  1.80186306  0.00000000  0.84834929  1.86924742  1.76181319  1.89112807
16    1.95879411  1.42230043  1.91518683  1.88224351  1.44174082  1.89632695  1.91303037  1.91802635  1.85469103  1.82588251  1.89165933  1.89489755  1.90663810  1.79751501  1.81426619  0.84834929  0.00000000  1.85626314  1.77811739  1.88902033
17    1.93450520  1.81824655  1.84347202  1.92671794  1.92245903  1.70293046  1.84748865  1.77558908  0.65161119  1.73316816  1.90248655  1.88892353  1.82659377  1.92555795  1.89375139  1.86924742  1.85626314  0.00000000  1.88678800  1.89890344
18    1.47970802  1.54752119  1.95000201  1.93237041  1.92823606  1.92793940  1.94894546  1.94252210  1.88536936  1.93268620  1.93743970  1.93806389  1.94597368  1.93124434  0.40791725  1.76181319  1.77811739  1.88678800  0.00000000  1.93614940
19    1.95653633  1.90686541  1.85710248  0.73043963  1.87470856  1.88744876  1.77745919  1.87230433  1.89958048  1.86903826  1.58616656  1.62130808  1.47209132  1.51431014  1.93912447  1.89112807  1.88902033  1.89890344  1.93614940  0.00000000

--------------------------------------------------------------------------------
n=19
(result of R-step: (1,14:18)0.09222440)
V=[0, 1, 2, 3, 4, 5, 6, 7, 8, 9, 10, 11, 12, 13, 14, 15, 16, 17, 19]
total successes of this branch: 5
Matrix on 19 elements:

0    0.00000000  1.82532344  1.95958718  1.95765990  1.95933790  1.91802629  1.95957508  1.94549675  1.93422542  1.92696817  1.95824564  1.95667990  1.95361537  1.95811694  1.29089673  1.96215116  1.95879411  1.93450520  1.95653633
1    1.82532344  0.00000000  1.79670966  1.75652023  1.74403695  1.80265458  1.79415286  1.79872517  1.67566792  1.80137552  1.76802975  1.77179956  1.79547298  1.75312018  1.39734201  1.22807355  1.28277633  1.67872244  1.76734131
2    1.95958718  1.79670966  0.00000000  1.93844267  1.93792699  1.80110913  1.63173974  1.67110889  1.84785931  1.70779950  1.84464099  1.82332895  1.64564153  1.93830221  1.81187667  1.93706242  1.91518683  1.84347202  1.85710248
3    1.95765990  1.75652023  1.93844267  0.00000000  1.85505610  1.94243532  1.93439498  1.93979630  1.92638505  1.94157629  1.51367111  1.56600494  1.93570754  1.35325424  1.79653681  1.87598498  1.88224351  1.92671794  0.73043963
4    1.95933790  1.74403695  1.93792699  1.85505610  0.00000000  1.94237540  1.92230600  1.93943514  1.92202692  1.94141832  1.87562374  1.88346062  1.92579925  1.66722104  1.79325065  1.38903394  1.44174082  1.92245903  1.87470856
5    1.91802629  1.80265458  1.80110913  1.94243532  1.94237540  0.00000000  1.80796638  1.73442809  1.70212873  1.46072570  1.90130949  1.88081424  1.74449963  1.94241900  1.78696867  1.94227496  1.89632695  1.70293046  1.88744876
6    1.95957508  1.79415286  1.63173974  1.93439498  1.92230600  1.80796638  0.00000000  1.69148602  1.85145950  1.77005099  1.74902921  1.74196214  1.36947159  1.93110233  1.81097254  1.92811210  1.91303037  1.84748865  1.77745919
7    1.94549675  1.79872517  1.67110889  1.93979630  1.93943514  1.73442809  1.69148602  0.00000000  1.80494577  1.72080488  1.86385337  1.79281586  1.69684476  1.93969793  1.80343209  1.93882963  1.91802635  1.77558908  1.87230433
8    1.93422542  1.67566792  1.84785931  1.92638505  1.92202692  1.70212873  1.85145950  1.80494577  0.00000000  1.73348285  1.90346990  1.89136983  1.82989637  1.92519804  1.75297483  1.86747629  1.85469103  0.65161119  1.89958048
9    1.92696817  1.80137552  1.70779950  1.94157629  1.94141832  1.46072570  1.77005099  1.72080488  1.73348285  0.00000000  1.88911719  1.86844620  1.68046040  1.94153327  1.79232766  1.94115347  1.82588251  1.73316816  1.86903826
10    1.95824564  1.76802975  1.84464099  1.51367111  1.87562374  1.90130949  1.74902921  1.86385337  1.90346990  1.88911719  0.00000000  1.35647212  1.77463373  1.61225544  1.80095181  1.89192748  1.89165933  1.90248655  1.58616656
11    1.95667990  1.77179956  1.82332895  1.56600494  1.88346062  1.88081424  1.74196214  1.79281586  1.89136983  1.86844620  1.35647212  0.00000000  1.76508021  1.65246973  1.80125643  1.89768768  1.89489755  1.88892353  1.62130808
12    1.95361537  1.79547298  1.64564153  1.93570754  1.92579925  1.74449963  1.36947159  1.69684476  1.82989637  1.68046040  1.77463373  1.76508021  0.00000000  1.93300884  1.80756473  1.93049573  1.90663810  1.82659377  1.47209132
13    1.95811694  1.75312018  1.93830221  1.35325424  1.66722104  1.94241900  1.93110233  1.93969793  1.92519804  1.94153327  1.61225544  1.65246973  1.93300884  0.00000000  1.79564176  1.78232370  1.79751501  1.92555795  1.51431014
14    1.29089673  1.39734201  1.81187667  1.79653681  1.79325065  1.78696867  1.81097254  1.80343209  1.75297483  1.79232766  1.80095181  1.80125643  1.80756473  1.79564176  0.00000000  1.66233895  1.67474209  1.75422728  1.79960037
15    1.96215116  1.22807355  1.93706242  1.87598498  1.38903394  1.94227496  1.92811210  1.93882963  1.86747629  1.94115347  1.89192748  1.89768768  1.93049573  1.78232370  1.66233895  0.00000000  0.84834929  1.86924742  1.89112807
16    1.95879411  1.28277633  1.91518683  1.88224351  1.44174082  1.89632695  1.91303037  1.91802635  1.85469103  1.82588251  1.89165933  1.89489755  1.90663810  1.79751501  1.67474209  0.84834929  0.00000000  1.85626314  1.88902033
17    1.93450520  1.67872244  1.84347202  1.92671794  1.92245903  1.70293046  1.84748865  1.77558908  0.65161119  1.73316816  1.90248655  1.88892353  1.82659377  1.92555795  1.75422728  1.86924742  1.85626314  0.00000000  1.89890344
19    1.95653633  1.76734131  1.85710248  0.73043963  1.87470856  1.88744876  1.77745919  1.87230433  1.89958048  1.86903826  1.58616656  1.62130808  1.47209132  1.51431014  1.79960037  1.89112807  1.88902033  1.89890344  0.00000000

--------------------------------------------------------------------------------
n=18
(result of R-step: (3,12:19)0.72219987)
V=[0, 1, 2, 3, 4, 5, 6, 7, 8, 9, 10, 11, 12, 13, 14, 15, 16, 17]
total successes of this branch: 5
Matrix on 18 elements:

0    0.00000000  1.82532344  1.95958718  1.82424820  1.95933790  1.91802629  1.95957508  1.94549675  1.93422542  1.92696817  1.95824564  1.95667990  1.82020366  1.95811694  1.29089673  1.96215116  1.95879411  1.93450520
1    1.82532344  0.00000000  1.79670966  1.62310853  1.74403695  1.80265458  1.79415286  1.79872517  1.67566792  1.80137552  1.76802975  1.77179956  1.66206128  1.75312018  1.39734201  1.22807355  1.28277633  1.67872244
2    1.95958718  1.79670966  0.00000000  1.80503096  1.93792699  1.80110913  1.63173974  1.67110889  1.84785931  1.70779950  1.84464099  1.82332895  1.51222983  1.93830221  1.81187667  1.93706242  1.91518683  1.84347202
3    1.82424820  1.62310853  1.80503096  0.00000000  1.72164440  1.80902361  1.80098327  1.80638460  1.79297335  1.80816459  1.38025941  1.43259324  1.66888413  1.21984253  1.66312510  1.74257327  1.74883180  1.79330624
4    1.95933790  1.74403695  1.93792699  1.72164440  0.00000000  1.94237540  1.92230600  1.93943514  1.92202692  1.94141832  1.87562374  1.88346062  1.79238754  1.66722104  1.79325065  1.38903394  1.44174082  1.92245903
5    1.91802629  1.80265458  1.80110913  1.80902361  1.94237540  0.00000000  1.80796638  1.73442809  1.70212873  1.46072570  1.90130949  1.88081424  1.61108792  1.94241900  1.78696867  1.94227496  1.89632695  1.70293046
6    1.95957508  1.79415286  1.63173974  1.80098327  1.92230600  1.80796638  0.00000000  1.69148602  1.85145950  1.77005099  1.74902921  1.74196214  1.23605989  1.93110233  1.81097254  1.92811210  1.91303037  1.84748865
7    1.94549675  1.79872517  1.67110889  1.80638460  1.93943514  1.73442809  1.69148602  0.00000000  1.80494577  1.72080488  1.86385337  1.79281586  1.56343306  1.93969793  1.80343209  1.93882963  1.91802635  1.77558908
8    1.93422542  1.67566792  1.84785931  1.79297335  1.92202692  1.70212873  1.85145950  1.80494577  0.00000000  1.73348285  1.90346990  1.89136983  1.69648467  1.92519804  1.75297483  1.86747629  1.85469103  0.65161119
9    1.92696817  1.80137552  1.70779950  1.80816459  1.94141832  1.46072570  1.77005099  1.72080488  1.73348285  0.00000000  1.88911719  1.86844620  1.54704869  1.94153327  1.79232766  1.94115347  1.82588251  1.73316816
10    1.95824564  1.76802975  1.84464099  1.38025941  1.87562374  1.90130949  1.74902921  1.86385337  1.90346990  1.88911719  0.00000000  1.35647212  1.64122202  1.61225544  1.80095181  1.89192748  1.89165933  1.90248655
11    1.95667990  1.77179956  1.82332895  1.43259324  1.88346062  1.88081424  1.74196214  1.79281586  1.89136983  1.86844620  1.35647212  0.00000000  1.63166850  1.65246973  1.80125643  1.89768768  1.89489755  1.88892353
12    1.82020366  1.66206128  1.51222983  1.66888413  1.79238754  1.61108792  1.23605989  1.56343306  1.69648467  1.54704869  1.64122202  1.63166850  0.00000000  1.79959713  1.67415302  1.79708402  1.77322639  1.69318207
13    1.95811694  1.75312018  1.93830221  1.21984253  1.66722104  1.94241900  1.93110233  1.93969793  1.92519804  1.94153327  1.61225544  1.65246973  1.79959713  0.00000000  1.79564176  1.78232370  1.79751501  1.92555795
14    1.29089673  1.39734201  1.81187667  1.66312510  1.79325065  1.78696867  1.81097254  1.80343209  1.75297483  1.79232766  1.80095181  1.80125643  1.67415302  1.79564176  0.00000000  1.66233895  1.67474209  1.75422728
15    1.96215116  1.22807355  1.93706242  1.74257327  1.38903394  1.94227496  1.92811210  1.93882963  1.86747629  1.94115347  1.89192748  1.89768768  1.79708402  1.78232370  1.66233895  0.00000000  0.84834929  1.86924742
16    1.95879411  1.28277633  1.91518683  1.74883180  1.44174082  1.89632695  1.91303037  1.91802635  1.85469103  1.82588251  1.89165933  1.89489755  1.77322639  1.79751501  1.67474209  0.84834929  0.00000000  1.85626314
17    1.93450520  1.67872244  1.84347202  1.79330624  1.92245903  1.70293046  1.84748865  1.77558908  0.65161119  1.73316816  1.90248655  1.88892353  1.69318207  1.92555795  1.75422728  1.86924742  1.85626314  0.00000000

--------------------------------------------------------------------------------
n=17
(result of R-step: (7,8:17)0.02482194)
V=[0, 1, 2, 3, 4, 5, 6, 7, 8, 9, 10, 11, 12, 13, 14, 15, 16]
total successes of this branch: 5
Matrix on 17 elements:

0    0.00000000  1.82532344  1.95958718  1.82424820  1.95933790  1.91802629  1.95957508  1.63436951  1.62309818  1.92696817  1.95824564  1.95667990  1.82020366  1.95811694  1.29089673  1.96215116  1.95879411
1    1.82532344  0.00000000  1.79670966  1.62310853  1.74403695  1.80265458  1.79415286  1.48759793  1.36454067  1.80137552  1.76802975  1.77179956  1.66206128  1.75312018  1.39734201  1.22807355  1.28277633
2    1.95958718  1.79670966  0.00000000  1.80503096  1.93792699  1.80110913  1.63173974  1.35998164  1.53673206  1.70779950  1.84464099  1.82332895  1.51222983  1.93830221  1.81187667  1.93706242  1.91518683
3    1.82424820  1.62310853  1.80503096  0.00000000  1.72164440  1.80902361  1.80098327  1.49525735  1.48184610  1.80816459  1.38025941  1.43259324  1.66888413  1.21984253  1.66312510  1.74257327  1.74883180
4    1.95933790  1.74403695  1.93792699  1.72164440  0.00000000  1.94237540  1.92230600  1.62830789  1.61089968  1.94141832  1.87562374  1.88346062  1.79238754  1.66722104  1.79325065  1.38903394  1.44174082
5    1.91802629  1.80265458  1.80110913  1.80902361  1.94237540  0.00000000  1.80796638  1.42330085  1.39100148  1.46072570  1.90130949  1.88081424  1.61108792  1.94241900  1.78696867  1.94227496  1.89632695
6    1.95957508  1.79415286  1.63173974  1.80098327  1.92230600  1.80796638  0.00000000  1.38035878  1.54033225  1.77005099  1.74902921  1.74196214  1.23605989  1.93110233  1.81097254  1.92811210  1.91303037
7    1.63436951  1.48759793  1.35998164  1.49525735  1.62830789  1.42330085  1.38035878  0.00000000  1.18269128  1.40967764  1.55272612  1.48168862  1.25230581  1.62857068  1.49230484  1.62770238  1.60689911
8    1.62309818  1.36454067  1.53673206  1.48184610  1.61089968  1.39100148  1.54033225  1.18269128  0.00000000  1.42235560  1.59234266  1.58024259  1.38535742  1.61407079  1.44184759  1.55634904  1.54356379
9    1.92696817  1.80137552  1.70779950  1.80816459  1.94141832  1.46072570  1.77005099  1.40967764  1.42235560  0.00000000  1.88911719  1.86844620  1.54704869  1.94153327  1.79232766  1.94115347  1.82588251
10    1.95824564  1.76802975  1.84464099  1.38025941  1.87562374  1.90130949  1.74902921  1.55272612  1.59234266  1.88911719  0.00000000  1.35647212  1.64122202  1.61225544  1.80095181  1.89192748  1.89165933
11    1.95667990  1.77179956  1.82332895  1.43259324  1.88346062  1.88081424  1.74196214  1.48168862  1.58024259  1.86844620  1.35647212  0.00000000  1.63166850  1.65246973  1.80125643  1.89768768  1.89489755
12    1.82020366  1.66206128  1.51222983  1.66888413  1.79238754  1.61108792  1.23605989  1.25230581  1.38535742  1.54704869  1.64122202  1.63166850  0.00000000  1.79959713  1.67415302  1.79708402  1.77322639
13    1.95811694  1.75312018  1.93830221  1.21984253  1.66722104  1.94241900  1.93110233  1.62857068  1.61407079  1.94153327  1.61225544  1.65246973  1.79959713  0.00000000  1.79564176  1.78232370  1.79751501
14    1.29089673  1.39734201  1.81187667  1.66312510  1.79325065  1.78696867  1.81097254  1.49230484  1.44184759  1.79232766  1.80095181  1.80125643  1.67415302  1.79564176  0.00000000  1.66233895  1.67474209
15    1.96215116  1.22807355  1.93706242  1.74257327  1.38903394  1.94227496  1.92811210  1.62770238  1.55634904  1.94115347  1.89192748  1.89768768  1.79708402  1.78232370  1.66233895  0.00000000  0.84834929
16    1.95879411  1.28277633  1.91518683  1.74883180  1.44174082  1.89632695  1.91303037  1.60689911  1.54356379  1.82588251  1.89165933  1.89489755  1.77322639  1.79751501  1.67474209  0.84834929  0.00000000

--------------------------------------------------------------------------------
n=16
(result of R-step: (7,10:11)0.12281328)
V=[0, 1, 2, 3, 4, 5, 6, 7, 8, 9, 10, 12, 13, 14, 15, 16]
total successes of this branch: 5
Matrix on 16 elements:

0    0.00000000  1.82532344  1.95958718  1.82424820  1.95933790  1.91802629  1.95957508  1.30277944  1.62309818  1.92696817  1.31552833  1.82020366  1.95811694  1.29089673  1.96215116  1.95879411
1    1.82532344  0.00000000  1.79670966  1.62310853  1.74403695  1.80265458  1.79415286  1.15600786  1.36454067  1.80137552  1.12531244  1.66206128  1.75312018  1.39734201  1.22807355  1.28277633
2    1.95958718  1.79670966  0.00000000  1.80503096  1.93792699  1.80110913  1.63173974  1.02839158  1.53673206  1.70779950  1.20192368  1.51222983  1.93830221  1.81187667  1.93706242  1.91518683
3    1.82424820  1.62310853  1.80503096  0.00000000  1.72164440  1.80902361  1.80098327  1.16366729  1.48184610  1.80816459  0.73754210  1.66888413  1.21984253  1.66312510  1.74257327  1.74883180
4    1.95933790  1.74403695  1.93792699  1.72164440  0.00000000  1.94237540  1.92230600  1.29671783  1.61089968  1.94141832  1.23290643  1.79238754  1.66722104  1.79325065  1.38903394  1.44174082
5    1.91802629  1.80265458  1.80110913  1.80902361  1.94237540  0.00000000  1.80796638  1.09171078  1.39100148  1.46072570  1.25859218  1.61108792  1.94241900  1.78696867  1.94227496  1.89632695
6    1.95957508  1.79415286  1.63173974  1.80098327  1.92230600  1.80796638  0.00000000  1.04876871  1.54033225  1.77005099  1.10631190  1.23605989  1.93110233  1.81097254  1.92811210  1.91303037
7    1.30277944  1.15600786  1.02839158  1.16366729  1.29671783  1.09171078  1.04876871  0.00000000  0.85110122  1.07808757  0.57841875  0.92071575  1.29698062  1.16071478  1.29611232  1.27530904
8    1.62309818  1.36454067  1.53673206  1.48184610  1.61089968  1.39100148  1.54033225  0.85110122  0.00000000  1.42235560  0.94962535  1.38535742  1.61407079  1.44184759  1.55634904  1.54356379
9    1.92696817  1.80137552  1.70779950  1.80816459  1.94141832  1.46072570  1.77005099  1.07808757  1.42235560  0.00000000  1.24639988  1.54704869  1.94153327  1.79232766  1.94115347  1.82588251
10    1.31552833  1.12531244  1.20192368  0.73754210  1.23290643  1.25859218  1.10631190  0.57841875  0.94962535  1.24639988  0.00000000  0.99850471  0.96953813  1.15823451  1.24921017  1.24894202
12    1.82020366  1.66206128  1.51222983  1.66888413  1.79238754  1.61108792  1.23605989  0.92071575  1.38535742  1.54704869  0.99850471  0.00000000  1.79959713  1.67415302  1.79708402  1.77322639
13    1.95811694  1.75312018  1.93830221  1.21984253  1.66722104  1.94241900  1.93110233  1.29698062  1.61407079  1.94153327  0.96953813  1.79959713  0.00000000  1.79564176  1.78232370  1.79751501
14    1.29089673  1.39734201  1.81187667  1.66312510  1.79325065  1.78696867  1.81097254  1.16071478  1.44184759  1.79232766  1.15823451  1.67415302  1.79564176  0.00000000  1.66233895  1.67474209
15    1.96215116  1.22807355  1.93706242  1.74257327  1.38903394  1.94227496  1.92811210  1.29611232  1.55634904  1.94115347  1.24921017  1.79708402  1.78232370  1.66233895  0.00000000  0.84834929
16    1.95879411  1.28277633  1.91518683  1.74883180  1.44174082  1.89632695  1.91303037  1.27530904  1.54356379  1.82588251  1.24894202  1.77322639  1.79751501  1.67474209  0.84834929  0.00000000

--------------------------------------------------------------------------------
n=15
(result of R-step: (9,15:16)0.09541704)
V=[0, 1, 2, 3, 4, 5, 6, 7, 8, 9, 10, 12, 13, 14, 15]
total successes of this branch: 5
Matrix on 15 elements:

0    0.00000000  1.82532344  1.95958718  1.82424820  1.95933790  1.91802629  1.95957508  1.30277944  1.62309818  1.56042900  1.31552833  1.82020366  1.95811694  1.29089673  1.59561200
1    1.82532344  0.00000000  1.79670966  1.62310853  1.74403695  1.80265458  1.79415286  1.15600786  1.36454067  1.43483635  1.12531244  1.66206128  1.75312018  1.39734201  0.86153438
2    1.95958718  1.79670966  0.00000000  1.80503096  1.93792699  1.80110913  1.63173974  1.02839158  1.53673206  1.34126034  1.20192368  1.51222983  1.93830221  1.81187667  1.57052325
3    1.82424820  1.62310853  1.80503096  0.00000000  1.72164440  1.80902361  1.80098327  1.16366729  1.48184610  1.44162542  0.73754210  1.66888413  1.21984253  1.66312510  1.37603411
4    1.95933790  1.74403695  1.93792699  1.72164440  0.00000000  1.94237540  1.92230600  1.29671783  1.61089968  1.57487915  1.23290643  1.79238754  1.66722104  1.79325065  1.02249477
5    1.91802629  1.80265458  1.80110913  1.80902361  1.94237540  0.00000000  1.80796638  1.09171078  1.39100148  1.09418653  1.25859218  1.61108792  1.94241900  1.78696867  1.57573579
6    1.95957508  1.79415286  1.63173974  1.80098327  1.92230600  1.80796638  0.00000000  1.04876871  1.54033225  1.40351182  1.10631190  1.23605989  1.93110233  1.81097254  1.56157293
7    1.30277944  1.15600786  1.02839158  1.16366729  1.29671783  1.09171078  1.04876871  0.00000000  0.85110122  0.71154841  0.57841875  0.92071575  1.29698062  1.16071478  0.92957315
8    1.62309818  1.36454067  1.53673206  1.48184610  1.61089968  1.39100148  1.54033225  0.85110122  0.00000000  1.05581644  0.94962535  1.38535742  1.61407079  1.44184759  1.18980988
9    1.56042900  1.43483635  1.34126034  1.44162542  1.57487915  1.09418653  1.40351182  0.71154841  1.05581644  0.00000000  0.87986071  1.18050953  1.57499410  1.42578849  1.20807514
10    1.31552833  1.12531244  1.20192368  0.73754210  1.23290643  1.25859218  1.10631190  0.57841875  0.94962535  0.87986071  0.00000000  0.99850471  0.96953813  1.15823451  0.88267100
12    1.82020366  1.66206128  1.51222983  1.66888413  1.79238754  1.61108792  1.23605989  0.92071575  1.38535742  1.18050953  0.99850471  0.00000000  1.79959713  1.67415302  1.43054486
13    1.95811694  1.75312018  1.93830221  1.21984253  1.66722104  1.94241900  1.93110233  1.29698062  1.61407079  1.57499410  0.96953813  1.79959713  0.00000000  1.79564176  1.41578453
14    1.29089673  1.39734201  1.81187667  1.66312510  1.79325065  1.78696867  1.81097254  1.16071478  1.44184759  1.42578849  1.15823451  1.67415302  1.79564176  0.00000000  1.29579978
15    1.59561200  0.86153438  1.57052325  1.37603411  1.02249477  1.57573579  1.56157293  0.92957315  1.18980988  1.20807514  0.88267100  1.43054486  1.41578453  1.29579978  0.00000000

--------------------------------------------------------------------------------
n=14
(result of R-step: (1,4:15)0.51060687)
V=[0, 1, 2, 3, 4, 5, 6, 7, 8, 9, 10, 12, 13, 14]
total successes of this branch: 5
Matrix on 14 elements:

0    0.00000000  1.52831228  1.95958718  1.82424820  1.52280264  1.91802629  1.95957508  1.30277944  1.62309818  1.56042900  1.31552833  1.82020366  1.95811694  1.29089673
1    1.52831228  0.00000000  1.49969851  1.32609737  1.01049053  1.50564342  1.49714170  0.85899670  1.06752951  1.13782519  0.82830128  1.36505012  1.45610902  1.10033085
2    1.95958718  1.49969851  0.00000000  1.80503096  1.50139172  1.80110913  1.63173974  1.02839158  1.53673206  1.34126034  1.20192368  1.51222983  1.93830221  1.81187667
3    1.82424820  1.32609737  1.80503096  0.00000000  1.28510913  1.80902361  1.80098327  1.16366729  1.48184610  1.44162542  0.73754210  1.66888413  1.21984253  1.66312510
4    1.52280264  1.01049053  1.50139172  1.28510913  0.00000000  1.50584014  1.48577074  0.86018256  1.17436441  1.13834389  0.79637116  1.35585228  1.23068578  1.35671539
5    1.91802629  1.50564342  1.80110913  1.80902361  1.50584014  0.00000000  1.80796638  1.09171078  1.39100148  1.09418653  1.25859218  1.61108792  1.94241900  1.78696867
6    1.95957508  1.49714170  1.63173974  1.80098327  1.48577074  1.80796638  0.00000000  1.04876871  1.54033225  1.40351182  1.10631190  1.23605989  1.93110233  1.81097254
7    1.30277944  0.85899670  1.02839158  1.16366729  0.86018256  1.09171078  1.04876871  0.00000000  0.85110122  0.71154841  0.57841875  0.92071575  1.29698062  1.16071478
8    1.62309818  1.06752951  1.53673206  1.48184610  1.17436441  1.39100148  1.54033225  0.85110122  0.00000000  1.05581644  0.94962535  1.38535742  1.61407079  1.44184759
9    1.56042900  1.13782519  1.34126034  1.44162542  1.13834389  1.09418653  1.40351182  0.71154841  1.05581644  0.00000000  0.87986071  1.18050953  1.57499410  1.42578849
10    1.31552833  0.82830128  1.20192368  0.73754210  0.79637116  1.25859218  1.10631190  0.57841875  0.94962535  0.87986071  0.00000000  0.99850471  0.96953813  1.15823451
12    1.82020366  1.36505012  1.51222983  1.66888413  1.35585228  1.61108792  1.23605989  0.92071575  1.38535742  1.18050953  0.99850471  0.00000000  1.79959713  1.67415302
13    1.95811694  1.45610902  1.93830221  1.21984253  1.23068578  1.94241900  1.93110233  1.29698062  1.61407079  1.57499410  0.96953813  1.79959713  0.00000000  1.79564176
14    1.29089673  1.10033085  1.81187667  1.66312510  1.35671539  1.78696867  1.81097254  1.16071478  1.44184759  1.42578849  1.15823451  1.67415302  1.79564176  0.00000000

--------------------------------------------------------------------------------
n=13
(result of R-step: (0,1:14)0.64945568)
V=[0, 1, 2, 3, 4, 5, 6, 7, 8, 9, 10, 12, 13]
total successes of this branch: 5
Matrix on 13 elements:

0    0.00000000  0.82288403  1.38860542  1.25326644  0.95182088  1.34704453  1.38859332  0.73179768  1.05211642  0.98944724  0.74454657  1.24922190  1.38713518
1    0.82288403  0.00000000  1.36525201  1.19165087  0.87604403  1.37119692  1.36269521  0.72455021  0.93308302  1.00337870  0.69385479  1.23060363  1.32166253
2    1.38860542  1.36525201  0.00000000  1.80503096  1.50139172  1.80110913  1.63173974  1.02839158  1.53673206  1.34126034  1.20192368  1.51222983  1.93830221
3    1.25326644  1.19165087  1.80503096  0.00000000  1.28510913  1.80902361  1.80098327  1.16366729  1.48184610  1.44162542  0.73754210  1.66888413  1.21984253
4    0.95182088  0.87604403  1.50139172  1.28510913  0.00000000  1.50584014  1.48577074  0.86018256  1.17436441  1.13834389  0.79637116  1.35585228  1.23068578
5    1.34704453  1.37119692  1.80110913  1.80902361  1.50584014  0.00000000  1.80796638  1.09171078  1.39100148  1.09418653  1.25859218  1.61108792  1.94241900
6    1.38859332  1.36269521  1.63173974  1.80098327  1.48577074  1.80796638  0.00000000  1.04876871  1.54033225  1.40351182  1.10631190  1.23605989  1.93110233
7    0.73179768  0.72455021  1.02839158  1.16366729  0.86018256  1.09171078  1.04876871  0.00000000  0.85110122  0.71154841  0.57841875  0.92071575  1.29698062
8    1.05211642  0.93308302  1.53673206  1.48184610  1.17436441  1.39100148  1.54033225  0.85110122  0.00000000  1.05581644  0.94962535  1.38535742  1.61407079
9    0.98944724  1.00337870  1.34126034  1.44162542  1.13834389  1.09418653  1.40351182  0.71154841  1.05581644  0.00000000  0.87986071  1.18050953  1.57499410
10    0.74454657  0.69385479  1.20192368  0.73754210  0.79637116  1.25859218  1.10631190  0.57841875  0.94962535  0.87986071  0.00000000  0.99850471  0.96953813
12    1.24922190  1.23060363  1.51222983  1.66888413  1.35585228  1.61108792  1.23605989  0.92071575  1.38535742  1.18050953  0.99850471  0.00000000  1.79959713
13    1.38713518  1.32166253  1.93830221  1.21984253  1.23068578  1.94241900  1.93110233  1.29698062  1.61407079  1.57499410  0.96953813  1.79959713  0.00000000

--------------------------------------------------------------------------------
n=12
(result of R-step: (3,4:13)0.72763196)
V=[0, 1, 2, 3, 4, 5, 6, 7, 8, 9, 10, 12]
total successes of this branch: 5
Matrix on 12 elements:

0    0.00000000  0.82288403  1.38860542  0.80396855  0.80564656  1.34704453  1.38859332  0.73179768  1.05211642  0.98944724  0.74454657  1.24922190
1    0.82288403  0.00000000  1.36525201  0.74235299  0.72986971  1.37119692  1.36269521  0.72455021  0.93308302  1.00337870  0.69385479  1.23060363
2    1.38860542  1.36525201  0.00000000  1.35573308  1.35521740  1.80110913  1.63173974  1.02839158  1.53673206  1.34126034  1.20192368  1.51222983
3    0.80396855  0.74235299  1.35573308  0.00000000  0.68963693  1.35972573  1.35168539  0.71436940  1.03254822  0.99232754  0.28824421  1.21958625
4    0.80564656  0.72986971  1.35521740  0.68963693  0.00000000  1.35966582  1.33959641  0.71400824  1.02819009  0.99216957  0.65019684  1.20967796
5    1.34704453  1.37119692  1.80110913  1.35972573  1.35966582  0.00000000  1.80796638  1.09171078  1.39100148  1.09418653  1.25859218  1.61108792
6    1.38859332  1.36269521  1.63173974  1.35168539  1.33959641  1.80796638  0.00000000  1.04876871  1.54033225  1.40351182  1.10631190  1.23605989
7    0.73179768  0.72455021  1.02839158  0.71436940  0.71400824  1.09171078  1.04876871  0.00000000  0.85110122  0.71154841  0.57841875  0.92071575
8    1.05211642  0.93308302  1.53673206  1.03254822  1.02819009  1.39100148  1.54033225  0.85110122  0.00000000  1.05581644  0.94962535  1.38535742
9    0.98944724  1.00337870  1.34126034  0.99232754  0.99216957  1.09418653  1.40351182  0.71154841  1.05581644  0.00000000  0.87986071  1.18050953
10    0.74454657  0.69385479  1.20192368  0.28824421  0.65019684  1.25859218  1.10631190  0.57841875  0.94962535  0.87986071  0.00000000  0.99850471
12    1.24922190  1.23060363  1.51222983  1.21958625  1.20967796  1.61108792  1.23605989  0.92071575  1.38535742  1.18050953  0.99850471  0.00000000

--------------------------------------------------------------------------------
n=11
(result of R-step: (6,9:12)0.81722547)
V=[0, 1, 2, 3, 4, 5, 6, 7, 8, 9, 10]
total successes of this branch: 5
Matrix on 11 elements:

0    0.00000000  0.82288403  1.38860542  0.80396855  0.80564656  1.34704453  0.74865282  0.73179768  1.05211642  0.71604591  0.74454657
1    0.82288403  0.00000000  1.36525201  0.74235299  0.72986971  1.37119692  0.72275471  0.72455021  0.93308302  0.72997737  0.69385479
2    1.38860542  1.36525201  0.00000000  1.35573308  1.35521740  1.80110913  0.99179924  1.02839158  1.53673206  1.06785900  1.20192368
3    0.80396855  0.74235299  1.35573308  0.00000000  0.68963693  1.35972573  0.71174489  0.71436940  1.03254822  0.71892620  0.28824421
4    0.80564656  0.72986971  1.35521740  0.68963693  0.00000000  1.35966582  0.69965591  0.71400824  1.02819009  0.71876823  0.65019684
5    1.34704453  1.37119692  1.80110913  1.35972573  1.35966582  0.00000000  1.16802588  1.09171078  1.39100148  0.82078520  1.25859218
6    0.74865282  0.72275471  0.99179924  0.71174489  0.69965591  1.16802588  0.00000000  0.40882821  0.90039175  0.49016998  0.46637140
7    0.73179768  0.72455021  1.02839158  0.71436940  0.71400824  1.09171078  0.40882821  0.00000000  0.85110122  0.43814707  0.57841875
8    1.05211642  0.93308302  1.53673206  1.03254822  1.02819009  1.39100148  0.90039175  0.85110122  0.00000000  0.78241510  0.94962535
9    0.71604591  0.72997737  1.06785900  0.71892620  0.71876823  0.82078520  0.49016998  0.43814707  0.78241510  0.00000000  0.60645938
10    0.74454657  0.69385479  1.20192368  0.28824421  0.65019684  1.25859218  0.46637140  0.57841875  0.94962535  0.60645938  0.00000000

--------------------------------------------------------------------------------
n=10
(result of R-step: (2,5:9)0.21515131)
V=[0, 1, 2, 3, 4, 5, 6, 7, 8, 10]
total successes of this branch: 5
Matrix on 10 elements:

0    0.00000000  0.82288403  0.70489738  0.80396855  0.80564656  0.66333649  0.74865282  0.73179768  1.05211642  0.74454657
1    0.82288403  0.00000000  0.68154398  0.74235299  0.72986971  0.68748889  0.72275471  0.72455021  0.93308302  0.69385479
2    0.70489738  0.68154398  0.00000000  0.67202504  0.67150936  0.43369306  0.30809121  0.34468354  0.85302403  0.51821565
3    0.80396855  0.74235299  0.67202504  0.00000000  0.68963693  0.67601769  0.71174489  0.71436940  1.03254822  0.28824421
4    0.80564656  0.72986971  0.67150936  0.68963693  0.00000000  0.67595778  0.69965591  0.71400824  1.02819009  0.65019684
5    0.66333649  0.68748889  0.43369306  0.67601769  0.67595778  0.00000000  0.48431784  0.40800275  0.70729344  0.57488414
6    0.74865282  0.72275471  0.30809121  0.71174489  0.69965591  0.48431784  0.00000000  0.40882821  0.90039175  0.46637140
7    0.73179768  0.72455021  0.34468354  0.71436940  0.71400824  0.40800275  0.40882821  0.00000000  0.85110122  0.57841875
8    1.05211642  0.93308302  0.85302403  1.03254822  1.02819009  0.70729344  0.90039175  0.85110122  0.00000000  0.94962535
10    0.74454657  0.69385479  0.51821565  0.28824421  0.65019684  0.57488414  0.46637140  0.57841875  0.94962535  0.00000000

--------------------------------------------------------------------------------
n=9
(result of R-step: (1,5:8)0.34597817)
V=[0, 1, 2, 3, 4, 5, 6, 7, 10]
total successes of this branch: 5
Matrix on 9 elements:

0    0.00000000  0.60629475  0.70489738  0.80396855  0.80564656  0.55947350  0.74865282  0.73179768  0.74454657
1    0.60629475  0.00000000  0.46495470  0.52576371  0.51328044  0.36703661  0.50616543  0.50796094  0.47726551
2    0.70489738  0.46495470  0.00000000  0.67202504  0.67150936  0.32983006  0.30809121  0.34468354  0.51821565
3    0.80396855  0.52576371  0.67202504  0.00000000  0.68963693  0.57215470  0.71174489  0.71436940  0.28824421
4    0.80564656  0.51328044  0.67150936  0.68963693  0.00000000  0.57209478  0.69965591  0.71400824  0.65019684
5    0.55947350  0.36703661  0.32983006  0.57215470  0.57209478  0.00000000  0.38045484  0.30413975  0.47102115
6    0.74865282  0.50616543  0.30809121  0.71174489  0.69965591  0.38045484  0.00000000  0.40882821  0.46637140
7    0.73179768  0.50796094  0.34468354  0.71436940  0.71400824  0.30413975  0.40882821  0.00000000  0.57841875
10    0.74454657  0.47726551  0.51821565  0.28824421  0.65019684  0.47102115  0.46637140  0.57841875  0.00000000

--------------------------------------------------------------------------------
n=8
(result of R-step: (2,5:7)0.66096907)
V=[0, 1, 2, 3, 4, 5, 6, 10]
total successes of this branch: 5
Matrix on 8 elements:

0    0.00000000  0.60629475  0.58639150  0.80396855  0.80564656  0.54483061  0.74865282  0.74454657
1    0.60629475  0.00000000  0.34644881  0.52576371  0.51328044  0.35239373  0.50616543  0.47726551
2    0.58639150  0.34644881  0.00000000  0.55351916  0.55300348  0.19668129  0.18958532  0.39970976
3    0.80396855  0.52576371  0.55351916  0.00000000  0.68963693  0.55751181  0.71174489  0.28824421
4    0.80564656  0.51328044  0.55300348  0.68963693  0.00000000  0.55745189  0.69965591  0.65019684
5    0.54483061  0.35239373  0.19668129  0.55751181  0.55745189  0.00000000  0.36581195  0.45637826
6    0.74865282  0.50616543  0.18958532  0.71174489  0.69965591  0.36581195  0.00000000  0.46637140
10    0.74454657  0.47726551  0.39970976  0.28824421  0.65019684  0.45637826  0.46637140  0.00000000

--------------------------------------------------------------------------------
n=7
(result of R-step: (3,6:10)0.69416113)
V=[0, 1, 2, 3, 4, 5, 6]
total successes of this branch: 5
Matrix on 7 elements:

0    0.00000000  0.60629475  0.58639150  0.72252547  0.80564656  0.54483061  0.72444065
1    0.60629475  0.00000000  0.34644881  0.44432063  0.51328044  0.35239373  0.48195326
2    0.58639150  0.34644881  0.00000000  0.47207607  0.55300348  0.19668129  0.16537315
3    0.72252547  0.44432063  0.47207607  0.00000000  0.60819384  0.47606872  0.60608963
4    0.80564656  0.51328044  0.55300348  0.60819384  0.00000000  0.55745189  0.67544374
5    0.54483061  0.35239373  0.19668129  0.47606872  0.55745189  0.00000000  0.34159978
6    0.72444065  0.48195326  0.16537315  0.60608963  0.67544374  0.34159978  0.00000000

--------------------------------------------------------------------------------
n=6
(result of R-step: (2,4:6)0.95145872)
V=[0, 1, 2, 3, 4, 5]
total successes of this branch: 5
Matrix on 6 elements:

0    0.00000000  0.60629475  0.58054604  0.72252547  0.58029677  0.54483061
1    0.60629475  0.00000000  0.34060336  0.44432063  0.28793065  0.35239373
2    0.58054604  0.34060336  0.00000000  0.46623062  0.32180823  0.19083583
3    0.72252547  0.44432063  0.46623062  0.00000000  0.38284405  0.47606872
4    0.58029677  0.28793065  0.32180823  0.38284405  0.00000000  0.33210210
5    0.54483061  0.35239373  0.19083583  0.47606872  0.33210210  0.00000000

--------------------------------------------------------------------------------
n=5
(result of R-step: (0,2:5)0.20776400)
V=[0, 1, 2, 3, 4]
total successes of this branch: 5
Matrix on 5 elements:

0    0.00000000  0.29750239  0.20003894  0.41373311  0.27150440
1    0.29750239  0.00000000  0.26888862  0.44432063  0.28793065
2    0.20003894  0.26888862  0.00000000  0.39451587  0.25009349
3    0.41373311  0.44432063  0.39451587  0.00000000  0.38284405
4    0.27150440  0.28793065  0.25009349  0.38284405  0.00000000

--------------------------------------------------------------------------------
n=4
(result of R-step: (0,1:2)0.84509277)
V=[0, 1, 3, 4]
total successes of this branch: 1
Matrix on 4 elements:

0    0.00000000  0.05852689  0.30847299  0.16624429
1    0.05852689  0.00000000  0.31060525  0.15421527
3    0.30847299  0.31060525  0.00000000  0.38284405
4    0.16624429  0.15421527  0.38284405  0.00000000

--------------------------------------------------------------------------------
n=4
(result of R-step: (0,3:1)0.36943534)
V=[0, 2, 3, 4]
total successes of this branch: 0
Matrix on 4 elements:

0    0.00000000  0.07769341  0.01762216  0.14915888
2    0.07769341  0.00000000  0.12075045  0.25009349
3    0.01762216  0.12075045  0.00000000  0.10907863
4    0.14915888  0.25009349  0.10907863  0.00000000
reason of abort: no pseudometric

--------------------------------------------------------------------------------
n=4
(result of R-step: (0,4:1)0.52729858)
V=[0, 2, 3, 4]
total successes of this branch: 0
Matrix on 4 elements:

0    0.00000000  0.08248405  0.29617822  0.04862094
2    0.08248405  0.00000000  0.39451587  0.14476491
3    0.29617822  0.39451587  0.00000000  0.27751547
4    0.04862094  0.14476491  0.27751547  0.00000000
reason of abort: no pseudometric

--------------------------------------------------------------------------------
n=4
(result of R-step: (0,4:3)0.20071003)
V=[0, 1, 2, 4]
total successes of this branch: 1
Matrix on 4 elements:

0    0.00000000  0.19224227  0.09477882  0.05747177
1    0.19224227  0.00000000  0.26888862  0.17915813
2    0.09477882  0.26888862  0.00000000  0.14132097
4    0.05747177  0.17915813  0.14132097  0.00000000

--------------------------------------------------------------------------------
n=4
(result of R-step: (1,3:4)0.23345660)
V=[0, 1, 2, 3]
total successes of this branch: 1
Matrix on 4 elements:

0    0.00000000  0.16378701  0.20003894  0.15659937
1    0.16378701  0.00000000  0.13517324  0.05347151
2    0.20003894  0.13517324  0.00000000  0.13738213
3    0.15659937  0.05347151  0.13738213  0.00000000

--------------------------------------------------------------------------------
n=4
(result of R-step: (2,3:0)0.83124150)
V=[1, 2, 3, 4]
total successes of this branch: 1
Matrix on 4 elements:

1    0.00000000  0.18801386  0.18718689  0.28793065
2    0.18801386  0.00000000  0.05650738  0.16921873
3    0.18718689  0.05650738  0.00000000  0.12571031
4    0.28793065  0.16921873  0.12571031  0.00000000

--------------------------------------------------------------------------------
n=4
(result of R-step: (2,3:1)0.26336004)
V=[0, 2, 3, 4]
total successes of this branch: 0
Matrix on 4 elements:

0    0.00000000  0.12746781  0.14197679  0.27150440
2    0.12746781  0.00000000  0.05018843  0.17752236
3    0.14197679  0.05018843  0.00000000  0.11108774
4    0.27150440  0.17752236  0.11108774  0.00000000
reason of abort: no pseudometric

--------------------------------------------------------------------------------
n=4
(result of R-step: (2,4:0)0.69406177)
V=[1, 2, 3, 4]
total successes of this branch: 0
Matrix on 4 elements:

1    0.00000000  0.19631749  0.44432063  0.16513464
2    0.19631749  0.00000000  0.32194475  0.05472635
3    0.44432063  0.32194475  0.00000000  0.26004804
4    0.16513464  0.05472635  0.26004804  0.00000000
reason of abort: no pseudometric

--------------------------------------------------------------------------------
n=4
(result of R-step: (2,4:1)0.42674703)
V=[0, 2, 3, 4]
total successes of this branch: 1
Matrix on 4 elements:

0    0.00000000  0.11916419  0.41373311  0.16273189
2    0.11916419  0.00000000  0.31364112  0.06044622
3    0.41373311  0.31364112  0.00000000  0.27407154
4    0.16273189  0.06044622  0.27407154  0.00000000

--------------------------------------------------------------------------------
n=4
(result of R-step: (2,4:3)0.27013261)
V=[0, 1, 2, 4]
total successes of this branch: 0
Matrix on 4 elements:

0    0.00000000  0.29750239  0.10666454  0.16617582
1    0.29750239  0.00000000  0.17551422  0.18260207
2    0.10666454  0.17551422  0.00000000  0.05139051
4    0.16617582  0.18260207  0.05139051  0.00000000
reason of abort: no pseudometric
