n=20
V=[0, 1, 2, 3, 4, 5, 6, 7, 8, 9, 10, 11, 12, 13, 14, 15, 16, 17, 18, 19]
total successes of this branch: 3
Matrix on 20 elements:

0    0.00000000  3.00723113  2.95542125  2.98694100  2.74835444  2.26791472  2.55675896  2.56414795  2.29014037  2.97396415  2.44776722  2.51818108  2.29291341  2.53961473  2.43474528  2.63865097  2.69746653  2.74679594  1.30955121  2.93935998
1    3.00723113  0.00000000  2.73868320  2.69014980  2.75638711  2.99087675  2.87006997  2.86697959  2.98158105  2.69557726  2.91565489  2.88620486  2.98042125  2.87724041  2.92110121  2.83581930  2.82326515  2.75731184  2.96557554  2.71005018
2    2.95542125  2.73868320  0.00000000  2.70744092  2.84876001  2.94846721  2.85164314  2.84916626  2.94101691  2.71179092  2.88817848  2.86457491  2.94008735  2.85739009  2.89254359  2.82419195  2.29117618  2.84878346  2.92386285  2.72339066
3    2.98694100  2.69014980  2.70744092  0.00000000  2.84088396  2.97741846  2.61509560  2.60497854  2.94767565  1.96075347  2.71844262  2.65167552  2.94407621  2.63565000  2.76682049  2.12077821  2.63989056  2.83904733  2.87349575  0.85428430
4    2.74835444  2.75638711  2.84876001  2.84088396  0.00000000  2.71484637  2.76547767  2.76677288  2.71874229  2.83860926  2.74637259  2.75871538  2.71922838  2.76247247  2.74408998  2.77983246  2.79470836  0.87990783  2.75382483  2.83254352
5    2.26791472  2.99087675  2.94846721  2.97741846  2.71484637  0.00000000  2.43780310  2.44707176  2.04494575  2.95873264  2.18996243  2.35007931  2.04865626  2.41103500  2.25716395  2.51132969  2.61791226  2.71259282  2.32112549  2.91374454
6    2.55675896  2.87006997  2.85164314  2.61509560  2.76547767  2.43780310  0.00000000  2.03620446  2.44328334  2.61189586  2.48214988  2.07849098  2.43884736  2.07262360  2.22845131  2.52921666  2.31404894  2.75001406  2.40215100  2.60301240
7    2.56414795  2.86697959  2.84916626  2.60497854  2.76677288  2.44707176  2.03620446  0.00000000  2.45195278  2.60212867  2.48656952  2.19561223  2.44883560  1.46840755  1.85076634  2.52848988  1.76952545  2.76083020  2.03409608  2.59427372
8    2.29014037  2.98158105  2.94101691  2.94767565  2.71874229  2.04494575  2.44328334  2.45195278  0.00000000  2.93138335  2.27074866  2.38221429  1.50796748  2.36656912  1.91396880  2.12130153  2.61859163  2.71650162  2.33819967  2.84897239
9    2.97396415  2.69557726  2.71179092  1.96075347  2.83860926  2.95873264  2.61189586  2.60212867  2.93138335  0.00000000  2.69596933  2.64165386  2.92786016  2.63159115  2.75762230  2.44591479  2.63949390  2.83676510  2.86352667  2.02705620
10    2.44776722  2.91565489  2.88817848  2.71844262  2.74637259  2.18996243  2.48214988  2.48656952  2.27074866  2.69596933  0.00000000  2.26099590  2.27063007  2.46703776  2.38464609  2.49466650  2.62340977  2.74422332  2.45929175  2.68774157
11    2.51818108  2.88620486  2.86457491  2.65167552  2.75871538  2.35007931  2.07849098  2.19561223  2.38221429  2.64165386  2.26099590  0.00000000  2.37145233  2.21151700  2.28373681  2.51698755  2.42354793  2.75318222  2.42237610  2.63246403
12    2.29291341  2.98042125  2.94008735  2.94407621  2.71922838  2.04865626  2.43884736  2.44883560  1.50796748  2.92786016  2.27063007  2.37145233  0.00000000  2.35133691  2.00450175  2.22624913  2.61621984  2.71694767  2.33922328  2.79025926
13    2.53961473  2.87724041  2.85739009  2.63565000  2.76247247  2.41103500  2.07262360  1.46840755  2.36656912  2.63159115  2.46703776  2.21151700  2.35133691  0.00000000  1.89257282  2.50115214  1.94167566  2.75686102  2.22145945  2.61615811
14    2.43474528  2.92110121  2.89254359  2.76682049  2.74408998  2.25716395  2.22845131  1.85076634  1.91396880  2.75762230  2.38464609  2.28373681  2.00450175  1.89257282  0.00000000  2.34052962  2.20573117  2.73989561  2.26129986  2.71455757
15    2.63865097  2.83581930  2.82419195  2.12077821  2.77983246  2.51132969  2.52921666  2.52848988  2.12130153  2.44591479  2.49466650  2.51698755  2.22624913  2.50115214  2.34052962  0.00000000  2.62924446  2.77779387  2.60593243  2.12800907
16    2.69746653  2.82326515  2.29117618  2.63989056  2.79470836  2.61791226  2.31404894  1.76952545  2.61859163  2.63949390  2.62340977  2.42354793  2.61621984  1.94167566  2.20573117  2.62924446  0.00000000  2.79079852  2.42186219  2.63826774
17    2.74679594  2.75731184  2.84878346  2.83904733  0.87990783  2.71259282  2.75001406  2.76083020  2.71650162  2.83676510  2.74422332  2.75318222  2.71694767  2.75686102  2.73989561  2.77779387  2.79079852  0.00000000  2.75096420  2.83067644
18    1.30955121  2.96557554  2.92386285  2.87349575  2.75382483  2.32112549  2.40215100  2.03409608  2.33819967  2.86352667  2.45929175  2.42237610  2.33922328  2.22145945  2.26129986  2.60593243  2.42186219  2.75096420  0.00000000  2.83686719
19    2.93935998  2.71005018  2.72339066  0.85428430  2.83254352  2.91374454  2.60301240  2.59427372  2.84897239  2.02705620  2.68774157  2.63246403  2.79025926  2.61615811  2.71455757  2.12800907  2.63826774  2.83067644  2.83686719  0.00000000

--------------------------------------------------------------------------------
n=19
(result of R-step: (0,7:18)0.70299371)
V=[0, 1, 2, 3, 4, 5, 6, 7, 8, 9, 10, 11, 12, 13, 14, 15, 16, 17, 19]
total successes of this branch: 3
Matrix on 19 elements:

0    0.00000000  2.61748146  2.56567158  2.59719134  2.35860477  1.87816505  2.16700929  1.78464861  1.90039070  2.58421448  2.05801756  2.12843141  1.90316374  2.14986506  2.04499562  2.24890130  2.30771686  2.35704627  2.54961031
1    2.61748146  0.00000000  2.73868320  2.69014980  2.75638711  2.99087675  2.87006997  2.47722992  2.98158105  2.69557726  2.91565489  2.88620486  2.98042125  2.87724041  2.92110121  2.83581930  2.82326515  2.75731184  2.71005018
2    2.56567158  2.73868320  0.00000000  2.70744092  2.84876001  2.94846721  2.85164314  2.45941659  2.94101691  2.71179092  2.88817848  2.86457491  2.94008735  2.85739009  2.89254359  2.82419195  2.29117618  2.84878346  2.72339066
3    2.59719134  2.69014980  2.70744092  0.00000000  2.84088396  2.97741846  2.61509560  2.21522888  2.94767565  1.96075347  2.71844262  2.65167552  2.94407621  2.63565000  2.76682049  2.12077821  2.63989056  2.83904733  0.85428430
4    2.35860477  2.75638711  2.84876001  2.84088396  0.00000000  2.71484637  2.76547767  2.37702321  2.71874229  2.83860926  2.74637259  2.75871538  2.71922838  2.76247247  2.74408998  2.77983246  2.79470836  0.87990783  2.83254352
5    1.87816505  2.99087675  2.94846721  2.97741846  2.71484637  0.00000000  2.43780310  2.05732209  2.04494575  2.95873264  2.18996243  2.35007931  2.04865626  2.41103500  2.25716395  2.51132969  2.61791226  2.71259282  2.91374454
6    2.16700929  2.87006997  2.85164314  2.61509560  2.76547767  2.43780310  0.00000000  1.64645480  2.44328334  2.61189586  2.48214988  2.07849098  2.43884736  2.07262360  2.22845131  2.52921666  2.31404894  2.75001406  2.60301240
7    1.78464861  2.47722992  2.45941659  2.21522888  2.37702321  2.05732209  1.64645480  0.00000000  2.06220311  2.21237900  2.09681985  1.80586256  2.05908594  1.07865788  1.46101668  2.13874021  1.37977578  2.37108053  2.20452406
8    1.90039070  2.98158105  2.94101691  2.94767565  2.71874229  2.04494575  2.44328334  2.06220311  0.00000000  2.93138335  2.27074866  2.38221429  1.50796748  2.36656912  1.91396880  2.12130153  2.61859163  2.71650162  2.84897239
9    2.58421448  2.69557726  2.71179092  1.96075347  2.83860926  2.95873264  2.61189586  2.21237900  2.93138335  0.00000000  2.69596933  2.64165386  2.92786016  2.63159115  2.75762230  2.44591479  2.63949390  2.83676510  2.02705620
10    2.05801756  2.91565489  2.88817848  2.71844262  2.74637259  2.18996243  2.48214988  2.09681985  2.27074866  2.69596933  0.00000000  2.26099590  2.27063007  2.46703776  2.38464609  2.49466650  2.62340977  2.74422332  2.68774157
11    2.12843141  2.88620486  2.86457491  2.65167552  2.75871538  2.35007931  2.07849098  1.80586256  2.38221429  2.64165386  2.26099590  0.00000000  2.37145233  2.21151700  2.28373681  2.51698755  2.42354793  2.75318222  2.63246403
12    1.90316374  2.98042125  2.94008735  2.94407621  2.71922838  2.04865626  2.43884736  2.05908594  1.50796748  2.92786016  2.27063007  2.37145233  0.00000000  2.35133691  2.00450175  2.22624913  2.61621984  2.71694767  2.79025926
13    2.14986506  2.87724041  2.85739009  2.63565000  2.76247247  2.41103500  2.07262360  1.07865788  2.36656912  2.63159115  2.46703776  2.21151700  2.35133691  0.00000000  1.89257282  2.50115214  1.94167566  2.75686102  2.61615811
14    2.04499562  2.92110121  2.89254359  2.76682049  2.74408998  2.25716395  2.22845131  1.46101668  1.91396880  2.75762230  2.38464609  2.28373681  2.00450175  1.89257282  0.00000000  2.34052962  2.20573117  2.73989561  2.71455757
15    2.24890130  2.83581930  2.82419195  2.12077821  2.77983246  2.51132969  2.52921666  2.13874021  2.12130153  2.44591479  2.49466650  2.51698755  2.22624913  2.50115214  2.34052962  0.00000000  2.62924446  2.77779387  2.12800907
16    2.30771686  2.82326515  2.29117618  2.63989056  2.79470836  2.61791226  2.31404894  1.37977578  2.61859163  2.63949390  2.62340977  2.42354793  2.61621984  1.94167566  2.20573117  2.62924446  0.00000000  2.79079852  2.63826774
17    2.35704627  2.75731184  2.84878346  2.83904733  0.87990783  2.71259282  2.75001406  2.37108053  2.71650162  2.83676510  2.74422332  2.75318222  2.71694767  2.75686102  2.73989561  2.77779387  2.79079852  0.00000000  2.83067644
19    2.54961031  2.71005018  2.72339066  0.85428430  2.83254352  2.91374454  2.60301240  2.20452406  2.84897239  2.02705620  2.68774157  2.63246403  2.79025926  2.61615811  2.71455757  2.12800907  2.63826774  2.83067644  0.00000000

--------------------------------------------------------------------------------
n=18
(result of R-step: (2,7:16)0.34073007)
V=[0, 1, 2, 3, 4, 5, 6, 7, 8, 9, 10, 11, 12, 13, 14, 15, 17, 19]
total successes of this branch: 3
Matrix on 18 elements:

0    0.00000000  2.61748146  1.95990389  2.59719134  2.35860477  1.87816505  2.16700929  1.56863059  1.90039070  2.58421448  2.05801756  2.12843141  1.90316374  2.14986506  2.04499562  2.24890130  2.35704627  2.54961031
1    2.61748146  0.00000000  2.13291551  2.69014980  2.75638711  2.99087675  2.87006997  2.26121190  2.98158105  2.69557726  2.91565489  2.88620486  2.98042125  2.87724041  2.92110121  2.83581930  2.75731184  2.71005018
2    1.95990389  2.13291551  0.00000000  2.10167324  2.24299232  2.34269952  2.24587545  1.63763088  2.33524922  2.10602323  2.28241079  2.25880722  2.33431966  2.25162240  2.28677591  2.21842426  2.24301577  2.11762297
3    2.59719134  2.69014980  2.10167324  0.00000000  2.84088396  2.97741846  2.61509560  1.99921086  2.94767565  1.96075347  2.71844262  2.65167552  2.94407621  2.63565000  2.76682049  2.12077821  2.83904733  0.85428430
4    2.35860477  2.75638711  2.24299232  2.84088396  0.00000000  2.71484637  2.76547767  2.16100519  2.71874229  2.83860926  2.74637259  2.75871538  2.71922838  2.76247247  2.74408998  2.77983246  0.87990783  2.83254352
5    1.87816505  2.99087675  2.34269952  2.97741846  2.71484637  0.00000000  2.43780310  1.84130407  2.04494575  2.95873264  2.18996243  2.35007931  2.04865626  2.41103500  2.25716395  2.51132969  2.71259282  2.91374454
6    2.16700929  2.87006997  2.24587545  2.61509560  2.76547767  2.43780310  0.00000000  1.43043678  2.44328334  2.61189586  2.48214988  2.07849098  2.43884736  2.07262360  2.22845131  2.52921666  2.75001406  2.60301240
7    1.56863059  2.26121190  1.63763088  1.99921086  2.16100519  1.84130407  1.43043678  0.00000000  1.84618509  1.99636099  1.88080184  1.58984454  1.84306792  0.86263986  1.24499866  1.92272219  2.15506252  1.98850604
8    1.90039070  2.98158105  2.33524922  2.94767565  2.71874229  2.04494575  2.44328334  1.84618509  0.00000000  2.93138335  2.27074866  2.38221429  1.50796748  2.36656912  1.91396880  2.12130153  2.71650162  2.84897239
9    2.58421448  2.69557726  2.10602323  1.96075347  2.83860926  2.95873264  2.61189586  1.99636099  2.93138335  0.00000000  2.69596933  2.64165386  2.92786016  2.63159115  2.75762230  2.44591479  2.83676510  2.02705620
10    2.05801756  2.91565489  2.28241079  2.71844262  2.74637259  2.18996243  2.48214988  1.88080184  2.27074866  2.69596933  0.00000000  2.26099590  2.27063007  2.46703776  2.38464609  2.49466650  2.74422332  2.68774157
11    2.12843141  2.88620486  2.25880722  2.65167552  2.75871538  2.35007931  2.07849098  1.58984454  2.38221429  2.64165386  2.26099590  0.00000000  2.37145233  2.21151700  2.28373681  2.51698755  2.75318222  2.63246403
12    1.90316374  2.98042125  2.33431966  2.94407621  2.71922838  2.04865626  2.43884736  1.84306792  1.50796748  2.92786016  2.27063007  2.37145233  0.00000000  2.35133691  2.00450175  2.22624913  2.71694767  2.79025926
13    2.14986506  2.87724041  2.25162240  2.63565000  2.76247247  2.41103500  2.07262360  0.86263986  2.36656912  2.63159115  2.46703776  2.21151700  2.35133691  0.00000000  1.89257282  2.50115214  2.75686102  2.61615811
14    2.04499562  2.92110121  2.28677591  2.76682049  2.74408998  2.25716395  2.22845131  1.24499866  1.91396880  2.75762230  2.38464609  2.28373681  2.00450175  1.89257282  0.00000000  2.34052962  2.73989561  2.71455757
15    2.24890130  2.83581930  2.21842426  2.12077821  2.77983246  2.51132969  2.52921666  1.92272219  2.12130153  2.44591479  2.49466650  2.51698755  2.22624913  2.50115214  2.34052962  0.00000000  2.77779387  2.12800907
17    2.35704627  2.75731184  2.24301577  2.83904733  0.87990783  2.71259282  2.75001406  2.15506252  2.71650162  2.83676510  2.74422332  2.75318222  2.71694767  2.75686102  2.73989561  2.77779387  0.00000000  2.83067644
19    2.54961031  2.71005018  2.11762297  0.85428430  2.83254352  2.91374454  2.60301240  1.98850604  2.84897239  2.02705620  2.68774157  2.63246403  2.79025926  2.61615811  2.71455757  2.12800907  2.83067644  0.00000000

--------------------------------------------------------------------------------
n=17
(result of R-step: (3,12:19)0.93144217)
V=[0, 1, 2, 3, 4, 5, 6, 7, 8, 9, 10, 11, 12, 13, 14, 15, 17]
total successes of this branch: 3
Matrix on 17 elements:

0    0.00000000  2.61748146  1.95990389  2.24695766  2.35860477  1.87816505  2.16700929  1.56863059  1.90039070  2.58421448  2.05801756  2.12843141  1.55293006  2.14986506  2.04499562  2.24890130  2.35704627
1    2.61748146  0.00000000  2.13291551  2.33991612  2.75638711  2.99087675  2.87006997  2.26121190  2.98158105  2.69557726  2.91565489  2.88620486  2.63018757  2.87724041  2.92110121  2.83581930  2.75731184
2    1.95990389  2.13291551  0.00000000  1.75143956  2.24299232  2.34269952  2.24587545  1.63763088  2.33524922  2.10602323  2.28241079  2.25880722  1.98408598  2.25162240  2.28677591  2.21842426  2.24301577
3    2.24695766  2.33991612  1.75143956  0.00000000  2.49065028  2.62718478  2.26486192  1.64897718  2.59744197  1.61051979  2.36820894  2.30144184  2.24360885  2.28541632  2.41658681  1.77054453  2.48881365
4    2.35860477  2.75638711  2.24299232  2.49065028  0.00000000  2.71484637  2.76547767  2.16100519  2.71874229  2.83860926  2.74637259  2.75871538  2.36899470  2.76247247  2.74408998  2.77983246  0.87990783
5    1.87816505  2.99087675  2.34269952  2.62718478  2.71484637  0.00000000  2.43780310  1.84130407  2.04494575  2.95873264  2.18996243  2.35007931  1.69842258  2.41103500  2.25716395  2.51132969  2.71259282
6    2.16700929  2.87006997  2.24587545  2.26486192  2.76547767  2.43780310  0.00000000  1.43043678  2.44328334  2.61189586  2.48214988  2.07849098  2.08861368  2.07262360  2.22845131  2.52921666  2.75001406
7    1.56863059  2.26121190  1.63763088  1.64897718  2.16100519  1.84130407  1.43043678  0.00000000  1.84618509  1.99636099  1.88080184  1.58984454  1.49283424  0.86263986  1.24499866  1.92272219  2.15506252
8    1.90039070  2.98158105  2.33524922  2.59744197  2.71874229  2.04494575  2.44328334  1.84618509  0.00000000  2.93138335  2.27074866  2.38221429  1.15773380  2.36656912  1.91396880  2.12130153  2.71650162
9    2.58421448  2.69557726  2.10602323  1.61051979  2.83860926  2.95873264  2.61189586  1.99636099  2.93138335  0.00000000  2.69596933  2.64165386  2.57762648  2.63159115  2.75762230  2.44591479  2.83676510
10    2.05801756  2.91565489  2.28241079  2.36820894  2.74637259  2.18996243  2.48214988  1.88080184  2.27074866  2.69596933  0.00000000  2.26099590  1.92039639  2.46703776  2.38464609  2.49466650  2.74422332
11    2.12843141  2.88620486  2.25880722  2.30144184  2.75871538  2.35007931  2.07849098  1.58984454  2.38221429  2.64165386  2.26099590  0.00000000  2.02121865  2.21151700  2.28373681  2.51698755  2.75318222
12    1.55293006  2.63018757  1.98408598  2.24360885  2.36899470  1.69842258  2.08861368  1.49283424  1.15773380  2.57762648  1.92039639  2.02121865  0.00000000  2.00110323  1.65426807  1.87601545  2.36671399
13    2.14986506  2.87724041  2.25162240  2.28541632  2.76247247  2.41103500  2.07262360  0.86263986  2.36656912  2.63159115  2.46703776  2.21151700  2.00110323  0.00000000  1.89257282  2.50115214  2.75686102
14    2.04499562  2.92110121  2.28677591  2.41658681  2.74408998  2.25716395  2.22845131  1.24499866  1.91396880  2.75762230  2.38464609  2.28373681  1.65426807  1.89257282  0.00000000  2.34052962  2.73989561
15    2.24890130  2.83581930  2.21842426  1.77054453  2.77983246  2.51132969  2.52921666  1.92272219  2.12130153  2.44591479  2.49466650  2.51698755  1.87601545  2.50115214  2.34052962  0.00000000  2.77779387
17    2.35704627  2.75731184  2.24301577  2.48881365  0.87990783  2.71259282  2.75001406  2.15506252  2.71650162  2.83676510  2.74422332  2.75318222  2.36671399  2.75686102  2.73989561  2.77779387  0.00000000

--------------------------------------------------------------------------------
n=16
(result of R-step: (3,8:15)0.50015827)
V=[0, 1, 2, 3, 4, 5, 6, 7, 8, 9, 10, 11, 12, 13, 14, 17]
total successes of this branch: 3
Matrix on 16 elements:

0    0.00000000  2.61748146  1.95990389  1.94998929  2.35860477  1.87816505  2.16700929  1.56863059  1.25318866  2.58421448  2.05801756  2.12843141  1.55293006  2.14986506  2.04499562  2.35704627
1    2.61748146  0.00000000  2.13291551  2.04294775  2.75638711  2.99087675  2.87006997  2.26121190  2.33437900  2.69557726  2.91565489  2.88620486  2.63018757  2.87724041  2.92110121  2.75731184
2    1.95990389  2.13291551  0.00000000  1.45447119  2.24299232  2.34269952  2.24587545  1.63763088  1.68804717  2.10602323  2.28241079  2.25880722  1.98408598  2.25162240  2.28677591  2.24301577
3    1.94998929  2.04294775  1.45447119  0.00000000  2.19368191  2.33021642  1.96789355  1.35200881  1.65327156  1.31355142  2.07124058  2.00447347  1.94664048  1.98844795  2.11961844  2.19184528
4    2.35860477  2.75638711  2.24299232  2.19368191  0.00000000  2.71484637  2.76547767  2.16100519  2.07154024  2.83860926  2.74637259  2.75871538  2.36899470  2.76247247  2.74408998  0.87990783
5    1.87816505  2.99087675  2.34269952  2.33021642  2.71484637  0.00000000  2.43780310  1.84130407  1.39774370  2.95873264  2.18996243  2.35007931  1.69842258  2.41103500  2.25716395  2.71259282
6    2.16700929  2.87006997  2.24587545  1.96789355  2.76547767  2.43780310  0.00000000  1.43043678  1.79608129  2.61189586  2.48214988  2.07849098  2.08861368  2.07262360  2.22845131  2.75001406
7    1.56863059  2.26121190  1.63763088  1.35200881  2.16100519  1.84130407  1.43043678  0.00000000  1.19898304  1.99636099  1.88080184  1.58984454  1.49283424  0.86263986  1.24499866  2.15506252
8    1.25318866  2.33437900  1.68804717  1.65327156  2.07154024  1.39774370  1.79608129  1.19898304  0.00000000  2.28418130  1.62354662  1.73501224  0.51053175  1.71936707  1.26676675  2.06929957
9    2.58421448  2.69557726  2.10602323  1.31355142  2.83860926  2.95873264  2.61189586  1.99636099  2.28418130  0.00000000  2.69596933  2.64165386  2.57762648  2.63159115  2.75762230  2.83676510
10    2.05801756  2.91565489  2.28241079  2.07124058  2.74637259  2.18996243  2.48214988  1.88080184  1.62354662  2.69596933  0.00000000  2.26099590  1.92039639  2.46703776  2.38464609  2.74422332
11    2.12843141  2.88620486  2.25880722  2.00447347  2.75871538  2.35007931  2.07849098  1.58984454  1.73501224  2.64165386  2.26099590  0.00000000  2.02121865  2.21151700  2.28373681  2.75318222
12    1.55293006  2.63018757  1.98408598  1.94664048  2.36899470  1.69842258  2.08861368  1.49283424  0.51053175  2.57762648  1.92039639  2.02121865  0.00000000  2.00110323  1.65426807  2.36671399
13    2.14986506  2.87724041  2.25162240  1.98844795  2.76247247  2.41103500  2.07262360  0.86263986  1.71936707  2.63159115  2.46703776  2.21151700  2.00110323  0.00000000  1.89257282  2.75686102
14    2.04499562  2.92110121  2.28677591  2.11961844  2.74408998  2.25716395  2.22845131  1.24499866  1.26676675  2.75762230  2.38464609  2.28373681  1.65426807  1.89257282  0.00000000  2.73989561
17    2.35704627  2.75731184  2.24301577  2.19184528  0.87990783  2.71259282  2.75001406  2.15506252  2.06929957  2.83676510  2.74422332  2.75318222  2.36671399  2.75686102  2.73989561  0.00000000

--------------------------------------------------------------------------------
n=15
(result of R-step: (4,6:17)0.99186568)
V=[0, 1, 2, 3, 4, 5, 6, 7, 8, 9, 10, 11, 12, 13, 14]
total successes of this branch: 3
Matrix on 15 elements:

0    0.00000000  2.61748146  1.95990389  1.94998929  1.92638266  1.87816505  1.73478718  1.56863059  1.25318866  2.58421448  2.05801756  2.12843141  1.55293006  2.14986506  2.04499562
1    2.61748146  0.00000000  2.13291551  2.04294775  2.32416500  2.99087675  2.43784786  2.26121190  2.33437900  2.69557726  2.91565489  2.88620486  2.63018757  2.87724041  2.92110121
2    1.95990389  2.13291551  0.00000000  1.45447119  1.81077021  2.34269952  1.81365334  1.63763088  1.68804717  2.10602323  2.28241079  2.25880722  1.98408598  2.25162240  2.28677591
3    1.94998929  2.04294775  1.45447119  0.00000000  1.76145981  2.33021642  1.53567144  1.35200881  1.65327156  1.31355142  2.07124058  2.00447347  1.94664048  1.98844795  2.11961844
4    1.92638266  2.32416500  1.81077021  1.76145981  0.00000000  2.28262426  1.90103345  1.72878308  1.63931814  2.40638715  2.31415048  2.32649327  1.93677259  2.33025036  2.31186787
5    1.87816505  2.99087675  2.34269952  2.33021642  2.28262426  0.00000000  2.00558099  1.84130407  1.39774370  2.95873264  2.18996243  2.35007931  1.69842258  2.41103500  2.25716395
6    1.73478718  2.43784786  1.81365334  1.53567144  1.90103345  2.00558099  0.00000000  0.99821467  1.36385919  2.17967375  2.04992777  1.64626887  1.65639157  1.64040149  1.79622920
7    1.56863059  2.26121190  1.63763088  1.35200881  1.72878308  1.84130407  0.99821467  0.00000000  1.19898304  1.99636099  1.88080184  1.58984454  1.49283424  0.86263986  1.24499866
8    1.25318866  2.33437900  1.68804717  1.65327156  1.63931814  1.39774370  1.36385919  1.19898304  0.00000000  2.28418130  1.62354662  1.73501224  0.51053175  1.71936707  1.26676675
9    2.58421448  2.69557726  2.10602323  1.31355142  2.40638715  2.95873264  2.17967375  1.99636099  2.28418130  0.00000000  2.69596933  2.64165386  2.57762648  2.63159115  2.75762230
10    2.05801756  2.91565489  2.28241079  2.07124058  2.31415048  2.18996243  2.04992777  1.88080184  1.62354662  2.69596933  0.00000000  2.26099590  1.92039639  2.46703776  2.38464609
11    2.12843141  2.88620486  2.25880722  2.00447347  2.32649327  2.35007931  1.64626887  1.58984454  1.73501224  2.64165386  2.26099590  0.00000000  2.02121865  2.21151700  2.28373681
12    1.55293006  2.63018757  1.98408598  1.94664048  1.93677259  1.69842258  1.65639157  1.49283424  0.51053175  2.57762648  1.92039639  2.02121865  0.00000000  2.00110323  1.65426807
13    2.14986506  2.87724041  2.25162240  1.98844795  2.33025036  2.41103500  1.64040149  0.86263986  1.71936707  2.63159115  2.46703776  2.21151700  2.00110323  0.00000000  1.89257282
14    2.04499562  2.92110121  2.28677591  2.11961844  2.31186787  2.25716395  1.79622920  1.24499866  1.26676675  2.75762230  2.38464609  2.28373681  1.65426807  1.89257282  0.00000000

--------------------------------------------------------------------------------
n=14
(result of R-step: (7,8:14)0.52774056)
V=[0, 1, 2, 3, 4, 5, 6, 7, 8, 9, 10, 11, 12, 13]
total successes of this branch: 3
Matrix on 14 elements:

0    0.00000000  2.61748146  1.95990389  1.94998929  1.92638266  1.87816505  1.73478718  1.51800710  1.24399952  2.58421448  2.05801756  2.12843141  1.55293006  2.14986506
1    2.61748146  0.00000000  2.13291551  2.04294775  2.32416500  2.99087675  2.43784786  2.21058840  2.32518987  2.69557726  2.91565489  2.88620486  2.63018757  2.87724041
2    1.95990389  2.13291551  0.00000000  1.45447119  1.81077021  2.34269952  1.81365334  1.58700739  1.67885803  2.10602323  2.28241079  2.25880722  1.98408598  2.25162240
3    1.94998929  2.04294775  1.45447119  0.00000000  1.76145981  2.33021642  1.53567144  1.30138531  1.64408242  1.31355142  2.07124058  2.00447347  1.94664048  1.98844795
4    1.92638266  2.32416500  1.81077021  1.76145981  0.00000000  2.28262426  1.90103345  1.67815959  1.63012900  2.40638715  2.31415048  2.32649327  1.93677259  2.33025036
5    1.87816505  2.99087675  2.34269952  2.33021642  2.28262426  0.00000000  2.00558099  1.79068057  1.38855456  2.95873264  2.18996243  2.35007931  1.69842258  2.41103500
6    1.73478718  2.43784786  1.81365334  1.53567144  1.90103345  2.00558099  0.00000000  0.94759117  1.35467005  2.17967375  2.04992777  1.64626887  1.65639157  1.64040149
7    1.51800710  2.21058840  1.58700739  1.30138531  1.67815959  1.79068057  0.94759117  0.00000000  1.13917041  1.94573749  1.83017834  1.53922104  1.44221074  0.81201636
8    1.24399952  2.32518987  1.67885803  1.64408242  1.63012900  1.38855456  1.35467005  1.13917041  0.00000000  2.27499217  1.61435748  1.72582311  0.50134262  1.71017793
9    2.58421448  2.69557726  2.10602323  1.31355142  2.40638715  2.95873264  2.17967375  1.94573749  2.27499217  0.00000000  2.69596933  2.64165386  2.57762648  2.63159115
10    2.05801756  2.91565489  2.28241079  2.07124058  2.31415048  2.18996243  2.04992777  1.83017834  1.61435748  2.69596933  0.00000000  2.26099590  1.92039639  2.46703776
11    2.12843141  2.88620486  2.25880722  2.00447347  2.32649327  2.35007931  1.64626887  1.53922104  1.72582311  2.64165386  2.26099590  0.00000000  2.02121865  2.21151700
12    1.55293006  2.63018757  1.98408598  1.94664048  1.93677259  1.69842258  1.65639157  1.44221074  0.50134262  2.57762648  1.92039639  2.02121865  0.00000000  2.00110323
13    2.14986506  2.87724041  2.25162240  1.98844795  2.33025036  2.41103500  1.64040149  0.81201636  1.71017793  2.63159115  2.46703776  2.21151700  2.00110323  0.00000000

--------------------------------------------------------------------------------
n=13
(result of R-step: (7,12:13)0.90954980)
V=[0, 1, 2, 3, 4, 5, 6, 7, 8, 9, 10, 11, 12]
total successes of this branch: 3
Matrix on 13 elements:

0    0.00000000  2.61748146  1.95990389  1.94998929  1.92638266  1.87816505  1.73478718  1.48894386  1.24399952  2.58421448  2.05801756  2.12843141  1.21770932
1    2.61748146  0.00000000  2.13291551  2.04294775  2.32416500  2.99087675  2.43784786  2.18152516  2.32518987  2.69557726  2.91565489  2.88620486  2.29496682
2    1.95990389  2.13291551  0.00000000  1.45447119  1.81077021  2.34269952  1.81365334  1.55794414  1.67885803  2.10602323  2.28241079  2.25880722  1.64886524
3    1.94998929  2.04294775  1.45447119  0.00000000  1.76145981  2.33021642  1.53567144  1.27232207  1.64408242  1.31355142  2.07124058  2.00447347  1.61141973
4    1.92638266  2.32416500  1.81077021  1.76145981  0.00000000  2.28262426  1.90103345  1.64909634  1.63012900  2.40638715  2.31415048  2.32649327  1.60155184
5    1.87816505  2.99087675  2.34269952  2.33021642  2.28262426  0.00000000  2.00558099  1.76161733  1.38855456  2.95873264  2.18996243  2.35007931  1.36320183
6    1.73478718  2.43784786  1.81365334  1.53567144  1.90103345  2.00558099  0.00000000  0.91852793  1.35467005  2.17967375  2.04992777  1.64626887  1.32117083
7    1.48894386  2.18152516  1.55794414  1.27232207  1.64909634  1.76161733  0.91852793  0.00000000  1.11010717  1.91667425  1.80111510  1.51015780  1.07792675
8    1.24399952  2.32518987  1.67885803  1.64408242  1.63012900  1.38855456  1.35467005  1.11010717  0.00000000  2.27499217  1.61435748  1.72582311  0.16612187
9    2.58421448  2.69557726  2.10602323  1.31355142  2.40638715  2.95873264  2.17967375  1.91667425  2.27499217  0.00000000  2.69596933  2.64165386  2.24240573
10    2.05801756  2.91565489  2.28241079  2.07124058  2.31415048  2.18996243  2.04992777  1.80111510  1.61435748  2.69596933  0.00000000  2.26099590  1.58517564
11    2.12843141  2.88620486  2.25880722  2.00447347  2.32649327  2.35007931  1.64626887  1.51015780  1.72582311  2.64165386  2.26099590  0.00000000  1.68599791
12    1.21770932  2.29496682  1.64886524  1.61141973  1.60155184  1.36320183  1.32117083  1.07792675  0.16612187  2.24240573  1.58517564  1.68599791  0.00000000

--------------------------------------------------------------------------------
n=12
(result of R-step: (8,11:12)0.98783972)
V=[0, 1, 2, 3, 4, 5, 6, 7, 8, 9, 10, 11]
total successes of this branch: 3
Matrix on 12 elements:

0    0.00000000  2.61748146  1.95990389  1.94998929  1.92638266  1.87816505  1.73478718  1.48894386  1.15178794  2.58421448  2.05801756  1.37982865
1    2.61748146  0.00000000  2.13291551  2.04294775  2.32416500  2.99087675  2.43784786  2.18152516  2.23297829  2.69557726  2.91565489  2.13760210
2    1.95990389  2.13291551  0.00000000  1.45447119  1.81077021  2.34269952  1.81365334  1.55794414  1.58664646  2.10602323  2.28241079  1.51020446
3    1.94998929  2.04294775  1.45447119  0.00000000  1.76145981  2.33021642  1.53567144  1.27232207  1.55187084  1.31355142  2.07124058  1.25587071
4    1.92638266  2.32416500  1.81077021  1.76145981  0.00000000  2.28262426  1.90103345  1.64909634  1.53791742  2.40638715  2.31415048  1.57789051
5    1.87816505  2.99087675  2.34269952  2.33021642  2.28262426  0.00000000  2.00558099  1.76161733  1.29634299  2.95873264  2.18996243  1.60147655
6    1.73478718  2.43784786  1.81365334  1.53567144  1.90103345  2.00558099  0.00000000  0.91852793  1.26245847  2.17967375  2.04992777  0.89766611
7    1.48894386  2.18152516  1.55794414  1.27232207  1.64909634  1.76161733  0.91852793  0.00000000  1.01789559  1.91667425  1.80111510  0.76155504
8    1.15178794  2.23297829  1.58664646  1.55187084  1.53791742  1.29634299  1.26245847  1.01789559  0.00000000  2.18278059  1.52214590  0.88500877
9    2.58421448  2.69557726  2.10602323  1.31355142  2.40638715  2.95873264  2.17967375  1.91667425  2.18278059  0.00000000  2.69596933  1.89305110
10    2.05801756  2.91565489  2.28241079  2.07124058  2.31415048  2.18996243  2.04992777  1.80111510  1.52214590  2.69596933  0.00000000  1.51239314
11    1.37982865  2.13760210  1.51020446  1.25587071  1.57789051  1.60147655  0.89766611  0.76155504  0.88500877  1.89305110  1.51239314  0.00000000

--------------------------------------------------------------------------------
n=11
(result of R-step: (6,10:11)0.64604767)
V=[0, 1, 2, 3, 4, 5, 6, 7, 8, 9, 10]
total successes of this branch: 3
Matrix on 11 elements:

0    0.00000000  2.61748146  1.95990389  1.94998929  1.92638266  1.87816505  1.23834079  1.48894386  1.15178794  2.58421448  1.12934905
1    2.61748146  0.00000000  2.13291551  2.04294775  2.32416500  2.99087675  1.94140147  2.18152516  2.23297829  2.69557726  1.98698639
2    1.95990389  2.13291551  0.00000000  1.45447119  1.81077021  2.34269952  1.31720695  1.55794414  1.58664646  2.10602323  1.35374229
3    1.94998929  2.04294775  1.45447119  0.00000000  1.76145981  2.33021642  1.03922505  1.27232207  1.55187084  1.31355142  1.14257207
4    1.92638266  2.32416500  1.81077021  1.76145981  0.00000000  2.28262426  1.40458706  1.64909634  1.53791742  2.40638715  1.38548198
5    1.87816505  2.99087675  2.34269952  2.33021642  2.28262426  0.00000000  1.50913459  1.76161733  1.29634299  2.95873264  1.26129393
6    1.23834079  1.94140147  1.31720695  1.03922505  1.40458706  1.50913459  0.00000000  0.42208154  0.76601208  1.68322736  0.62481287
7    1.48894386  2.18152516  1.55794414  1.27232207  1.64909634  1.76161733  0.42208154  0.00000000  1.01789559  1.91667425  0.87244659
8    1.15178794  2.23297829  1.58664646  1.55187084  1.53791742  1.29634299  0.76601208  1.01789559  0.00000000  2.18278059  0.59347740
9    2.58421448  2.69557726  2.10602323  1.31355142  2.40638715  2.95873264  1.68322736  1.91667425  2.18278059  0.00000000  1.76730083
10    1.12934905  1.98698639  1.35374229  1.14257207  1.38548198  1.26129393  0.62481287  0.87244659  0.59347740  1.76730083  0.00000000

--------------------------------------------------------------------------------
n=10
(result of R-step: (5,9:10)0.74526925)
V=[0, 1, 2, 3, 4, 5, 6, 7, 8, 9]
total successes of this branch: 3
Matrix on 10 elements:

0    0.00000000  2.61748146  1.95990389  1.94998929  1.92638266  0.91456549  1.23834079  1.48894386  1.15178794  1.62061492
1    2.61748146  0.00000000  2.13291551  2.04294775  2.32416500  2.02727719  1.94140147  2.18152516  2.23297829  1.73197770
2    1.95990389  2.13291551  0.00000000  1.45447119  1.81077021  1.37909996  1.31720695  1.55794414  1.58664646  1.14242367
3    1.94998929  2.04294775  1.45447119  0.00000000  1.76145981  1.36661686  1.03922505  1.27232207  1.55187084  0.34995186
4    1.92638266  2.32416500  1.81077021  1.76145981  0.00000000  1.31902470  1.40458706  1.64909634  1.53791742  1.44278759
5    0.91456549  2.02727719  1.37909996  1.36661686  1.31902470  0.00000000  0.54553503  0.79801777  0.33274343  1.03153352
6    1.23834079  1.94140147  1.31720695  1.03922505  1.40458706  0.54553503  0.00000000  0.42208154  0.76601208  0.71962780
7    1.48894386  2.18152516  1.55794414  1.27232207  1.64909634  0.79801777  0.42208154  0.00000000  1.01789559  0.95307469
8    1.15178794  2.23297829  1.58664646  1.55187084  1.53791742  0.33274343  0.76601208  1.01789559  0.00000000  1.21918103
9    1.62061492  1.73197770  1.14242367  0.34995186  1.44278759  1.03153352  0.71962780  0.95307469  1.21918103  0.00000000

--------------------------------------------------------------------------------
n=9
(result of R-step: (3,5:9)0.98195219)
V=[0, 1, 2, 3, 4, 5, 6, 7, 8]
total successes of this branch: 3
Matrix on 9 elements:

0    0.00000000  2.61748146  1.95990389  1.62615751  1.92638266  0.90713123  1.23834079  1.48894386  1.15178794
1    2.61748146  0.00000000  2.13291551  1.71911597  2.32416500  2.01984292  1.94140147  2.18152516  2.23297829
2    1.95990389  2.13291551  0.00000000  1.13063941  1.81077021  1.37166570  1.31720695  1.55794414  1.58664646
3    1.62615751  1.71911597  1.13063941  0.00000000  1.43762803  1.03535081  0.71539327  0.94849029  1.22803907
4    1.92638266  2.32416500  1.81077021  1.43762803  0.00000000  1.31159044  1.40458706  1.64909634  1.53791742
5    0.90713123  2.01984292  1.37166570  1.03535081  1.31159044  0.00000000  0.53810077  0.79058351  0.32530916
6    1.23834079  1.94140147  1.31720695  0.71539327  1.40458706  0.53810077  0.00000000  0.42208154  0.76601208
7    1.48894386  2.18152516  1.55794414  0.94849029  1.64909634  0.79058351  0.42208154  0.00000000  1.01789559
8    1.15178794  2.23297829  1.58664646  1.22803907  1.53791742  0.32530916  0.76601208  1.01789559  0.00000000

--------------------------------------------------------------------------------
n=8
(result of R-step: (3,5:8)0.03091076)
V=[0, 1, 2, 3, 4, 5, 6, 7]
total successes of this branch: 3
Matrix on 8 elements:

0    0.00000000  2.61748146  1.95990389  1.58958987  1.92638266  0.87056359  1.23834079  1.48894386
1    2.61748146  0.00000000  2.13291551  1.68254833  2.32416500  1.98327528  1.94140147  2.18152516
2    1.95990389  2.13291551  0.00000000  1.09407177  1.81077021  1.33509806  1.31720695  1.55794414
3    1.58958987  1.68254833  1.09407177  0.00000000  1.40106038  0.96221553  0.67882563  0.91192265
4    1.92638266  2.32416500  1.81077021  1.40106038  0.00000000  1.27502280  1.40458706  1.64909634
5    0.87056359  1.98327528  1.33509806  0.96221553  1.27502280  0.00000000  0.50153313  0.75401586
6    1.23834079  1.94140147  1.31720695  0.67882563  1.40458706  0.50153313  0.00000000  0.42208154
7    1.48894386  2.18152516  1.55794414  0.91192265  1.64909634  0.75401586  0.42208154  0.00000000

--------------------------------------------------------------------------------
n=7
(result of R-step: (3,6:7)0.01717643)
V=[0, 1, 2, 3, 4, 5, 6]
total successes of this branch: 3
Matrix on 7 elements:

0    0.00000000  2.61748146  1.95990389  1.58414763  1.92638266  0.87056359  1.15396559
1    2.61748146  0.00000000  2.13291551  1.67710609  2.32416500  1.98327528  1.85702627
2    1.95990389  2.13291551  0.00000000  1.08862953  1.81077021  1.33509806  1.23283174
3    1.58414763  1.67710609  1.08862953  0.00000000  1.39561815  0.95677329  0.58900819
4    1.92638266  2.32416500  1.81077021  1.39561815  0.00000000  1.27502280  1.32021185
5    0.87056359  1.98327528  1.33509806  0.95677329  1.27502280  0.00000000  0.41715792
6    1.15396559  1.85702627  1.23283174  0.58900819  1.32021185  0.41715792  0.00000000

--------------------------------------------------------------------------------
n=6
(result of R-step: (3,5:6)0.40171583)
V=[0, 1, 2, 3, 4, 5]
total successes of this branch: 3
Matrix on 6 elements:

0    0.00000000  2.61748146  1.95990389  1.55945122  1.92638266  0.84042494
1    2.61748146  0.00000000  2.13291551  1.65240968  2.32416500  1.95313663
2    1.95990389  2.13291551  0.00000000  1.06393312  1.81077021  1.30495941
3    1.55945122  1.65240968  1.06393312  0.00000000  1.37092174  0.90193823
4    1.92638266  2.32416500  1.81077021  1.37092174  0.00000000  1.24488415
5    0.84042494  1.95313663  1.30495941  0.90193823  1.24488415  0.00000000

--------------------------------------------------------------------------------
n=5
(result of R-step: (0,4:5)0.93480259)
V=[0, 1, 2, 3, 4]
total successes of this branch: 3
Matrix on 5 elements:

0    0.00000000  1.89002780  1.23245023  0.83199756  0.51394778
1    1.89002780  0.00000000  2.13291551  1.65240968  1.63918378
2    1.23245023  2.13291551  0.00000000  1.06393312  1.12578899
3    0.83199756  1.65240968  1.06393312  0.00000000  0.68594052
4    0.51394778  1.63918378  1.12578899  0.68594052  0.00000000

--------------------------------------------------------------------------------
n=4
(result of R-step: (0,1:4)0.50787949)
V=[0, 1, 2, 3]
total successes of this branch: 1
Matrix on 4 elements:

0    0.00000000  0.50972071  1.10089835  0.70044568
1    0.50972071  0.00000000  0.88416030  0.40365447
2    1.10089835  0.88416030  0.00000000  1.06393312
3    0.70044568  0.40365447  1.06393312  0.00000000

--------------------------------------------------------------------------------
n=4
(result of R-step: (0,2:1)0.19763267)
V=[0, 2, 3, 4]
total successes of this branch: 0
reason of abort: negative delta/dxy

--------------------------------------------------------------------------------
n=4
(result of R-step: (0,3:1)0.33989948)
V=[0, 2, 3, 4]
total successes of this branch: 0
Matrix on 4 elements:

0    0.00000000  0.74830376  0.07674796  0.02980131
2    0.74830376  0.00000000  0.79282999  1.12578899
3    0.07674796  0.79282999  0.00000000  0.41483739
4    0.02980131  1.12578899  0.41483739  0.00000000
reason of abort: no pseudometric

--------------------------------------------------------------------------------
n=4
(result of R-step: (0,3:2)0.09925849)
V=[0, 1, 3, 4]
total successes of this branch: 1
Matrix on 4 elements:

0    0.00000000  1.75847592  0.40933547  0.38239590
1    1.75847592  0.00000000  1.36129948  1.63918378
3    0.40933547  1.36129948  0.00000000  0.39483031
4    0.38239590  1.63918378  0.39483031  0.00000000

--------------------------------------------------------------------------------
n=4
(result of R-step: (0,4:3)0.52074020)
V=[0, 1, 2, 4]
total successes of this branch: 0
reason of abort: negative delta/dxy

--------------------------------------------------------------------------------
n=4
(result of R-step: (1,2:3)0.27323513)
V=[0, 1, 2, 4]
total successes of this branch: 1
Matrix on 4 elements:

0    0.00000000  0.64127259  0.50231612  0.51394778
1    0.64127259  0.00000000  0.15402619  0.39042857
2    0.50231612  0.15402619  0.00000000  0.39565488
4    0.51394778  0.39042857  0.39565488  0.00000000

--------------------------------------------------------------------------------
n=4
(result of R-step: (1,4:2)0.83130084)
V=[0, 1, 3, 4]
total successes of this branch: 0
reason of abort: negative delta/dxy

--------------------------------------------------------------------------------
n=4
(result of R-step: (2,4:0)0.90537213)
V=[1, 2, 3, 4]
total successes of this branch: 0
reason of abort: negative delta/dxy

--------------------------------------------------------------------------------
n=4
(result of R-step: (3,4:1)0.97117140)
V=[0, 2, 3, 4]
total successes of this branch: 0
reason of abort: negative delta/dxy

--------------------------------------------------------------------------------
n=4
(result of R-step: (3,4:2)0.73737899)
V=[0, 1, 3, 4]
total successes of this branch: 0
Matrix on 4 elements:

0    0.00000000  1.89002780  0.56089443  0.25499737
1    1.89002780  0.00000000  1.38130655  1.38023337
3    0.56089443  1.38130655  0.00000000  0.15588698
4    0.25499737  1.38023337  0.15588698  0.00000000
reason of abort: no pseudometric
