n=20
V=[0, 1, 2, 3, 4, 5, 6, 7, 8, 9, 10, 11, 12, 13, 14, 15, 16, 17, 18, 19]
total successes of this branch: 3
Matrix on 20 elements:

0    0.00000000  2.01011514  1.98241167  1.77255294  1.60505980  1.83192383  1.84683225  1.83826243  1.80441552  1.64805052  1.09410779  1.51203142  1.64685831  1.61859561  1.79746256  1.26613731  1.15751957  1.58773866  1.59460969  1.84068267
1    2.01011514  0.00000000  1.88754152  1.94100685  1.74046427  1.92588103  1.85768538  1.89688637  1.82352902  1.77560073  1.98401772  1.82677695  1.77462634  1.85979101  1.84916466  1.97311170  1.95999625  1.75653500  1.75015999  1.85273339
2    1.98241167  1.88754152  0.00000000  1.71115218  1.94449618  1.54471983  1.57340209  1.55691463  1.73481007  1.86873860  1.74211995  1.83764774  1.87083949  1.74006610  1.72964752  1.73426762  1.75688671  1.92460185  1.93249363  1.59680303
3    1.77255294  1.94100685  1.71115218  0.00000000  1.83987668  1.28929487  1.34382052  1.31247747  1.18258907  1.73554147  1.75947997  1.74141951  1.73843487  1.59080544  1.02941712  1.43378606  1.75706567  1.82154474  1.82881674  1.32044517
4    1.60505980  1.74046427  1.94449618  1.83987668  0.00000000  1.86947446  1.85868079  1.86488533  1.82654318  1.07062328  1.67732993  1.21959841  1.06286359  1.43608844  1.82945277  1.71854600  1.60683809  0.42124444  0.33570532  1.85402147
5    1.83192383  1.92588103  1.54471983  1.28929487  1.86947446  0.00000000  1.17897547  1.11376217  1.37467578  1.68269814  1.77077461  1.70432507  1.68787777  1.35310285  1.35604422  1.64868850  1.76126465  1.83872497  1.85092282  1.20734812
6    1.84683225  1.85768538  1.57340209  1.34382052  1.85868079  1.17897547  0.00000000  1.13074104  1.41274166  1.72987669  1.78861565  1.74429988  1.73344866  1.55597613  1.39770191  1.67583145  1.78228687  1.83738398  1.84583210  0.28202260
7    1.83826243  1.89688637  1.55691463  1.31247747  1.86488533  1.11376217  1.13074104  0.00000000  1.39086020  1.72254756  1.77836006  1.73625216  1.72649483  1.52888512  1.37375577  1.66022884  1.77241006  1.84093486  1.85043564  1.16845314
8    1.80441552  1.82352902  1.73481007  1.18258907  1.82654318  1.37467578  1.41274166  1.39086020  0.00000000  1.74091435  1.78959567  1.75286791  1.74328898  1.62688262  0.63383574  1.63568043  1.78428335  1.81282543  1.81826705  1.22101310
9    1.64805052  1.77560073  1.86873860  1.73554147  1.07062328  1.68269814  1.72987669  1.72254756  1.74091435  0.00000000  1.69503769  1.02666993  0.79857045  1.24520940  1.73974189  1.70530801  1.59219458  1.06243952  1.06568589  1.73147693
10    1.09410779  1.98401772  1.74211995  1.75947997  1.67732993  1.77077461  1.78861565  1.77836006  1.78959567  1.69503769  0.00000000  1.47750804  1.69454662  1.57520249  1.78302392  0.80071142  0.40978811  1.64012470  1.65488344  1.78875773
11    1.51203142  1.82677695  1.83764774  1.74141951  1.21959841  1.70432507  1.74429988  1.73625216  1.75286791  1.02666993  1.47750804  0.00000000  1.03202018  1.00122200  1.75036968  1.54442658  1.42640148  1.03694218  1.10939909  1.74554207
12    1.64685831  1.77462634  1.87083949  1.73843487  1.06286359  1.68787777  1.73344866  1.72649483  1.74328898  0.79857045  1.69454662  1.03202018  0.00000000  1.25050281  1.74222973  1.70567512  1.52805904  1.05712079  1.05939887  1.73487531
13    1.61859561  1.85979101  1.74006610  1.59080544  1.43608844  1.35310285  1.55597613  1.52888512  1.62688262  1.24520940  1.57520249  1.00122200  1.25050281  0.00000000  1.61900997  1.57915884  1.53795280  1.35511980  1.38723881  1.56625616
14    1.79746256  1.84916466  1.72964752  1.02941712  1.82945277  1.35604422  1.39770191  1.37375577  0.63383574  1.73974189  1.78302392  1.75036968  1.74222973  1.61900997  0.00000000  1.59193609  1.77834399  1.81472813  1.82056917  1.28695653
15    1.26613731  1.97311170  1.73426762  1.43378606  1.71854600  1.64868850  1.67583145  1.66022884  1.63568043  1.70530801  0.80071142  1.54442658  1.70567512  1.57915884  1.59193609  0.00000000  0.90452924  1.68612636  1.69898673  1.67001035
16    1.15751957  1.95999625  1.75688671  1.75706567  1.60683809  1.76126465  1.78228687  1.77241006  1.78428335  1.59219458  0.40978811  1.42640148  1.52805904  1.53795280  1.77834399  0.90452924  0.00000000  1.57324224  1.58656919  1.78257632
17    1.58773866  1.75653500  1.92460185  1.82154474  0.42124444  1.83872497  1.83738398  1.84093486  1.81282543  1.06243952  1.64012470  1.03694218  1.05712079  1.35511980  1.81472813  1.68612636  1.57324224  0.00000000  0.29114846  1.83382348
18    1.59460969  1.75015999  1.93249363  1.82881674  0.33570532  1.85092282  1.84583210  1.85043564  1.81826705  1.06568589  1.65488344  1.10939909  1.05939887  1.38723881  1.82056917  1.69898673  1.58656919  0.29114846  0.00000000  1.84183571
19    1.84068267  1.85273339  1.59680303  1.32044517  1.85402147  1.20734812  0.28202260  1.16845314  1.22101310  1.73147693  1.78875773  1.74554207  1.73487531  1.56625616  1.28695653  1.67001035  1.78257632  1.83382348  1.84183571  0.00000000

--------------------------------------------------------------------------------
n=19
(result of R-step: (4,17:18)0.39668457)
V=[0, 1, 2, 3, 4, 5, 6, 7, 8, 9, 10, 11, 12, 13, 14, 15, 16, 17, 19]
total successes of this branch: 3
Matrix on 19 elements:

0    0.00000000  2.01011514  1.98241167  1.77255294  1.50225513  1.83192383  1.84683225  1.83826243  1.80441552  1.64805052  1.09410779  1.51203142  1.64685831  1.61859561  1.79746256  1.26613731  1.15751957  1.48493399  1.84068267
1    2.01011514  0.00000000  1.88754152  1.94100685  1.63765960  1.92588103  1.85768538  1.89688637  1.82352902  1.77560073  1.98401772  1.82677695  1.77462634  1.85979101  1.84916466  1.97311170  1.95999625  1.65373033  1.85273339
2    1.98241167  1.88754152  0.00000000  1.71115218  1.84169150  1.54471983  1.57340209  1.55691463  1.73481007  1.86873860  1.74211995  1.83764774  1.87083949  1.74006610  1.72964752  1.73426762  1.75688671  1.82179718  1.59680303
3    1.77255294  1.94100685  1.71115218  0.00000000  1.73707200  1.28929487  1.34382052  1.31247747  1.18258907  1.73554147  1.75947997  1.74141951  1.73843487  1.59080544  1.02941712  1.43378606  1.75706567  1.71874007  1.32044517
4    1.50225513  1.63765960  1.84169150  1.73707200  0.00000000  1.76666978  1.75587611  1.76208065  1.72373850  0.96781860  1.57452526  1.11679374  0.96005891  1.33328377  1.72664810  1.61574132  1.50403341  0.21563509  1.75121680
5    1.83192383  1.92588103  1.54471983  1.28929487  1.76666978  0.00000000  1.17897547  1.11376217  1.37467578  1.68269814  1.77077461  1.70432507  1.68787777  1.35310285  1.35604422  1.64868850  1.76126465  1.73592029  1.20734812
6    1.84683225  1.85768538  1.57340209  1.34382052  1.75587611  1.17897547  0.00000000  1.13074104  1.41274166  1.72987669  1.78861565  1.74429988  1.73344866  1.55597613  1.39770191  1.67583145  1.78228687  1.73457931  0.28202260
7    1.83826243  1.89688637  1.55691463  1.31247747  1.76208065  1.11376217  1.13074104  0.00000000  1.39086020  1.72254756  1.77836006  1.73625216  1.72649483  1.52888512  1.37375577  1.66022884  1.77241006  1.73813019  1.16845314
8    1.80441552  1.82352902  1.73481007  1.18258907  1.72373850  1.37467578  1.41274166  1.39086020  0.00000000  1.74091435  1.78959567  1.75286791  1.74328898  1.62688262  0.63383574  1.63568043  1.78428335  1.71002076  1.22101310
9    1.64805052  1.77560073  1.86873860  1.73554147  0.96781860  1.68269814  1.72987669  1.72254756  1.74091435  0.00000000  1.69503769  1.02666993  0.79857045  1.24520940  1.73974189  1.70530801  1.59219458  0.95963484  1.73147693
10    1.09410779  1.98401772  1.74211995  1.75947997  1.57452526  1.77077461  1.78861565  1.77836006  1.78959567  1.69503769  0.00000000  1.47750804  1.69454662  1.57520249  1.78302392  0.80071142  0.40978811  1.53732003  1.78875773
11    1.51203142  1.82677695  1.83764774  1.74141951  1.11679374  1.70432507  1.74429988  1.73625216  1.75286791  1.02666993  1.47750804  0.00000000  1.03202018  1.00122200  1.75036968  1.54442658  1.42640148  0.93413751  1.74554207
12    1.64685831  1.77462634  1.87083949  1.73843487  0.96005891  1.68787777  1.73344866  1.72649483  1.74328898  0.79857045  1.69454662  1.03202018  0.00000000  1.25050281  1.74222973  1.70567512  1.52805904  0.95431612  1.73487531
13    1.61859561  1.85979101  1.74006610  1.59080544  1.33328377  1.35310285  1.55597613  1.52888512  1.62688262  1.24520940  1.57520249  1.00122200  1.25050281  0.00000000  1.61900997  1.57915884  1.53795280  1.25231512  1.56625616
14    1.79746256  1.84916466  1.72964752  1.02941712  1.72664810  1.35604422  1.39770191  1.37375577  0.63383574  1.73974189  1.78302392  1.75036968  1.74222973  1.61900997  0.00000000  1.59193609  1.77834399  1.71192346  1.28695653
15    1.26613731  1.97311170  1.73426762  1.43378606  1.61574132  1.64868850  1.67583145  1.66022884  1.63568043  1.70530801  0.80071142  1.54442658  1.70567512  1.57915884  1.59193609  0.00000000  0.90452924  1.58332168  1.67001035
16    1.15751957  1.95999625  1.75688671  1.75706567  1.50403341  1.76126465  1.78228687  1.77241006  1.78428335  1.59219458  0.40978811  1.42640148  1.52805904  1.53795280  1.77834399  0.90452924  0.00000000  1.47043756  1.78257632
17    1.48493399  1.65373033  1.82179718  1.71874007  0.21563509  1.73592029  1.73457931  1.73813019  1.71002076  0.95963484  1.53732003  0.93413751  0.95431612  1.25231512  1.71192346  1.58332168  1.47043756  0.00000000  1.73101881
19    1.84068267  1.85273339  1.59680303  1.32044517  1.75121680  1.20734812  0.28202260  1.16845314  1.22101310  1.73147693  1.78875773  1.74554207  1.73487531  1.56625616  1.28695653  1.67001035  1.78257632  1.73101881  0.00000000

--------------------------------------------------------------------------------
n=18
(result of R-step: (4,11:17)0.81380802)
V=[0, 1, 2, 3, 4, 5, 6, 7, 8, 9, 10, 11, 12, 13, 14, 15, 16, 19]
total successes of this branch: 3
Matrix on 18 elements:

0    0.00000000  2.01011514  1.98241167  1.77255294  1.48576570  1.83192383  1.84683225  1.83826243  1.80441552  1.64805052  1.09410779  1.39273731  1.64685831  1.61859561  1.79746256  1.26613731  1.15751957  1.84068267
1    2.01011514  0.00000000  1.88754152  1.94100685  1.62117017  1.92588103  1.85768538  1.89688637  1.82352902  1.77560073  1.98401772  1.70748285  1.77462634  1.85979101  1.84916466  1.97311170  1.95999625  1.85273339
2    1.98241167  1.88754152  0.00000000  1.71115218  1.82520208  1.54471983  1.57340209  1.55691463  1.73481007  1.86873860  1.74211995  1.71835364  1.87083949  1.74006610  1.72964752  1.73426762  1.75688671  1.59680303
3    1.77255294  1.94100685  1.71115218  0.00000000  1.72058257  1.28929487  1.34382052  1.31247747  1.18258907  1.73554147  1.75947997  1.62212541  1.73843487  1.59080544  1.02941712  1.43378606  1.75706567  1.32044517
4    1.48576570  1.62117017  1.82520208  1.72058257  0.00000000  1.75018036  1.73938669  1.74559123  1.70724908  0.95132917  1.55803583  0.98101021  0.94356949  1.31679434  1.71015867  1.59925190  1.48754399  1.73472737
5    1.83192383  1.92588103  1.54471983  1.28929487  1.75018036  0.00000000  1.17897547  1.11376217  1.37467578  1.68269814  1.77077461  1.58503097  1.68787777  1.35310285  1.35604422  1.64868850  1.76126465  1.20734812
6    1.84683225  1.85768538  1.57340209  1.34382052  1.73938669  1.17897547  0.00000000  1.13074104  1.41274166  1.72987669  1.78861565  1.62500578  1.73344866  1.55597613  1.39770191  1.67583145  1.78228687  0.28202260
7    1.83826243  1.89688637  1.55691463  1.31247747  1.74559123  1.11376217  1.13074104  0.00000000  1.39086020  1.72254756  1.77836006  1.61695806  1.72649483  1.52888512  1.37375577  1.66022884  1.77241006  1.16845314
8    1.80441552  1.82352902  1.73481007  1.18258907  1.70724908  1.37467578  1.41274166  1.39086020  0.00000000  1.74091435  1.78959567  1.63357381  1.74328898  1.62688262  0.63383574  1.63568043  1.78428335  1.22101310
9    1.64805052  1.77560073  1.86873860  1.73554147  0.95132917  1.68269814  1.72987669  1.72254756  1.74091435  0.00000000  1.69503769  0.90737583  0.79857045  1.24520940  1.73974189  1.70530801  1.59219458  1.73147693
10    1.09410779  1.98401772  1.74211995  1.75947997  1.55803583  1.77077461  1.78861565  1.77836006  1.78959567  1.69503769  0.00000000  1.35821394  1.69454662  1.57520249  1.78302392  0.80071142  0.40978811  1.78875773
11    1.39273731  1.70748285  1.71835364  1.62212541  0.98101021  1.58503097  1.62500578  1.61695806  1.63357381  0.90737583  1.35821394  0.00000000  0.91272608  0.88192790  1.63107557  1.42513248  1.30710738  1.62624797
12    1.64685831  1.77462634  1.87083949  1.73843487  0.94356949  1.68787777  1.73344866  1.72649483  1.74328898  0.79857045  1.69454662  0.91272608  0.00000000  1.25050281  1.74222973  1.70567512  1.52805904  1.73487531
13    1.61859561  1.85979101  1.74006610  1.59080544  1.31679434  1.35310285  1.55597613  1.52888512  1.62688262  1.24520940  1.57520249  0.88192790  1.25050281  0.00000000  1.61900997  1.57915884  1.53795280  1.56625616
14    1.79746256  1.84916466  1.72964752  1.02941712  1.71015867  1.35604422  1.39770191  1.37375577  0.63383574  1.73974189  1.78302392  1.63107557  1.74222973  1.61900997  0.00000000  1.59193609  1.77834399  1.28695653
15    1.26613731  1.97311170  1.73426762  1.43378606  1.59925190  1.64868850  1.67583145  1.66022884  1.63568043  1.70530801  0.80071142  1.42513248  1.70567512  1.57915884  1.59193609  0.00000000  0.90452924  1.67001035
16    1.15751957  1.95999625  1.75688671  1.75706567  1.48754399  1.76126465  1.78228687  1.77241006  1.78428335  1.59219458  0.40978811  1.30710738  1.52805904  1.53795280  1.77834399  0.90452924  0.00000000  1.78257632
19    1.84068267  1.85273339  1.59680303  1.32044517  1.73472737  1.20734812  0.28202260  1.16845314  1.22101310  1.73147693  1.78875773  1.62624797  1.73487531  1.56625616  1.28695653  1.67001035  1.78257632  0.00000000

--------------------------------------------------------------------------------
n=17
(result of R-step: (5,11:13)0.33312510)
V=[0, 1, 2, 3, 4, 5, 6, 7, 8, 9, 10, 11, 12, 14, 15, 16, 19]
total successes of this branch: 3
Matrix on 17 elements:

0    0.00000000  2.01011514  1.98241167  1.77255294  1.48576570  1.50692394  1.84683225  1.83826243  1.80441552  1.64805052  1.09410779  1.18703153  1.64685831  1.79746256  1.26613731  1.15751957  1.84068267
1    2.01011514  0.00000000  1.88754152  1.94100685  1.62117017  1.60088115  1.85768538  1.89688637  1.82352902  1.77560073  1.98401772  1.50177706  1.77462634  1.84916466  1.97311170  1.95999625  1.85273339
2    1.98241167  1.88754152  0.00000000  1.71115218  1.82520208  1.21971994  1.57340209  1.55691463  1.73481007  1.86873860  1.74211995  1.51264785  1.87083949  1.72964752  1.73426762  1.75688671  1.59680303
3    1.77255294  1.94100685  1.71115218  0.00000000  1.72058257  0.96429498  1.34382052  1.31247747  1.18258907  1.73554147  1.75947997  1.41641962  1.73843487  1.02941712  1.43378606  1.75706567  1.32044517
4    1.48576570  1.62117017  1.82520208  1.72058257  0.00000000  1.42518047  1.73938669  1.74559123  1.70724908  0.95132917  1.55803583  0.77530443  0.94356949  1.71015867  1.59925190  1.48754399  1.73472737
5    1.50692394  1.60088115  1.21971994  0.96429498  1.42518047  0.00000000  0.85397558  0.78876228  1.04967589  1.35769825  1.44577472  1.05432530  1.36287788  1.03104433  1.32368862  1.43626476  0.88234823
6    1.84683225  1.85768538  1.57340209  1.34382052  1.73938669  0.85397558  0.00000000  1.13074104  1.41274166  1.72987669  1.78861565  1.41929999  1.73344866  1.39770191  1.67583145  1.78228687  0.28202260
7    1.83826243  1.89688637  1.55691463  1.31247747  1.74559123  0.78876228  1.13074104  0.00000000  1.39086020  1.72254756  1.77836006  1.41125228  1.72649483  1.37375577  1.66022884  1.77241006  1.16845314
8    1.80441552  1.82352902  1.73481007  1.18258907  1.70724908  1.04967589  1.41274166  1.39086020  0.00000000  1.74091435  1.78959567  1.42786802  1.74328898  0.63383574  1.63568043  1.78428335  1.22101310
9    1.64805052  1.77560073  1.86873860  1.73554147  0.95132917  1.35769825  1.72987669  1.72254756  1.74091435  0.00000000  1.69503769  0.70167005  0.79857045  1.73974189  1.70530801  1.59219458  1.73147693
10    1.09410779  1.98401772  1.74211995  1.75947997  1.55803583  1.44577472  1.78861565  1.77836006  1.78959567  1.69503769  0.00000000  1.15250815  1.69454662  1.78302392  0.80071142  0.40978811  1.78875773
11    1.18703153  1.50177706  1.51264785  1.41641962  0.77530443  1.05432530  1.41929999  1.41125228  1.42786802  0.70167005  1.15250815  0.00000000  0.70702029  1.42536979  1.21942669  1.10140159  1.42054219
12    1.64685831  1.77462634  1.87083949  1.73843487  0.94356949  1.36287788  1.73344866  1.72649483  1.74328898  0.79857045  1.69454662  0.70702029  0.00000000  1.74222973  1.70567512  1.52805904  1.73487531
14    1.79746256  1.84916466  1.72964752  1.02941712  1.71015867  1.03104433  1.39770191  1.37375577  0.63383574  1.73974189  1.78302392  1.42536979  1.74222973  0.00000000  1.59193609  1.77834399  1.28695653
15    1.26613731  1.97311170  1.73426762  1.43378606  1.59925190  1.32368862  1.67583145  1.66022884  1.63568043  1.70530801  0.80071142  1.21942669  1.70567512  1.59193609  0.00000000  0.90452924  1.67001035
16    1.15751957  1.95999625  1.75688671  1.75706567  1.48754399  1.43626476  1.78228687  1.77241006  1.78428335  1.59219458  0.40978811  1.10140159  1.52805904  1.77834399  0.90452924  0.00000000  1.78257632
19    1.84068267  1.85273339  1.59680303  1.32044517  1.73472737  0.88234823  0.28202260  1.16845314  1.22101310  1.73147693  1.78875773  1.42054219  1.73487531  1.28695653  1.67001035  1.78257632  0.00000000

--------------------------------------------------------------------------------
n=16
(result of R-step: (6,8:19)0.85501992)
V=[0, 1, 2, 3, 4, 5, 6, 7, 8, 9, 10, 11, 12, 14, 15, 16]
total successes of this branch: 3
Matrix on 16 elements:

0    0.00000000  2.01011514  1.98241167  1.77255294  1.48576570  1.50692394  1.80168524  1.83826243  1.75926850  1.64805052  1.09410779  1.18703153  1.64685831  1.79746256  1.26613731  1.15751957
1    2.01011514  0.00000000  1.88754152  1.94100685  1.62117017  1.60088115  1.81253837  1.89688637  1.77838200  1.77560073  1.98401772  1.50177706  1.77462634  1.84916466  1.97311170  1.95999625
2    1.98241167  1.88754152  0.00000000  1.71115218  1.82520208  1.21971994  1.52825507  1.55691463  1.68966305  1.86873860  1.74211995  1.51264785  1.87083949  1.72964752  1.73426762  1.75688671
3    1.77255294  1.94100685  1.71115218  0.00000000  1.72058257  0.96429498  1.29867350  1.31247747  1.13744205  1.73554147  1.75947997  1.41641962  1.73843487  1.02941712  1.43378606  1.75706567
4    1.48576570  1.62117017  1.82520208  1.72058257  0.00000000  1.42518047  1.69423967  1.74559123  1.66210206  0.95132917  1.55803583  0.77530443  0.94356949  1.71015867  1.59925190  1.48754399
5    1.50692394  1.60088115  1.21971994  0.96429498  1.42518047  0.00000000  0.80882857  0.78876228  1.00452887  1.35769825  1.44577472  1.05432530  1.36287788  1.03104433  1.32368862  1.43626476
6    1.80168524  1.81253837  1.52825507  1.29867350  1.69423967  0.80882857  0.00000000  1.08559402  1.32244763  1.68472968  1.74346863  1.37415298  1.68830164  1.35255489  1.63068443  1.73713985
7    1.83826243  1.89688637  1.55691463  1.31247747  1.74559123  0.78876228  1.08559402  0.00000000  1.34571319  1.72254756  1.77836006  1.41125228  1.72649483  1.37375577  1.66022884  1.77241006
8    1.75926850  1.77838200  1.68966305  1.13744205  1.66210206  1.00452887  1.32244763  1.34571319  0.00000000  1.69576733  1.74444865  1.38272101  1.69814197  0.58868872  1.59053341  1.73913633
9    1.64805052  1.77560073  1.86873860  1.73554147  0.95132917  1.35769825  1.68472968  1.72254756  1.69576733  0.00000000  1.69503769  0.70167005  0.79857045  1.73974189  1.70530801  1.59219458
10    1.09410779  1.98401772  1.74211995  1.75947997  1.55803583  1.44577472  1.74346863  1.77836006  1.74444865  1.69503769  0.00000000  1.15250815  1.69454662  1.78302392  0.80071142  0.40978811
11    1.18703153  1.50177706  1.51264785  1.41641962  0.77530443  1.05432530  1.37415298  1.41125228  1.38272101  0.70167005  1.15250815  0.00000000  0.70702029  1.42536979  1.21942669  1.10140159
12    1.64685831  1.77462634  1.87083949  1.73843487  0.94356949  1.36287788  1.68830164  1.72649483  1.69814197  0.79857045  1.69454662  0.70702029  0.00000000  1.74222973  1.70567512  1.52805904
14    1.79746256  1.84916466  1.72964752  1.02941712  1.71015867  1.03104433  1.35255489  1.37375577  0.58868872  1.73974189  1.78302392  1.42536979  1.74222973  0.00000000  1.59193609  1.77834399
15    1.26613731  1.97311170  1.73426762  1.43378606  1.59925190  1.32368862  1.63068443  1.66022884  1.59053341  1.70530801  0.80071142  1.21942669  1.70567512  1.59193609  0.00000000  0.90452924
16    1.15751957  1.95999625  1.75688671  1.75706567  1.48754399  1.43626476  1.73713985  1.77241006  1.73913633  1.59219458  0.40978811  1.10140159  1.52805904  1.77834399  0.90452924  0.00000000

--------------------------------------------------------------------------------
n=15
(result of R-step: (10,12:16)0.88527957)
V=[0, 1, 2, 3, 4, 5, 6, 7, 8, 9, 10, 11, 12, 14, 15]
total successes of this branch: 3
Matrix on 15 elements:

0    0.00000000  2.01011514  1.98241167  1.77255294  1.48576570  1.50692394  1.80168524  1.83826243  1.75926850  1.64805052  0.97245753  1.18703153  1.52520804  1.79746256  1.26613731
1    2.01011514  0.00000000  1.88754152  1.94100685  1.62117017  1.60088115  1.81253837  1.89688637  1.77838200  1.77560073  1.86236746  1.50177706  1.65297607  1.84916466  1.97311170
2    1.98241167  1.88754152  0.00000000  1.71115218  1.82520208  1.21971994  1.52825507  1.55691463  1.68966305  1.86873860  1.62046968  1.51264785  1.74918922  1.72964752  1.73426762
3    1.77255294  1.94100685  1.71115218  0.00000000  1.72058257  0.96429498  1.29867350  1.31247747  1.13744205  1.73554147  1.63782971  1.41641962  1.61678461  1.02941712  1.43378606
4    1.48576570  1.62117017  1.82520208  1.72058257  0.00000000  1.42518047  1.69423967  1.74559123  1.66210206  0.95132917  1.43638557  0.77530443  0.82191922  1.71015867  1.59925190
5    1.50692394  1.60088115  1.21971994  0.96429498  1.42518047  0.00000000  0.80882857  0.78876228  1.00452887  1.35769825  1.32412445  1.05432530  1.24122762  1.03104433  1.32368862
6    1.80168524  1.81253837  1.52825507  1.29867350  1.69423967  0.80882857  0.00000000  1.08559402  1.32244763  1.68472968  1.62181836  1.37415298  1.56665137  1.35255489  1.63068443
7    1.83826243  1.89688637  1.55691463  1.31247747  1.74559123  0.78876228  1.08559402  0.00000000  1.34571319  1.72254756  1.65670979  1.41125228  1.60484457  1.37375577  1.66022884
8    1.75926850  1.77838200  1.68966305  1.13744205  1.66210206  1.00452887  1.32244763  1.34571319  0.00000000  1.69576733  1.62279839  1.38272101  1.57649170  0.58868872  1.59053341
9    1.64805052  1.77560073  1.86873860  1.73554147  0.95132917  1.35769825  1.68472968  1.72254756  1.69576733  0.00000000  1.57338743  0.70167005  0.67692019  1.73974189  1.70530801
10    0.97245753  1.86236746  1.62046968  1.63782971  1.43638557  1.32412445  1.62181836  1.65670979  1.62279839  1.57338743  0.00000000  1.03085788  1.45124609  1.66137365  0.67906115
11    1.18703153  1.50177706  1.51264785  1.41641962  0.77530443  1.05432530  1.37415298  1.41125228  1.38272101  0.70167005  1.03085788  0.00000000  0.58537002  1.42536979  1.21942669
12    1.52520804  1.65297607  1.74918922  1.61678461  0.82191922  1.24122762  1.56665137  1.60484457  1.57649170  0.67692019  1.45124609  0.58537002  0.00000000  1.62057947  1.58402485
14    1.79746256  1.84916466  1.72964752  1.02941712  1.71015867  1.03104433  1.35255489  1.37375577  0.58868872  1.73974189  1.66137365  1.42536979  1.62057947  0.00000000  1.59193609
15    1.26613731  1.97311170  1.73426762  1.43378606  1.59925190  1.32368862  1.63068443  1.66022884  1.59053341  1.70530801  0.67906115  1.21942669  1.58402485  1.59193609  0.00000000

--------------------------------------------------------------------------------
n=14
(result of R-step: (3,10:15)0.25356437)
V=[0, 1, 2, 3, 4, 5, 6, 7, 8, 9, 10, 11, 12, 14]
total successes of this branch: 3
Matrix on 14 elements:

0    0.00000000  2.01011514  1.98241167  1.53504419  1.48576570  1.50692394  1.80168524  1.83826243  1.75926850  1.64805052  0.85659904  1.18703153  1.52520804  1.79746256
1    2.01011514  0.00000000  1.88754152  1.70349810  1.62117017  1.60088115  1.81253837  1.89688637  1.77838200  1.77560073  1.74650897  1.50177706  1.65297607  1.84916466
2    1.98241167  1.88754152  0.00000000  1.47364343  1.82520208  1.21971994  1.52825507  1.55691463  1.68966305  1.86873860  1.50461119  1.51264785  1.74918922  1.72964752
3    1.53504419  1.70349810  1.47364343  0.00000000  1.48307382  0.72678623  1.06116475  1.07496872  0.89993330  1.49803272  1.28446247  1.17891087  1.37927585  0.79190837
4    1.48576570  1.62117017  1.82520208  1.48307382  0.00000000  1.42518047  1.69423967  1.74559123  1.66210206  0.95132917  1.32052708  0.77530443  0.82191922  1.71015867
5    1.50692394  1.60088115  1.21971994  0.72678623  1.42518047  0.00000000  0.80882857  0.78876228  1.00452887  1.35769825  1.20826597  1.05432530  1.24122762  1.03104433
6    1.80168524  1.81253837  1.52825507  1.06116475  1.69423967  0.80882857  0.00000000  1.08559402  1.32244763  1.68472968  1.50595988  1.37415298  1.56665137  1.35255489
7    1.83826243  1.89688637  1.55691463  1.07496872  1.74559123  0.78876228  1.08559402  0.00000000  1.34571319  1.72254756  1.54085131  1.41125228  1.60484457  1.37375577
8    1.75926850  1.77838200  1.68966305  0.89993330  1.66210206  1.00452887  1.32244763  1.34571319  0.00000000  1.69576733  1.50693990  1.38272101  1.57649170  0.58868872
9    1.64805052  1.77560073  1.86873860  1.49803272  0.95132917  1.35769825  1.68472968  1.72254756  1.69576733  0.00000000  1.45752894  0.70167005  0.67692019  1.73974189
10    0.85659904  1.74650897  1.50461119  1.28446247  1.32052708  1.20826597  1.50595988  1.54085131  1.50693990  1.45752894  0.00000000  0.91499940  1.33538761  1.54551516
11    1.18703153  1.50177706  1.51264785  1.17891087  0.77530443  1.05432530  1.37415298  1.41125228  1.38272101  0.70167005  0.91499940  0.00000000  0.58537002  1.42536979
12    1.52520804  1.65297607  1.74918922  1.37927585  0.82191922  1.24122762  1.56665137  1.60484457  1.57649170  0.67692019  1.33538761  0.58537002  0.00000000  1.62057947
14    1.79746256  1.84916466  1.72964752  0.79190837  1.71015867  1.03104433  1.35255489  1.37375577  0.58868872  1.73974189  1.54551516  1.42536979  1.62057947  0.00000000

--------------------------------------------------------------------------------
n=13
(result of R-step: (3,8:14)0.21821688)
V=[0, 1, 2, 3, 4, 5, 6, 7, 8, 9, 10, 11, 12]
total successes of this branch: 3
Matrix on 13 elements:

0    0.00000000  2.01011514  1.98241167  1.53222104  1.48576570  1.50692394  1.80168524  1.83826243  1.56408362  1.64805052  0.85659904  1.18703153  1.52520804
1    2.01011514  0.00000000  1.88754152  1.70067495  1.62117017  1.60088115  1.81253837  1.89688637  1.58319712  1.77560073  1.74650897  1.50177706  1.65297607
2    1.98241167  1.88754152  0.00000000  1.47082029  1.82520208  1.21971994  1.52825507  1.55691463  1.49447817  1.86873860  1.50461119  1.51264785  1.74918922
3    1.53222104  1.70067495  1.47082029  0.00000000  1.48025068  0.72396309  1.05834161  1.07214558  0.70192528  1.49520958  1.28163932  1.17608772  1.37645271
4    1.48576570  1.62117017  1.82520208  1.48025068  0.00000000  1.42518047  1.69423967  1.74559123  1.46691718  0.95132917  1.32052708  0.77530443  0.82191922
5    1.50692394  1.60088115  1.21971994  0.72396309  1.42518047  0.00000000  0.80882857  0.78876228  0.80934399  1.35769825  1.20826597  1.05432530  1.24122762
6    1.80168524  1.81253837  1.52825507  1.05834161  1.69423967  0.80882857  0.00000000  1.08559402  1.12726275  1.68472968  1.50595988  1.37415298  1.56665137
7    1.83826243  1.89688637  1.55691463  1.07214558  1.74559123  0.78876228  1.08559402  0.00000000  1.15052831  1.72254756  1.54085131  1.41125228  1.60484457
8    1.56408362  1.58319712  1.49447817  0.70192528  1.46691718  0.80934399  1.12726275  1.15052831  0.00000000  1.50058245  1.31175502  1.18753613  1.38130682
9    1.64805052  1.77560073  1.86873860  1.49520958  0.95132917  1.35769825  1.68472968  1.72254756  1.50058245  0.00000000  1.45752894  0.70167005  0.67692019
10    0.85659904  1.74650897  1.50461119  1.28163932  1.32052708  1.20826597  1.50595988  1.54085131  1.31175502  1.45752894  0.00000000  0.91499940  1.33538761
11    1.18703153  1.50177706  1.51264785  1.17608772  0.77530443  1.05432530  1.37415298  1.41125228  1.18753613  0.70167005  0.91499940  0.00000000  0.58537002
12    1.52520804  1.65297607  1.74918922  1.37645271  0.82191922  1.24122762  1.56665137  1.60484457  1.38130682  0.67692019  1.33538761  0.58537002  0.00000000

--------------------------------------------------------------------------------
n=12
(result of R-step: (1,3:8)0.13412310)
V=[0, 1, 2, 3, 4, 5, 6, 7, 9, 10, 11, 12]
total successes of this branch: 3
Matrix on 12 elements:

0    0.00000000  1.47755952  1.98241167  1.23999732  1.48576570  1.50692394  1.80168524  1.83826243  1.64805052  0.85659904  1.18703153  1.52520804
1    1.47755952  0.00000000  1.35498590  0.87589561  1.08861455  1.06832553  1.27998275  1.36433075  1.24304511  1.21395335  0.96922144  1.12042045
2    1.98241167  1.35498590  0.00000000  1.17859656  1.82520208  1.21971994  1.52825507  1.55691463  1.86873860  1.50461119  1.51264785  1.74918922
3    1.23999732  0.87589561  1.17859656  0.00000000  1.18802695  0.43173936  0.76611788  0.77992185  1.20298586  0.98941560  0.88386400  1.08422899
4    1.48576570  1.08861455  1.82520208  1.18802695  0.00000000  1.42518047  1.69423967  1.74559123  0.95132917  1.32052708  0.77530443  0.82191922
5    1.50692394  1.06832553  1.21971994  0.43173936  1.42518047  0.00000000  0.80882857  0.78876228  1.35769825  1.20826597  1.05432530  1.24122762
6    1.80168524  1.27998275  1.52825507  0.76611788  1.69423967  0.80882857  0.00000000  1.08559402  1.68472968  1.50595988  1.37415298  1.56665137
7    1.83826243  1.36433075  1.55691463  0.77992185  1.74559123  0.78876228  1.08559402  0.00000000  1.72254756  1.54085131  1.41125228  1.60484457
9    1.64805052  1.24304511  1.86873860  1.20298586  0.95132917  1.35769825  1.68472968  1.72254756  0.00000000  1.45752894  0.70167005  0.67692019
10    0.85659904  1.21395335  1.50461119  0.98941560  1.32052708  1.20826597  1.50595988  1.54085131  1.45752894  0.00000000  0.91499940  1.33538761
11    1.18703153  0.96922144  1.51264785  0.88386400  0.77530443  1.05432530  1.37415298  1.41125228  0.70167005  0.91499940  0.00000000  0.58537002
12    1.52520804  1.12042045  1.74918922  1.08422899  0.82191922  1.24122762  1.56665137  1.60484457  0.67692019  1.33538761  0.58537002  0.00000000

--------------------------------------------------------------------------------
n=11
(result of R-step: (4,9:12)0.02773174)
V=[0, 1, 2, 3, 4, 5, 6, 7, 9, 10, 11]
total successes of this branch: 3
Matrix on 11 elements:

0    0.00000000  1.47755952  1.98241167  1.23999732  1.20965442  1.50692394  1.80168524  1.83826243  1.25264513  0.85659904  1.18703153
1    1.47755952  0.00000000  1.35498590  0.87589561  0.81250327  1.06832553  1.27998275  1.36433075  0.84763973  1.21395335  0.96922144
2    1.98241167  1.35498590  0.00000000  1.17859656  1.54909079  1.21971994  1.52825507  1.55691463  1.47333321  1.50461119  1.51264785
3    1.23999732  0.87589561  1.17859656  0.00000000  0.91191567  0.43173936  0.76611788  0.77992185  0.80758047  0.98941560  0.88386400
4    1.20965442  0.81250327  1.54909079  0.91191567  0.00000000  1.14906919  1.41812839  1.46947994  0.27981251  1.04441580  0.49919314
5    1.50692394  1.06832553  1.21971994  0.43173936  1.14906919  0.00000000  0.80882857  0.78876228  0.96229287  1.20826597  1.05432530
6    1.80168524  1.27998275  1.52825507  0.76611788  1.41812839  0.80882857  0.00000000  1.08559402  1.28932430  1.50595988  1.37415298
7    1.83826243  1.36433075  1.55691463  0.77992185  1.46947994  0.78876228  1.08559402  0.00000000  1.32714218  1.54085131  1.41125228
9    1.25264513  0.84763973  1.47333321  0.80758047  0.27981251  0.96229287  1.28932430  1.32714218  0.00000000  1.06212356  0.30626466
10    0.85659904  1.21395335  1.50461119  0.98941560  1.04441580  1.20826597  1.50595988  1.54085131  1.06212356  0.00000000  0.91499940
11    1.18703153  0.96922144  1.51264785  0.88386400  0.49919314  1.05432530  1.37415298  1.41125228  0.30626466  0.91499940  0.00000000

--------------------------------------------------------------------------------
n=10
(result of R-step: (9,10:11)0.75445277)
V=[0, 1, 2, 3, 4, 5, 6, 7, 9, 10]
total successes of this branch: 3
Matrix on 10 elements:

0    0.00000000  1.47755952  1.98241167  1.23999732  1.20965442  1.50692394  1.80168524  1.83826243  1.24348038  0.68953765
1    1.47755952  0.00000000  1.35498590  0.87589561  0.81250327  1.06832553  1.27998275  1.36433075  0.83847497  1.04689197
2    1.98241167  1.35498590  0.00000000  1.17859656  1.54909079  1.21971994  1.52825507  1.55691463  1.46416846  1.33754981
3    1.23999732  0.87589561  1.17859656  0.00000000  0.91191567  0.43173936  0.76611788  0.77992185  0.79841572  0.82235421
4    1.20965442  0.81250327  1.54909079  0.91191567  0.00000000  1.14906919  1.41812839  1.46947994  0.27064775  0.87735441
5    1.50692394  1.06832553  1.21971994  0.43173936  1.14906919  0.00000000  0.80882857  0.78876228  0.95312811  1.04120458
6    1.80168524  1.27998275  1.52825507  0.76611788  1.41812839  0.80882857  0.00000000  1.08559402  1.28015954  1.33889849
7    1.83826243  1.36433075  1.55691463  0.77992185  1.46947994  0.78876228  1.08559402  0.00000000  1.31797742  1.37378992
9    1.24348038  0.83847497  1.46416846  0.79841572  0.27064775  0.95312811  1.28015954  1.31797742  0.00000000  0.88589741
10    0.68953765  1.04689197  1.33754981  0.82235421  0.87735441  1.04120458  1.33889849  1.37378992  0.88589741  0.00000000

--------------------------------------------------------------------------------
n=9
(result of R-step: (0,2:10)0.78708784)
V=[0, 1, 2, 3, 4, 5, 6, 7, 9]
total successes of this branch: 3
Matrix on 9 elements:

0    0.00000000  1.05065148  1.12859560  0.81308928  0.78274639  1.08001591  1.37477720  1.41135439  0.81657234
1    1.05065148  0.00000000  0.92807786  0.87589561  0.81250327  1.06832553  1.27998275  1.36433075  0.83847497
2    1.12859560  0.92807786  0.00000000  0.75168853  1.12218276  0.79281190  1.10134704  1.13000660  1.03726042
3    0.81308928  0.87589561  0.75168853  0.00000000  0.91191567  0.43173936  0.76611788  0.77992185  0.79841572
4    0.78274639  0.81250327  1.12218276  0.91191567  0.00000000  1.14906919  1.41812839  1.46947994  0.27064775
5    1.08001591  1.06832553  0.79281190  0.43173936  1.14906919  0.00000000  0.80882857  0.78876228  0.95312811
6    1.37477720  1.27998275  1.10134704  0.76611788  1.41812839  0.80882857  0.00000000  1.08559402  1.28015954
7    1.41135439  1.36433075  1.13000660  0.77992185  1.46947994  0.78876228  1.08559402  0.00000000  1.31797742
9    0.81657234  0.83847497  1.03726042  0.79841572  0.27064775  0.95312811  1.28015954  1.31797742  0.00000000

--------------------------------------------------------------------------------
n=8
(result of R-step: (4,5:9)0.81050009)
V=[0, 1, 2, 3, 4, 5, 6, 7]
total successes of this branch: 3
Matrix on 8 elements:

0    0.00000000  1.05065148  1.12859560  0.81308928  0.73622829  0.96309232  1.37477720  1.41135439
1    1.05065148  0.00000000  0.92807786  0.87589561  0.76598517  0.95140194  1.27998275  1.36433075
2    1.12859560  0.92807786  0.00000000  0.75168853  1.07566466  0.67588831  1.10134704  1.13000660
3    0.81308928  0.87589561  0.75168853  0.00000000  0.86539758  0.31481577  0.76611788  0.77992185
4    0.73622829  0.76598517  1.07566466  0.86539758  0.00000000  0.98562750  1.37161029  1.42296185
5    0.96309232  0.95140194  0.67588831  0.31481577  0.98562750  0.00000000  0.69190497  0.67183869
6    1.37477720  1.27998275  1.10134704  0.76611788  1.37161029  0.69190497  0.00000000  1.08559402
7    1.41135439  1.36433075  1.13000660  0.77992185  1.42296185  0.67183869  1.08559402  0.00000000

--------------------------------------------------------------------------------
n=7
(result of R-step: (5,6:7)0.57483123)
V=[0, 1, 2, 3, 4, 5, 6]
total successes of this branch: 3
Matrix on 7 elements:

0    0.00000000  1.05065148  1.12859560  0.81308928  0.73622829  0.87225193  0.88716035
1    1.05065148  0.00000000  0.92807786  0.87589561  0.76598517  0.86056154  0.79236589
2    1.12859560  0.92807786  0.00000000  0.75168853  1.07566466  0.58504792  0.61373019
3    0.81308928  0.87589561  0.75168853  0.00000000  0.86539758  0.22397538  0.27850103
4    0.73622829  0.76598517  1.07566466  0.86539758  0.00000000  0.89478711  0.88399344
5    0.87225193  0.86056154  0.58504792  0.22397538  0.89478711  0.00000000  0.11344773
6    0.88716035  0.79236589  0.61373019  0.27850103  0.88399344  0.11344773  0.00000000

--------------------------------------------------------------------------------
n=6
(result of R-step: (1,5:6)0.08366525)
V=[0, 1, 2, 3, 4, 5]
total successes of this branch: 3
Matrix on 6 elements:

0    0.00000000  1.02781719  1.12859560  0.81308928  0.73622829  0.84962589
1    1.02781719  0.00000000  0.90524357  0.85306132  0.74315088  0.81510121
2    1.12859560  0.90524357  0.00000000  0.75168853  1.07566466  0.56242188
3    0.81308928  0.85306132  0.75168853  0.00000000  0.86539758  0.20134934
4    0.73622829  0.74315088  1.07566466  0.86539758  0.00000000  0.87216107
5    0.84962589  0.81510121  0.56242188  0.20134934  0.87216107  0.00000000

--------------------------------------------------------------------------------
n=5
(result of R-step: (0,1:4)0.60034328)
V=[0, 1, 2, 3, 5]
total successes of this branch: 3
Matrix on 5 elements:

0    0.00000000  0.67470620  0.88779917  0.57229285  0.60882945
1    0.67470620  0.00000000  0.79292901  0.74074676  0.70278665
2    0.88779917  0.79292901  0.00000000  0.75168853  0.56242188
3    0.57229285  0.74074676  0.75168853  0.00000000  0.20134934
5    0.60882945  0.70278665  0.56242188  0.20134934  0.00000000

--------------------------------------------------------------------------------
n=4
(result of R-step: (0,2:1)0.67008133)
V=[0, 2, 3, 5]
total successes of this branch: 1
Matrix on 4 elements:

0    0.00000000  0.54991499  0.36893190  0.40546850
2    0.54991499  0.00000000  0.61716530  0.42789866
3    0.36893190  0.61716530  0.00000000  0.20134934
5    0.40546850  0.42789866  0.20134934  0.00000000

--------------------------------------------------------------------------------
n=4
(result of R-step: (0,3:2)0.65232693)
V=[0, 1, 3, 5]
total successes of this branch: 0
reason of abort: negative delta/dxy

--------------------------------------------------------------------------------
n=4
(result of R-step: (0,5:3)0.42807533)
V=[0, 1, 2, 5]
total successes of this branch: 0
reason of abort: negative delta/dxy

--------------------------------------------------------------------------------
n=4
(result of R-step: (1,3:0)0.58968132)
V=[1, 2, 3, 5]
total successes of this branch: 1
Matrix on 4 elements:

1    0.00000000  0.57334255  0.49228466  0.48320019
2    0.57334255  0.00000000  0.72281289  0.56242188
3    0.49228466  0.72281289  0.00000000  0.17247370
5    0.48320019  0.56242188  0.17247370  0.00000000

--------------------------------------------------------------------------------
n=4
(result of R-step: (1,3:2)0.11419421)
V=[0, 1, 3, 5]
total successes of this branch: 0
reason of abort: negative delta/dxy

--------------------------------------------------------------------------------
n=4
(result of R-step: (1,5:0)0.14751589)
V=[1, 2, 3, 5]
total successes of this branch: 0
reason of abort: negative delta/dxy

--------------------------------------------------------------------------------
n=4
(result of R-step: (1,5:2)0.57308897)
V=[0, 1, 3, 5]
total successes of this branch: 0
reason of abort: negative delta/dxy

--------------------------------------------------------------------------------
n=4
(result of R-step: (2,3:5)0.28290885)
V=[0, 1, 2, 3]
total successes of this branch: 1
Matrix on 4 elements:

0    0.00000000  0.67470620  0.75327594  0.54341721
1    0.67470620  0.00000000  0.65840579  0.71187112
2    0.75327594  0.65840579  0.00000000  0.58828967
3    0.54341721  0.71187112  0.58828967  0.00000000

--------------------------------------------------------------------------------
n=4
(result of R-step: (2,5:0)0.86707239)
V=[1, 2, 3, 5]
total successes of this branch: 0
reason of abort: negative delta/dxy

--------------------------------------------------------------------------------
n=4
(result of R-step: (3,5:1)0.72908777)
V=[0, 2, 3, 5]
total successes of this branch: 0
reason of abort: negative delta/dxy
