n=20
V=[0, 1, 2, 3, 4, 5, 6, 7, 8, 9, 10, 11, 12, 13, 14, 15, 16, 17, 18, 19]
total successes of this branch: 1
Matrix on 20 elements:

0    0.00000000  1.82383738  1.79645396  1.64784111  1.73945101  1.63214167  1.74101048  1.76781613  1.71318486  1.75402450  1.32170942  1.63302643  1.70213030  1.80568542  1.77488175  0.84837739  1.68817717  1.68929251  1.42077178  1.75524981
1    1.82383738  0.00000000  1.77678754  1.82191524  1.67244986  1.82217268  1.66980452  1.72436912  1.62981633  1.69912504  1.82330289  1.82215817  1.72494920  1.11295677  1.73730197  1.63092762  1.74374778  1.73866644  1.70426332  1.70262002
2    1.79645396  1.77678754  0.00000000  1.79012404  1.78318210  1.79097184  1.78306393  1.65201949  1.78497515  1.71579312  1.79469380  1.79092406  1.78589703  1.73636030  1.43487532  1.79320683  1.78690159  1.78681567  1.78885649  1.68260205
3    1.64784111  1.82191524  1.79012404  0.00000000  1.68423537  1.54632404  1.68677971  1.73692642  1.66283572  1.71130708  1.61524672  1.51570492  1.62513553  1.79437723  1.75005151  1.67658252  1.61861750  1.62058963  1.63846926  1.71988402
4    1.73945101  1.67244986  1.78318210  1.68423537  0.00000000  1.69163070  1.53194998  1.65075847  1.68352162  1.45323872  1.72409720  1.69121392  1.17055963  1.66542144  1.68343047  1.72838844  1.60944197  1.61274592  1.64967285  1.65829468
5    1.63214167  1.82217268  1.79097184  1.54632404  1.69163070  0.00000000  1.69404312  1.74106364  1.55953846  1.71702845  1.48533444  1.03362624  1.46088334  1.79589180  1.75337716  1.66351773  1.08928213  1.11025554  1.28692304  1.69930909
6    1.74101048  1.66980452  1.78306393  1.68677971  1.53194998  1.69404312  0.00000000  1.65690628  1.68379577  1.59615027  1.72593053  1.69363379  1.58864885  1.66562525  1.68803231  1.72925365  1.05262806  1.08077811  1.28784910  1.66309142
7    1.76781613  1.72436912  1.65201949  1.73692642  1.65075847  1.74106364  1.65690628  0.00000000  1.73400570  1.44204124  1.75922663  1.74083048  1.68234470  1.43129971  0.98905144  1.76064259  1.69774729  1.69936441  1.71893174  0.61020978
8    1.71318486  1.62981633  1.78497515  1.66283572  1.68352162  1.55953846  1.68379577  1.73400570  0.00000000  1.70945943  1.66385315  1.56535987  1.64208495  1.66357568  1.74658105  1.69941986  1.62349452  1.56696641  1.60926140  1.39828710
9    1.75402450  1.69912504  1.71579312  1.71130708  1.45323872  1.71702845  1.59615027  1.44204124  1.70945943  0.00000000  1.74214607  1.71670602  1.54563078  1.61582497  1.50958220  1.74496004  1.65481165  1.65724894  1.68525682  1.50355297
10    1.32170942  1.82330289  1.79469380  1.61524672  1.72409720  1.48533444  1.72593053  1.75922663  1.66385315  1.74214607  0.00000000  1.49265576  1.64293590  1.80254095  1.76797721  1.40452762  1.60917084  1.61160967  1.54548430  1.73728875
11    1.63302643  1.82215817  1.79092406  1.51570492  1.69121392  1.03362624  1.69363379  1.74083048  1.56535987  1.71670602  1.49265576  0.00000000  1.41002584  1.79580644  1.75318974  1.66425400  1.37333650  1.38190073  1.47206168  1.70046860
12    1.70213030  1.72494920  1.78589703  1.62513553  1.17055963  1.46088334  1.58864885  1.68234470  1.64208495  1.54563078  1.64293590  1.41002584  0.00000000  1.71114453  1.70789347  1.70589794  1.52664509  1.53179371  1.58738861  1.67308412
13    1.80568542  1.11295677  1.73636030  1.79437723  1.66542144  1.79589180  1.66562525  1.43129971  1.66357568  1.61582497  1.80254095  1.79580644  1.71114453  0.00000000  1.50656526  1.69130886  1.72884274  1.72593183  1.71487604  1.48472800
14    1.77488175  1.73730197  1.43487532  1.75005151  1.68343047  1.75337716  1.68803231  0.98905144  1.74658105  1.50958220  1.76797721  1.75318974  1.70789347  1.50656526  0.00000000  1.76867694  1.71974373  1.72094067  1.73618380  1.16329895
15    0.84837739  1.63092762  1.79320683  1.67658252  1.72838844  1.66351773  1.72925365  1.76064259  1.69941986  1.74496004  1.40452762  1.66425400  1.70589794  1.69130886  1.76867694  0.00000000  1.69735244  1.69744465  1.25493138  1.74656009
16    1.68817717  1.74374778  1.78690159  1.61861750  1.60944197  1.08928213  1.05262806  1.69774729  1.62349452  1.65481165  1.60917084  1.37333650  1.52664509  1.72884274  1.71974373  1.69735244  0.00000000  0.41257489  0.82282963  1.68066761
17    1.68929251  1.73866644  1.78681567  1.62058963  1.61274592  1.11025554  1.08077811  1.69936441  1.56696641  1.65724894  1.61160967  1.38190073  1.53179371  1.72593183  1.72094067  1.69744465  0.41257489  0.00000000  0.75415767  1.66891013
18    1.42077178  1.70426332  1.78885649  1.63846926  1.64967285  1.28692304  1.28784910  1.71893174  1.60926140  1.68525682  1.54548430  1.47206168  1.58738861  1.71487604  1.73618380  1.25493138  0.82282963  0.75415767  0.00000000  1.69370529
19    1.75524981  1.70262002  1.68260205  1.71988402  1.65829468  1.69930909  1.66309142  0.61020978  1.39828710  1.50355297  1.73728875  1.70046860  1.67308412  1.48472800  1.16329895  1.74656009  1.68066761  1.66891013  1.69370529  0.00000000

--------------------------------------------------------------------------------
n=19
(result of R-step: (4,11:12)0.64932250)
V=[0, 1, 2, 3, 4, 5, 6, 7, 8, 9, 10, 11, 13, 14, 15, 16, 17, 18, 19]
total successes of this branch: 1
Matrix on 19 elements:

0    0.00000000  1.82383738  1.79645396  1.64784111  1.29476524  1.63214167  1.74101048  1.76781613  1.71318486  1.75402450  1.32170942  1.18834065  1.80568542  1.77488175  0.84837739  1.68817717  1.68929251  1.42077178  1.75524981
1    1.82383738  0.00000000  1.77678754  1.82191524  1.22776409  1.82217268  1.66980452  1.72436912  1.62981633  1.69912504  1.82330289  1.37747240  1.11295677  1.73730197  1.63092762  1.74374778  1.73866644  1.70426332  1.70262002
2    1.79645396  1.77678754  0.00000000  1.79012404  1.33849633  1.79097184  1.78306393  1.65201949  1.78497515  1.71579312  1.79469380  1.34623829  1.73636030  1.43487532  1.79320683  1.78690159  1.78681567  1.78885649  1.68260205
3    1.64784111  1.82191524  1.79012404  0.00000000  1.23954959  1.54632404  1.68677971  1.73692642  1.66283572  1.71130708  1.61524672  1.07101915  1.79437723  1.75005151  1.67658252  1.61861750  1.62058963  1.63846926  1.71988402
4    1.29476524  1.22776409  1.33849633  1.23954959  0.00000000  1.24694492  1.08726420  1.20607270  1.23883584  1.00855295  1.27941143  0.80184238  1.22073566  1.23874469  1.28370266  1.16475620  1.16806015  1.20498708  1.21360890
5    1.63214167  1.82217268  1.79097184  1.54632404  1.24694492  0.00000000  1.69404312  1.74106364  1.55953846  1.71702845  1.48533444  0.58894047  1.79589180  1.75337716  1.66351773  1.08928213  1.11025554  1.28692304  1.69930909
6    1.74101048  1.66980452  1.78306393  1.68677971  1.08726420  1.69404312  0.00000000  1.65690628  1.68379577  1.59615027  1.72593053  1.24894801  1.66562525  1.68803231  1.72925365  1.05262806  1.08077811  1.28784910  1.66309142
7    1.76781613  1.72436912  1.65201949  1.73692642  1.20607270  1.74106364  1.65690628  0.00000000  1.73400570  1.44204124  1.75922663  1.29614471  1.43129971  0.98905144  1.76064259  1.69774729  1.69936441  1.71893174  0.61020978
8    1.71318486  1.62981633  1.78497515  1.66283572  1.23883584  1.55953846  1.68379577  1.73400570  0.00000000  1.70945943  1.66385315  1.12067410  1.66357568  1.74658105  1.69941986  1.62349452  1.56696641  1.60926140  1.39828710
9    1.75402450  1.69912504  1.71579312  1.71130708  1.00855295  1.71702845  1.59615027  1.44204124  1.70945943  0.00000000  1.74214607  1.27202024  1.61582497  1.50958220  1.74496004  1.65481165  1.65724894  1.68525682  1.50355297
10    1.32170942  1.82330289  1.79469380  1.61524672  1.27941143  1.48533444  1.72593053  1.75922663  1.66385315  1.74214607  0.00000000  1.04796999  1.80254095  1.76797721  1.40452762  1.60917084  1.61160967  1.54548430  1.73728875
11    1.18834065  1.37747240  1.34623829  1.07101915  0.80184238  0.58894047  1.24894801  1.29614471  1.12067410  1.27202024  1.04796999  0.00000000  1.35112067  1.30850396  1.21956823  0.92865072  0.93721496  1.02737591  1.25578283
13    1.80568542  1.11295677  1.73636030  1.79437723  1.22073566  1.79589180  1.66562525  1.43129971  1.66357568  1.61582497  1.80254095  1.35112067  0.00000000  1.50656526  1.69130886  1.72884274  1.72593183  1.71487604  1.48472800
14    1.77488175  1.73730197  1.43487532  1.75005151  1.23874469  1.75337716  1.68803231  0.98905144  1.74658105  1.50958220  1.76797721  1.30850396  1.50656526  0.00000000  1.76867694  1.71974373  1.72094067  1.73618380  1.16329895
15    0.84837739  1.63092762  1.79320683  1.67658252  1.28370266  1.66351773  1.72925365  1.76064259  1.69941986  1.74496004  1.40452762  1.21956823  1.69130886  1.76867694  0.00000000  1.69735244  1.69744465  1.25493138  1.74656009
16    1.68817717  1.74374778  1.78690159  1.61861750  1.16475620  1.08928213  1.05262806  1.69774729  1.62349452  1.65481165  1.60917084  0.92865072  1.72884274  1.71974373  1.69735244  0.00000000  0.41257489  0.82282963  1.68066761
17    1.68929251  1.73866644  1.78681567  1.62058963  1.16806015  1.11025554  1.08077811  1.69936441  1.56696641  1.65724894  1.61160967  0.93721496  1.72593183  1.72094067  1.69744465  0.41257489  0.00000000  0.75415767  1.66891013
18    1.42077178  1.70426332  1.78885649  1.63846926  1.20498708  1.28692304  1.28784910  1.71893174  1.60926140  1.68525682  1.54548430  1.02737591  1.71487604  1.73618380  1.25493138  0.82282963  0.75415767  0.00000000  1.69370529
19    1.75524981  1.70262002  1.68260205  1.71988402  1.21360890  1.69930909  1.66309142  0.61020978  1.39828710  1.50355297  1.73728875  1.25578283  1.48472800  1.16329895  1.74656009  1.68066761  1.66891013  1.69370529  0.00000000

--------------------------------------------------------------------------------
n=18
(result of R-step: (7,8:19)0.76997927)
V=[0, 1, 2, 3, 4, 5, 6, 7, 8, 9, 10, 11, 13, 14, 15, 16, 17, 18]
total successes of this branch: 1
Matrix on 18 elements:

0    0.00000000  1.82383738  1.79645396  1.64784111  1.29476524  1.63214167  1.74101048  1.63057054  1.57593926  1.75402450  1.32170942  1.18834065  1.80568542  1.77488175  0.84837739  1.68817717  1.68929251  1.42077178
1    1.82383738  0.00000000  1.77678754  1.82191524  1.22776409  1.82217268  1.66980452  1.58712353  1.49257074  1.69912504  1.82330289  1.37747240  1.11295677  1.73730197  1.63092762  1.74374778  1.73866644  1.70426332
2    1.79645396  1.77678754  0.00000000  1.79012404  1.33849633  1.79097184  1.78306393  1.51477390  1.64772955  1.71579312  1.79469380  1.34623829  1.73636030  1.43487532  1.79320683  1.78690159  1.78681567  1.78885649
3    1.64784111  1.82191524  1.79012404  0.00000000  1.23954959  1.54632404  1.68677971  1.59968082  1.52559013  1.71130708  1.61524672  1.07101915  1.79437723  1.75005151  1.67658252  1.61861750  1.62058963  1.63846926
4    1.29476524  1.22776409  1.33849633  1.23954959  0.00000000  1.24694492  1.08726420  1.06882711  1.10159025  1.00855295  1.27941143  0.80184238  1.22073566  1.23874469  1.28370266  1.16475620  1.16806015  1.20498708
5    1.63214167  1.82217268  1.79097184  1.54632404  1.24694492  0.00000000  1.69404312  1.60381805  1.42229287  1.71702845  1.48533444  0.58894047  1.79589180  1.75337716  1.66351773  1.08928213  1.11025554  1.28692304
6    1.74101048  1.66980452  1.78306393  1.68677971  1.08726420  1.69404312  0.00000000  1.51966069  1.54655018  1.59615027  1.72593053  1.24894801  1.66562525  1.68803231  1.72925365  1.05262806  1.08077811  1.28784910
7    1.63057054  1.58712353  1.51477390  1.59968082  1.06882711  1.60381805  1.51966069  0.00000000  1.45951451  1.30479565  1.62198104  1.15889912  1.29405412  0.85180584  1.62339699  1.56050170  1.56211882  1.58168615
8    1.57593926  1.49257074  1.64772955  1.52559013  1.10159025  1.42229287  1.54655018  1.45951451  0.00000000  1.57221383  1.52660756  0.98342850  1.52633009  1.60933546  1.56217427  1.48624893  1.42972082  1.47201581
9    1.75402450  1.69912504  1.71579312  1.71130708  1.00855295  1.71702845  1.59615027  1.30479565  1.57221383  0.00000000  1.74214607  1.27202024  1.61582497  1.50958220  1.74496004  1.65481165  1.65724894  1.68525682
10    1.32170942  1.82330289  1.79469380  1.61524672  1.27941143  1.48533444  1.72593053  1.62198104  1.52660756  1.74214607  0.00000000  1.04796999  1.80254095  1.76797721  1.40452762  1.60917084  1.61160967  1.54548430
11    1.18834065  1.37747240  1.34623829  1.07101915  0.80184238  0.58894047  1.24894801  1.15889912  0.98342850  1.27202024  1.04796999  0.00000000  1.35112067  1.30850396  1.21956823  0.92865072  0.93721496  1.02737591
13    1.80568542  1.11295677  1.73636030  1.79437723  1.22073566  1.79589180  1.66562525  1.29405412  1.52633009  1.61582497  1.80254095  1.35112067  0.00000000  1.50656526  1.69130886  1.72884274  1.72593183  1.71487604
14    1.77488175  1.73730197  1.43487532  1.75005151  1.23874469  1.75337716  1.68803231  0.85180584  1.60933546  1.50958220  1.76797721  1.30850396  1.50656526  0.00000000  1.76867694  1.71974373  1.72094067  1.73618380
15    0.84837739  1.63092762  1.79320683  1.67658252  1.28370266  1.66351773  1.72925365  1.62339699  1.56217427  1.74496004  1.40452762  1.21956823  1.69130886  1.76867694  0.00000000  1.69735244  1.69744465  1.25493138
16    1.68817717  1.74374778  1.78690159  1.61861750  1.16475620  1.08928213  1.05262806  1.56050170  1.48624893  1.65481165  1.60917084  0.92865072  1.72884274  1.71974373  1.69735244  0.00000000  0.41257489  0.82282963
17    1.68929251  1.73866644  1.78681567  1.62058963  1.16806015  1.11025554  1.08077811  1.56211882  1.42972082  1.65724894  1.61160967  0.93721496  1.72593183  1.72094067  1.69744465  0.41257489  0.00000000  0.75415767
18    1.42077178  1.70426332  1.78885649  1.63846926  1.20498708  1.28692304  1.28784910  1.58168615  1.47201581  1.68525682  1.54548430  1.02737591  1.71487604  1.73618380  1.25493138  0.82282963  0.75415767  0.00000000

--------------------------------------------------------------------------------
n=17
(result of R-step: (2,7:14)0.24672328)
V=[0, 1, 2, 3, 4, 5, 6, 7, 8, 9, 10, 11, 13, 15, 16, 17, 18]
total successes of this branch: 1
Matrix on 17 elements:

0    0.00000000  1.82383738  1.41050033  1.64784111  1.29476524  1.63214167  1.74101048  1.38186250  1.57593926  1.75402450  1.32170942  1.18834065  1.80568542  0.84837739  1.68817717  1.68929251  1.42077178
1    1.82383738  0.00000000  1.39083391  1.82191524  1.22776409  1.82217268  1.66980452  1.33841549  1.49257074  1.69912504  1.82330289  1.37747240  1.11295677  1.63092762  1.74374778  1.73866644  1.70426332
2    1.41050033  1.39083391  0.00000000  1.40417041  0.95254270  1.40501821  1.39711030  0.88011223  1.26177592  1.32983949  1.40874017  0.96028466  1.35040667  1.40725320  1.40094796  1.40086204  1.40290286
3    1.64784111  1.82191524  1.40417041  0.00000000  1.23954959  1.54632404  1.68677971  1.35097279  1.52559013  1.71130708  1.61524672  1.07101915  1.79437723  1.67658252  1.61861750  1.62058963  1.63846926
4    1.29476524  1.22776409  0.95254270  1.23954959  0.00000000  1.24694492  1.08726420  0.82011907  1.10159025  1.00855295  1.27941143  0.80184238  1.22073566  1.28370266  1.16475620  1.16806015  1.20498708
5    1.63214167  1.82217268  1.40501821  1.54632404  1.24694492  0.00000000  1.69404312  1.35511001  1.42229287  1.71702845  1.48533444  0.58894047  1.79589180  1.66351773  1.08928213  1.11025554  1.28692304
6    1.74101048  1.66980452  1.39711030  1.68677971  1.08726420  1.69404312  0.00000000  1.27095265  1.54655018  1.59615027  1.72593053  1.24894801  1.66562525  1.72925365  1.05262806  1.08077811  1.28784910
7    1.38186250  1.33841549  0.88011223  1.35097279  0.82011907  1.35511001  1.27095265  0.00000000  1.21080648  1.05608761  1.37327300  0.91019108  1.04534608  1.37468896  1.31179366  1.31341078  1.33297811
8    1.57593926  1.49257074  1.26177592  1.52559013  1.10159025  1.42229287  1.54655018  1.21080648  0.00000000  1.57221383  1.52660756  0.98342850  1.52633009  1.56217427  1.48624893  1.42972082  1.47201581
9    1.75402450  1.69912504  1.32983949  1.71130708  1.00855295  1.71702845  1.59615027  1.05608761  1.57221383  0.00000000  1.74214607  1.27202024  1.61582497  1.74496004  1.65481165  1.65724894  1.68525682
10    1.32170942  1.82330289  1.40874017  1.61524672  1.27941143  1.48533444  1.72593053  1.37327300  1.52660756  1.74214607  0.00000000  1.04796999  1.80254095  1.40452762  1.60917084  1.61160967  1.54548430
11    1.18834065  1.37747240  0.96028466  1.07101915  0.80184238  0.58894047  1.24894801  0.91019108  0.98342850  1.27202024  1.04796999  0.00000000  1.35112067  1.21956823  0.92865072  0.93721496  1.02737591
13    1.80568542  1.11295677  1.35040667  1.79437723  1.22073566  1.79589180  1.66562525  1.04534608  1.52633009  1.61582497  1.80254095  1.35112067  0.00000000  1.69130886  1.72884274  1.72593183  1.71487604
15    0.84837739  1.63092762  1.40725320  1.67658252  1.28370266  1.66351773  1.72925365  1.37468896  1.56217427  1.74496004  1.40452762  1.21956823  1.69130886  0.00000000  1.69735244  1.69744465  1.25493138
16    1.68817717  1.74374778  1.40094796  1.61861750  1.16475620  1.08928213  1.05262806  1.31179366  1.48624893  1.65481165  1.60917084  0.92865072  1.72884274  1.69735244  0.00000000  0.41257489  0.82282963
17    1.68929251  1.73866644  1.40086204  1.62058963  1.16806015  1.11025554  1.08077811  1.31341078  1.42972082  1.65724894  1.61160967  0.93721496  1.72593183  1.69744465  0.41257489  0.00000000  0.75415767
18    1.42077178  1.70426332  1.40290286  1.63846926  1.20498708  1.28692304  1.28784910  1.33297811  1.47201581  1.68525682  1.54548430  1.02737591  1.71487604  1.25493138  0.82282963  0.75415767  0.00000000

--------------------------------------------------------------------------------
n=16
(result of R-step: (15,17:18)0.31931966)
V=[0, 1, 2, 3, 4, 5, 6, 7, 8, 9, 10, 11, 13, 15, 16, 17]
total successes of this branch: 1
Matrix on 16 elements:

0    0.00000000  1.82383738  1.41050033  1.64784111  1.29476524  1.63214167  1.74101048  1.38186250  1.57593926  1.75402450  1.32170942  1.18834065  1.80568542  0.69255518  1.68817717  1.53347030
1    1.82383738  0.00000000  1.39083391  1.82191524  1.22776409  1.82217268  1.66980452  1.33841549  1.49257074  1.69912504  1.82330289  1.37747240  1.11295677  1.47510542  1.74374778  1.58284424
2    1.41050033  1.39083391  0.00000000  1.40417041  0.95254270  1.40501821  1.39711030  0.88011223  1.26177592  1.32983949  1.40874017  0.96028466  1.35040667  1.25143100  1.40094796  1.24503983
3    1.64784111  1.82191524  1.40417041  0.00000000  1.23954959  1.54632404  1.68677971  1.35097279  1.52559013  1.71130708  1.61524672  1.07101915  1.79437723  1.52076031  1.61861750  1.46476743
4    1.29476524  1.22776409  0.95254270  1.23954959  0.00000000  1.24694492  1.08726420  0.82011907  1.10159025  1.00855295  1.27941143  0.80184238  1.22073566  1.12788046  1.16475620  1.01223794
5    1.63214167  1.82217268  1.40501821  1.54632404  1.24694492  0.00000000  1.69404312  1.35511001  1.42229287  1.71702845  1.48533444  0.58894047  1.79589180  1.50769552  1.08928213  0.95443334
6    1.74101048  1.66980452  1.39711030  1.68677971  1.08726420  1.69404312  0.00000000  1.27095265  1.54655018  1.59615027  1.72593053  1.24894801  1.66562525  1.57343145  1.05262806  0.92495591
7    1.38186250  1.33841549  0.88011223  1.35097279  0.82011907  1.35511001  1.27095265  0.00000000  1.21080648  1.05608761  1.37327300  0.91019108  1.04534608  1.21886675  1.31179366  1.15758858
8    1.57593926  1.49257074  1.26177592  1.52559013  1.10159025  1.42229287  1.54655018  1.21080648  0.00000000  1.57221383  1.52660756  0.98342850  1.52633009  1.40635207  1.48624893  1.27389861
9    1.75402450  1.69912504  1.32983949  1.71130708  1.00855295  1.71702845  1.59615027  1.05608761  1.57221383  0.00000000  1.74214607  1.27202024  1.61582497  1.58913783  1.65481165  1.50142673
10    1.32170942  1.82330289  1.40874017  1.61524672  1.27941143  1.48533444  1.72593053  1.37327300  1.52660756  1.74214607  0.00000000  1.04796999  1.80254095  1.24870541  1.60917084  1.45578746
11    1.18834065  1.37747240  0.96028466  1.07101915  0.80184238  0.58894047  1.24894801  0.91019108  0.98342850  1.27202024  1.04796999  0.00000000  1.35112067  1.06374603  0.92865072  0.78139275
13    1.80568542  1.11295677  1.35040667  1.79437723  1.22073566  1.79589180  1.66562525  1.04534608  1.52633009  1.61582497  1.80254095  1.35112067  0.00000000  1.53548665  1.72884274  1.57010963
15    0.69255518  1.47510542  1.25143100  1.52076031  1.12788046  1.50769552  1.57343145  1.21886675  1.40635207  1.58913783  1.24870541  1.06374603  1.53548665  0.00000000  1.54153024  1.38580024
16    1.68817717  1.74374778  1.40094796  1.61861750  1.16475620  1.08928213  1.05262806  1.31179366  1.48624893  1.65481165  1.60917084  0.92865072  1.72884274  1.54153024  0.00000000  0.25675269
17    1.53347030  1.58284424  1.24503983  1.46476743  1.01223794  0.95443334  0.92495591  1.15758858  1.27389861  1.50142673  1.45578746  0.78139275  1.57010963  1.38580024  0.25675269  0.00000000

--------------------------------------------------------------------------------
n=15
(result of R-step: (0,1:15)0.83488981)
V=[0, 1, 2, 3, 4, 5, 6, 7, 8, 9, 10, 11, 13, 16, 17]
total successes of this branch: 1
Matrix on 15 elements:

0    0.00000000  1.16836974  1.08276651  1.32010729  0.96703142  1.30440785  1.41327666  1.05412868  1.24820545  1.42629068  0.99397560  0.86060684  1.47795160  1.36044335  1.20573649
1    1.16836974  0.00000000  1.06310009  1.49418142  0.90003027  1.49443886  1.34207071  1.01068167  1.16483692  1.37139122  1.49556907  1.04973858  0.78522295  1.41601397  1.25511042
2    1.08276651  1.06310009  0.00000000  1.40417041  0.95254270  1.40501821  1.39711030  0.88011223  1.26177592  1.32983949  1.40874017  0.96028466  1.35040667  1.40094796  1.24503983
3    1.32010729  1.49418142  1.40417041  0.00000000  1.23954959  1.54632404  1.68677971  1.35097279  1.52559013  1.71130708  1.61524672  1.07101915  1.79437723  1.61861750  1.46476743
4    0.96703142  0.90003027  0.95254270  1.23954959  0.00000000  1.24694492  1.08726420  0.82011907  1.10159025  1.00855295  1.27941143  0.80184238  1.22073566  1.16475620  1.01223794
5    1.30440785  1.49443886  1.40501821  1.54632404  1.24694492  0.00000000  1.69404312  1.35511001  1.42229287  1.71702845  1.48533444  0.58894047  1.79589180  1.08928213  0.95443334
6    1.41327666  1.34207071  1.39711030  1.68677971  1.08726420  1.69404312  0.00000000  1.27095265  1.54655018  1.59615027  1.72593053  1.24894801  1.66562525  1.05262806  0.92495591
7    1.05412868  1.01068167  0.88011223  1.35097279  0.82011907  1.35511001  1.27095265  0.00000000  1.21080648  1.05608761  1.37327300  0.91019108  1.04534608  1.31179366  1.15758858
8    1.24820545  1.16483692  1.26177592  1.52559013  1.10159025  1.42229287  1.54655018  1.21080648  0.00000000  1.57221383  1.52660756  0.98342850  1.52633009  1.48624893  1.27389861
9    1.42629068  1.37139122  1.32983949  1.71130708  1.00855295  1.71702845  1.59615027  1.05608761  1.57221383  0.00000000  1.74214607  1.27202024  1.61582497  1.65481165  1.50142673
10    0.99397560  1.49556907  1.40874017  1.61524672  1.27941143  1.48533444  1.72593053  1.37327300  1.52660756  1.74214607  0.00000000  1.04796999  1.80254095  1.60917084  1.45578746
11    0.86060684  1.04973858  0.96028466  1.07101915  0.80184238  0.58894047  1.24894801  0.91019108  0.98342850  1.27202024  1.04796999  0.00000000  1.35112067  0.92865072  0.78139275
13    1.47795160  0.78522295  1.35040667  1.79437723  1.22073566  1.79589180  1.66562525  1.04534608  1.52633009  1.61582497  1.80254095  1.35112067  0.00000000  1.72884274  1.57010963
16    1.36044335  1.41601397  1.40094796  1.61861750  1.16475620  1.08928213  1.05262806  1.31179366  1.48624893  1.65481165  1.60917084  0.92865072  1.72884274  0.00000000  0.25675269
17    1.20573649  1.25511042  1.24503983  1.46476743  1.01223794  0.95443334  0.92495591  1.15758858  1.27389861  1.50142673  1.45578746  0.78139275  1.57010963  0.25675269  0.00000000

--------------------------------------------------------------------------------
n=14
(result of R-step: (1,7:13)0.67598085)
V=[0, 1, 2, 3, 4, 5, 6, 7, 8, 9, 10, 11, 16, 17]
total successes of this branch: 1
Matrix on 14 elements:

0    0.00000000  1.08615988  1.08276651  1.32010729  0.96703142  1.30440785  1.41327666  1.03013863  1.24820545  1.42629068  0.99397560  0.86060684  1.36044335  1.20573649
1    1.08615988  0.00000000  0.98089023  1.41197156  0.81782041  1.41222900  1.25986084  0.90448176  1.08262706  1.28918136  1.41335921  0.96752872  1.33380410  1.17290056
2    1.08276651  0.98089023  0.00000000  1.40417041  0.95254270  1.40501821  1.39711030  0.85612218  1.26177592  1.32983949  1.40874017  0.96028466  1.40094796  1.24503983
3    1.32010729  1.41197156  1.40417041  0.00000000  1.23954959  1.54632404  1.68677971  1.32698274  1.52559013  1.71130708  1.61524672  1.07101915  1.61861750  1.46476743
4    0.96703142  0.81782041  0.95254270  1.23954959  0.00000000  1.24694492  1.08726420  0.79612902  1.10159025  1.00855295  1.27941143  0.80184238  1.16475620  1.01223794
5    1.30440785  1.41222900  1.40501821  1.54632404  1.24694492  0.00000000  1.69404312  1.33111996  1.42229287  1.71702845  1.48533444  0.58894047  1.08928213  0.95443334
6    1.41327666  1.25986084  1.39711030  1.68677971  1.08726420  1.69404312  0.00000000  1.24696260  1.54655018  1.59615027  1.72593053  1.24894801  1.05262806  0.92495591
7    1.03013863  0.90448176  0.85612218  1.32698274  0.79612902  1.33111996  1.24696260  0.00000000  1.18681643  1.03209756  1.34928295  0.88620103  1.28780361  1.13359853
8    1.24820545  1.08262706  1.26177592  1.52559013  1.10159025  1.42229287  1.54655018  1.18681643  0.00000000  1.57221383  1.52660756  0.98342850  1.48624893  1.27389861
9    1.42629068  1.28918136  1.32983949  1.71130708  1.00855295  1.71702845  1.59615027  1.03209756  1.57221383  0.00000000  1.74214607  1.27202024  1.65481165  1.50142673
10    0.99397560  1.41335921  1.40874017  1.61524672  1.27941143  1.48533444  1.72593053  1.34928295  1.52660756  1.74214607  0.00000000  1.04796999  1.60917084  1.45578746
11    0.86060684  0.96752872  0.96028466  1.07101915  0.80184238  0.58894047  1.24894801  0.88620103  0.98342850  1.27202024  1.04796999  0.00000000  0.92865072  0.78139275
16    1.36044335  1.33380410  1.40094796  1.61861750  1.16475620  1.08928213  1.05262806  1.28780361  1.48624893  1.65481165  1.60917084  0.92865072  0.00000000  0.25675269
17    1.20573649  1.17290056  1.24503983  1.46476743  1.01223794  0.95443334  0.92495591  1.13359853  1.27389861  1.50142673  1.45578746  0.78139275  0.25675269  0.00000000

--------------------------------------------------------------------------------
n=13
(result of R-step: (4,7:9)0.48621804)
V=[0, 1, 2, 3, 4, 5, 6, 7, 8, 10, 11, 16, 17]
total successes of this branch: 1
Matrix on 13 elements:

0    0.00000000  1.08615988  1.08276651  1.32010729  0.78945645  1.30440785  1.41327666  0.81782157  1.24820545  0.99397560  0.86060684  1.36044335  1.20573649
1    1.08615988  0.00000000  0.98089023  1.41197156  0.64024544  1.41222900  1.25986084  0.69216470  1.08262706  1.41335921  0.96752872  1.33380410  1.17290056
2    1.08276651  0.98089023  0.00000000  1.40417041  0.77496773  1.40501821  1.39711030  0.64380512  1.26177592  1.40874017  0.96028466  1.40094796  1.24503983
3    1.32010729  1.41197156  1.40417041  0.00000000  1.06197462  1.54632404  1.68677971  1.11466567  1.52559013  1.61524672  1.07101915  1.61861750  1.46476743
4    0.78945645  0.64024544  0.77496773  1.06197462  0.00000000  1.06936995  0.90968923  0.40623698  0.92401528  1.10183645  0.62426741  0.98718123  0.83466297
5    1.30440785  1.41222900  1.40501821  1.54632404  1.06936995  0.00000000  1.69404312  1.11880289  1.42229287  1.48533444  0.58894047  1.08928213  0.95443334
6    1.41327666  1.25986084  1.39711030  1.68677971  0.90968923  1.69404312  0.00000000  1.03464553  1.54655018  1.72593053  1.24894801  1.05262806  0.92495591
7    0.81782157  0.69216470  0.64380512  1.11466567  0.40623698  1.11880289  1.03464553  0.00000000  0.97449936  1.13696588  0.67388396  1.07548654  0.92128146
8    1.24820545  1.08262706  1.26177592  1.52559013  0.92401528  1.42229287  1.54655018  0.97449936  0.00000000  1.52660756  0.98342850  1.48624893  1.27389861
10    0.99397560  1.41335921  1.40874017  1.61524672  1.10183645  1.48533444  1.72593053  1.13696588  1.52660756  0.00000000  1.04796999  1.60917084  1.45578746
11    0.86060684  0.96752872  0.96028466  1.07101915  0.62426741  0.58894047  1.24894801  0.67388396  0.98342850  1.04796999  0.00000000  0.92865072  0.78139275
16    1.36044335  1.33380410  1.40094796  1.61861750  0.98718123  1.08928213  1.05262806  1.07548654  1.48624893  1.60917084  0.92865072  0.00000000  0.25675269
17    1.20573649  1.17290056  1.24503983  1.46476743  0.83466297  0.95443334  0.92495591  0.92128146  1.27389861  1.45578746  0.78139275  0.25675269  0.00000000

--------------------------------------------------------------------------------
n=12
(result of R-step: (2,4:7)0.49760796)
V=[0, 1, 2, 3, 4, 5, 6, 8, 10, 11, 16, 17]
total successes of this branch: 1
Matrix on 12 elements:

0    0.00000000  1.08615988  0.70892221  1.32010729  0.65191926  1.30440785  1.41327666  1.24820545  0.99397560  0.86060684  1.36044335  1.20573649
1    1.08615988  0.00000000  0.60704593  1.41197156  0.50270825  1.41222900  1.25986084  1.08262706  1.41335921  0.96752872  1.33380410  1.17290056
2    0.70892221  0.60704593  0.00000000  1.03032611  0.26358624  1.03117391  1.02326600  0.88793162  1.03489587  0.58644036  1.02710366  0.87119553
3    1.32010729  1.41197156  1.03032611  0.00000000  0.92443744  1.54632404  1.68677971  1.52559013  1.61524672  1.07101915  1.61861750  1.46476743
4    0.65191926  0.50270825  0.26358624  0.92443744  0.00000000  0.93183276  0.77215204  0.78647809  0.96429927  0.48673022  0.84964404  0.69712578
5    1.30440785  1.41222900  1.03117391  1.54632404  0.93183276  0.00000000  1.69404312  1.42229287  1.48533444  0.58894047  1.08928213  0.95443334
6    1.41327666  1.25986084  1.02326600  1.68677971  0.77215204  1.69404312  0.00000000  1.54655018  1.72593053  1.24894801  1.05262806  0.92495591
8    1.24820545  1.08262706  0.88793162  1.52559013  0.78647809  1.42229287  1.54655018  0.00000000  1.52660756  0.98342850  1.48624893  1.27389861
10    0.99397560  1.41335921  1.03489587  1.61524672  0.96429927  1.48533444  1.72593053  1.52660756  0.00000000  1.04796999  1.60917084  1.45578746
11    0.86060684  0.96752872  0.58644036  1.07101915  0.48673022  0.58894047  1.24894801  0.98342850  1.04796999  0.00000000  0.92865072  0.78139275
16    1.36044335  1.33380410  1.02710366  1.61861750  0.84964404  1.08928213  1.05262806  1.48624893  1.60917084  0.92865072  0.00000000  0.25675269
17    1.20573649  1.17290056  0.87119553  1.46476743  0.69712578  0.95443334  0.92495591  1.27389861  1.45578746  0.78139275  0.25675269  0.00000000

--------------------------------------------------------------------------------
n=11
(result of R-step: (8,16:17)0.04459995)
V=[0, 1, 2, 3, 4, 5, 6, 8, 10, 11, 16]
total successes of this branch: 1
Matrix on 11 elements:

0    0.00000000  1.08615988  0.70892221  1.32010729  0.65191926  1.30440785  1.41327666  1.20742765  0.99397560  0.86060684  1.18241996
1    1.08615988  0.00000000  0.60704593  1.41197156  0.50270825  1.41222900  1.25986084  1.04184926  1.41335921  0.96752872  1.15578071
2    0.70892221  0.60704593  0.00000000  1.03032611  0.26358624  1.03117391  1.02326600  0.84715382  1.03489587  0.58644036  0.84908026
3    1.32010729  1.41197156  1.03032611  0.00000000  0.92443744  1.54632404  1.68677971  1.48481233  1.61524672  1.07101915  1.44059411
4    0.65191926  0.50270825  0.26358624  0.92443744  0.00000000  0.93183276  0.77215204  0.74570029  0.96429927  0.48673022  0.67162065
5    1.30440785  1.41222900  1.03117391  1.54632404  0.93183276  0.00000000  1.69404312  1.38151507  1.48533444  0.58894047  0.91125874
6    1.41327666  1.25986084  1.02326600  1.68677971  0.77215204  1.69404312  0.00000000  1.50577238  1.72593053  1.24894801  0.87460467
8    1.20742765  1.04184926  0.84715382  1.48481233  0.74570029  1.38151507  1.50577238  0.00000000  1.48582976  0.94265070  1.26744774
10    0.99397560  1.41335921  1.03489587  1.61524672  0.96429927  1.48533444  1.72593053  1.48582976  0.00000000  1.04796999  1.43114745
11    0.86060684  0.96752872  0.58644036  1.07101915  0.48673022  0.58894047  1.24894801  0.94265070  1.04796999  0.00000000  0.75062733
16    1.18241996  1.15578071  0.84908026  1.44059411  0.67162065  0.91125874  0.87460467  1.26744774  1.43114745  0.75062733  0.00000000

--------------------------------------------------------------------------------
n=10
(result of R-step: (5,6:16)0.48529338)
V=[0, 1, 2, 3, 4, 5, 6, 8, 10, 11]
total successes of this branch: 1
Matrix on 10 elements:

0    0.00000000  1.08615988  0.70892221  1.32010729  0.65191926  1.08047432  1.18934313  1.20742765  0.99397560  0.86060684
1    1.08615988  0.00000000  0.60704593  1.41197156  0.50270825  1.18829546  1.03592731  1.04184926  1.41335921  0.96752872
2    0.70892221  0.60704593  0.00000000  1.03032611  0.26358624  0.80724038  0.79933246  0.84715382  1.03489587  0.58644036
3    1.32010729  1.41197156  1.03032611  0.00000000  0.92443744  1.32239050  1.46284617  1.48481233  1.61524672  1.07101915
4    0.65191926  0.50270825  0.26358624  0.92443744  0.00000000  0.70789923  0.54821851  0.74570029  0.96429927  0.48673022
5    1.08047432  1.18829546  0.80724038  1.32239050  0.70789923  0.00000000  1.24617605  1.15758153  1.26140090  0.36500694
6    1.18934313  1.03592731  0.79933246  1.46284617  0.54821851  1.24617605  0.00000000  1.28183885  1.50199700  1.02501448
8    1.20742765  1.04184926  0.84715382  1.48481233  0.74570029  1.15758153  1.28183885  0.00000000  1.48582976  0.94265070
10    0.99397560  1.41335921  1.03489587  1.61524672  0.96429927  1.26140090  1.50199700  1.48582976  0.00000000  1.04796999
11    0.86060684  0.96752872  0.58644036  1.07101915  0.48673022  0.36500694  1.02501448  0.94265070  1.04796999  0.00000000

--------------------------------------------------------------------------------
n=9
(result of R-step: (3,5:11)0.05635590)
V=[0, 1, 2, 3, 4, 5, 6, 8, 10]
total successes of this branch: 1
Matrix on 9 elements:

0    0.00000000  1.08615988  0.70892221  0.81860372  0.65191926  0.80290429  1.18934313  1.20742765  0.99397560
1    1.08615988  0.00000000  0.60704593  0.91046799  0.50270825  0.91072544  1.03592731  1.04184926  1.41335921
2    0.70892221  0.60704593  0.00000000  0.52882255  0.26358624  0.52967035  0.79933246  0.84715382  1.03489587
3    0.81860372  0.91046799  0.52882255  0.00000000  0.42293387  0.54331691  0.96134261  0.98330876  1.11374316
4    0.65191926  0.50270825  0.26358624  0.42293387  0.00000000  0.43032920  0.54821851  0.74570029  0.96429927
5    0.80290429  0.91072544  0.52967035  0.54331691  0.43032920  0.00000000  0.96860602  0.88001150  0.98383087
6    1.18934313  1.03592731  0.79933246  0.96134261  0.54821851  0.96860602  0.00000000  1.28183885  1.50199700
8    1.20742765  1.04184926  0.84715382  0.98330876  0.74570029  0.88001150  1.28183885  0.00000000  1.48582976
10    0.99397560  1.41335921  1.03489587  1.11374316  0.96429927  0.98383087  1.50199700  1.48582976  0.00000000

--------------------------------------------------------------------------------
n=8
(result of R-step: (0,5:10)0.67892704)
V=[0, 1, 2, 3, 4, 5, 6, 8]
total successes of this branch: 1
Matrix on 8 elements:

0    0.00000000  0.82644260  0.44920493  0.55888645  0.39220198  0.45723948  0.92962585  0.94771037
1    0.82644260  0.00000000  0.60704593  0.91046799  0.50270825  0.82477791  1.03592731  1.04184926
2    0.44920493  0.60704593  0.00000000  0.52882255  0.26358624  0.44372282  0.79933246  0.84715382
3    0.55888645  0.91046799  0.52882255  0.00000000  0.42293387  0.45736938  0.96134261  0.98330876
4    0.39220198  0.50270825  0.26358624  0.42293387  0.00000000  0.34438167  0.54821851  0.74570029
5    0.45723948  0.82477791  0.44372282  0.45736938  0.34438167  0.00000000  0.88265849  0.79406397
6    0.92962585  1.03592731  0.79933246  0.96134261  0.54821851  0.88265849  0.00000000  1.28183885
8    0.94771037  1.04184926  0.84715382  0.98330876  0.74570029  0.79406397  1.28183885  0.00000000

--------------------------------------------------------------------------------
n=7
(result of R-step: (1,5:8)0.42276996)
V=[0, 1, 2, 3, 4, 5, 6]
total successes of this branch: 1
Matrix on 7 elements:

0    0.00000000  0.55279523  0.44920493  0.55888645  0.39220198  0.36109952  0.92962585
1    0.55279523  0.00000000  0.33339855  0.63682062  0.22906087  0.45499057  0.76227993
2    0.44920493  0.33339855  0.00000000  0.52882255  0.26358624  0.34758285  0.79933246
3    0.55888645  0.63682062  0.52882255  0.00000000  0.42293387  0.36122942  0.96134261
4    0.39220198  0.22906087  0.26358624  0.42293387  0.00000000  0.24824171  0.54821851
5    0.36109952  0.45499057  0.34758285  0.36122942  0.24824171  0.00000000  0.78651853
6    0.92962585  0.76227993  0.79933246  0.96134261  0.54821851  0.78651853  0.00000000

--------------------------------------------------------------------------------
n=6
(result of R-step: (0,3:5)0.13393537)
V=[0, 1, 2, 3, 4, 6]
total successes of this branch: 1
Matrix on 6 elements:

0    0.00000000  0.37493402  0.27134373  0.11721650  0.21434078  0.75176464
1    0.37493402  0.00000000  0.33339855  0.37301188  0.22906087  0.76227993
2    0.27134373  0.33339855  0.00000000  0.26501381  0.26358624  0.79933246
3    0.11721650  0.37301188  0.26501381  0.00000000  0.15912513  0.69753387
4    0.21434078  0.22906087  0.26358624  0.15912513  0.00000000  0.54821851
6    0.75176464  0.76227993  0.79933246  0.69753387  0.54821851  0.00000000

--------------------------------------------------------------------------------
n=5
(result of R-step: (1,4:6)0.01848010)
V=[0, 1, 2, 3, 4]
total successes of this branch: 1
Matrix on 5 elements:

0    0.00000000  0.29387276  0.27134373  0.11721650  0.20948639
1    0.29387276  0.00000000  0.25233729  0.29195062  0.14314523
2    0.27134373  0.25233729  0.00000000  0.26501381  0.25873185
3    0.11721650  0.29195062  0.26501381  0.00000000  0.15427075
4    0.20948639  0.14314523  0.25873185  0.15427075  0.00000000

--------------------------------------------------------------------------------
n=4
(result of R-step: (0,1:2)0.59119887)
V=[0, 1, 3, 4]
total successes of this branch: 0
Matrix on 4 elements:

0    0.00000000  0.22784293  0.05391935  0.14618924
1    0.22784293  0.00000000  0.28921794  0.14041255
3    0.05391935  0.28921794  0.00000000  0.15427075
4    0.14618924  0.14041255  0.15427075  0.00000000
reason of abort: no pseudometric

--------------------------------------------------------------------------------
n=4
(result of R-step: (0,1:4)0.74364623)
V=[0, 1, 2, 3]
total successes of this branch: 0
reason of abort: negative delta/dxy

--------------------------------------------------------------------------------
n=4
(result of R-step: (0,2:4)0.00819193)
V=[0, 1, 2, 3]
total successes of this branch: 0
reason of abort: negative delta/dxy

--------------------------------------------------------------------------------
n=4
(result of R-step: (0,3:1)0.03172706)
V=[0, 2, 3, 4]
total successes of this branch: 0
reason of abort: negative delta/dxy

--------------------------------------------------------------------------------
n=4
(result of R-step: (1,3:2)0.26448850)
V=[0, 1, 3, 4]
total successes of this branch: 0
reason of abort: negative delta/dxy

--------------------------------------------------------------------------------
n=4
(result of R-step: (1,3:4)0.52052185)
V=[0, 1, 2, 3]
total successes of this branch: 1
Matrix on 4 elements:

0    0.00000000  0.29114008  0.27134373  0.11514381
1    0.29114008  0.00000000  0.24960461  0.28714524
2    0.27134373  0.24960461  0.00000000  0.26294111
3    0.11514381  0.28714524  0.26294111  0.00000000

--------------------------------------------------------------------------------
n=4
(result of R-step: (1,4:2)0.91729241)
V=[0, 1, 3, 4]
total successes of this branch: 0
reason of abort: negative delta/dxy

--------------------------------------------------------------------------------
n=4
(result of R-step: (2,3:0)0.36990258)
V=[1, 2, 3, 4]
total successes of this branch: 0
Matrix on 4 elements:

1    0.00000000  0.13367902  0.28987792  0.14314523
2    0.13367902  0.00000000  0.14428285  0.14007359
3    0.28987792  0.14428285  0.00000000  0.15219805
4    0.14314523  0.14007359  0.15219805  0.00000000
reason of abort: no pseudometric

--------------------------------------------------------------------------------
n=4
(result of R-step: (3,4:0)0.96907332)
V=[1, 2, 3, 4]
total successes of this branch: 0
reason of abort: negative delta/dxy

--------------------------------------------------------------------------------
n=4
(result of R-step: (3,4:2)0.19634832)
V=[0, 1, 3, 4]
total successes of this branch: 0
reason of abort: negative delta/dxy
