n=20
V=[0, 1, 2, 3, 4, 5, 6, 7, 8, 9, 10, 11, 12, 13, 14, 15, 16, 17, 18, 19]
total successes of this branch: 3
Matrix on 20 elements:

0    0.00000000  2.05147187  1.93143930  1.88755290  1.89859341  1.89277650  1.90988392  1.88841145  2.02426307  1.88917660  0.92108105  2.00624481  1.64904390  1.89399208  1.88769410  1.26525771  1.67613113  1.91623456  1.89853373  1.90036530
1    2.05147187  0.00000000  2.00726641  2.03220814  2.02593355  2.02712853  2.01951687  2.03172021  1.31380309  2.03128535  2.04847369  0.82043333  2.03596021  2.02854859  2.03212789  2.04053743  2.02947850  2.01507750  2.02565217  2.02492653
2    1.93143930  2.00726641  0.00000000  1.89754365  1.86711048  1.87012054  1.82544552  1.89087121  1.80399617  1.89306791  1.92388714  2.00393040  1.90414564  1.87979405  1.89715443  1.90389639  1.87603990  0.81207386  1.48504222  1.86057172
3    1.88755290  2.03220814  1.89754365  0.00000000  1.80700388  1.81077291  1.83812621  1.56313977  2.00168259  1.01691799  1.87809649  2.02604211  0.90152012  1.42094446  0.62010536  1.85306518  1.81818481  1.86341972  1.09231456  1.81188811
4    1.89859341  2.02593355  1.86711048  1.80700388  0.00000000  1.78009579  1.78756548  1.80817974  1.98993177  1.67077246  1.76856927  2.01563637  1.82484314  1.15420350  1.79515703  1.31308374  0.51840590  1.83289062  1.80948820  0.31166278
5    1.89277650  2.02712853  1.87012054  1.81077291  1.78009579  0.00000000  1.81104109  1.81193392  1.99153819  1.80626130  1.87954785  2.02122381  1.82674509  1.79288104  1.81038058  1.84453134  1.79573690  1.18432962  1.57260723  1.78495224
6    1.90988392  2.01951687  1.82544552  1.83812621  1.78756548  1.81104109  0.00000000  1.83787814  1.97552506  1.83069035  1.89552381  2.01455589  1.85210275  1.80863757  1.83747957  1.85751228  1.80454438  1.81978075  1.83075759  1.51282556
7    1.88841145  2.03172021  1.89087121  1.56313977  1.80817974  1.81193392  1.83787814  0.00000000  1.99979276  1.59917725  1.87899229  2.02560954  1.62649426  1.70605492  1.56627364  1.85405958  1.81931662  1.85982791  1.67776517  1.81284050
8    2.02426307  1.31380309  1.80399617  2.00168259  1.98993177  1.99153819  1.97552506  1.99979276  0.00000000  1.99995442  2.02023259  1.34206741  2.00608068  1.99482913  2.00153231  2.00956384  1.99469726  1.87774995  1.95451993  1.98767083
9    1.88917660  2.03128535  1.89306791  1.01691799  1.67077246  1.80626130  1.83069035  1.59917725  1.99995442  0.00000000  1.86353608  2.02457368  1.18681136  1.17717531  0.97912407  1.79566509  1.70108893  1.85892988  1.31327319  1.69586944
10    0.92108105  2.04847369  1.92388714  1.87809649  1.76856927  1.87954785  1.89552381  1.87899229  2.02023259  1.86353608  0.00000000  1.99729187  1.69169469  1.81497287  1.87683030  0.93040888  1.65093024  1.90645003  1.88807984  1.78849308
11    2.00624481  0.82043333  2.00393040  2.02604211  2.01563637  2.02122381  2.01455589  2.02560954  1.34206741  2.02457368  1.99729187  0.00000000  2.02218611  2.02000341  2.02591442  2.00375087  2.01433274  2.01073130  2.02014789  2.01546681
12    1.64904390  2.03596021  1.90414564  0.90152012  1.82484314  1.82674509  1.85210275  1.62649426  2.00608068  1.18681136  1.69169469  2.02218611  0.00000000  1.51308187  0.92632940  1.73857552  1.80044062  1.87370669  1.28614208  1.82912117
13    1.89399208  2.02854859  1.87979405  1.42094446  1.15420350  1.79288104  1.80863757  1.70605492  1.99482913  1.17717531  1.81497287  2.02000341  1.51308187  0.00000000  1.39974599  1.58231965  1.25689284  1.84561417  1.56908615  1.25690816
14    1.88769410  2.03212789  1.89715443  0.62010536  1.79515703  1.81038058  1.83747957  1.56627364  2.00153231  0.97912407  1.87683030  2.02591442  0.92632940  1.39974599  0.00000000  1.84807360  1.80800201  1.86302928  0.77138165  1.80179898
15    1.26525771  2.04053743  1.90389639  1.85306518  1.31308374  1.84453134  1.85751228  1.85405958  2.00956384  1.79566509  0.93040888  2.00375087  1.73857552  1.58231965  1.84807360  0.00000000  1.30644505  1.88055017  1.86040816  1.39852451
16    1.67613113  2.02947850  1.87603990  1.81818481  0.51840590  1.79573690  1.80454438  1.81931662  1.99469726  1.70108893  1.65093024  2.01433274  1.80044062  1.25689284  1.80800201  1.30644505  0.00000000  1.84445951  1.82184852  0.72024812
17    1.91623456  2.01507750  0.81207386  1.86341972  1.83289062  1.18432962  1.81978075  1.85982791  1.87774995  1.85892988  1.90645003  2.01073130  1.87370669  1.84561417  1.86302928  1.88055017  1.84445951  0.00000000  1.19452636  1.83083320
18    1.89853373  2.02565217  1.48504222  1.09231456  1.80948820  1.57260723  1.83075759  1.67776517  1.95451993  1.31327319  1.88807984  2.02014789  1.28614208  1.56908615  0.77138165  1.86040816  1.82184852  1.19452636  0.00000000  1.81282614
19    1.90036530  2.02492653  1.86057172  1.81188811  0.31166278  1.78495224  1.51282556  1.81284050  1.98767083  1.69586944  1.78849308  2.01546681  1.82912117  1.25690816  1.80179898  1.39852451  0.72024812  1.83083320  1.81282614  0.00000000

--------------------------------------------------------------------------------
n=19
(result of R-step: (4,6:19)0.84306339)
V=[0, 1, 2, 3, 4, 5, 6, 7, 8, 9, 10, 11, 12, 13, 14, 15, 16, 17, 18]
total successes of this branch: 3
Matrix on 19 elements:

0    0.00000000  2.05147187  1.93143930  1.88755290  1.88013197  1.89277650  1.89142249  1.88841145  2.02426307  1.88917660  0.92108105  2.00624481  1.64904390  1.89399208  1.88769410  1.26525771  1.67613113  1.91623456  1.89853373
1    2.05147187  0.00000000  2.00726641  2.03220814  2.00747211  2.02712853  2.00105543  2.03172021  1.31380309  2.03128535  2.04847369  0.82043333  2.03596021  2.02854859  2.03212789  2.04053743  2.02947850  2.01507750  2.02565217
2    1.93143930  2.00726641  0.00000000  1.89754365  1.84864905  1.87012054  1.80698408  1.89087121  1.80399617  1.89306791  1.92388714  2.00393040  1.90414564  1.87979405  1.89715443  1.90389639  1.87603990  0.81207386  1.48504222
3    1.88755290  2.03220814  1.89754365  0.00000000  1.78854245  1.81077291  1.81966477  1.56313977  2.00168259  1.01691799  1.87809649  2.02604211  0.90152012  1.42094446  0.62010536  1.85306518  1.81818481  1.86341972  1.09231456
4    1.88013197  2.00747211  1.84864905  1.78854245  0.00000000  1.76163436  1.75064261  1.78971831  1.97147034  1.65231103  1.75010783  1.99717494  1.80638171  1.13574207  1.77669560  1.29462231  0.49994447  1.81442919  1.79102676
5    1.89277650  2.02712853  1.87012054  1.81077291  1.76163436  0.00000000  1.79257965  1.81193392  1.99153819  1.80626130  1.87954785  2.02122381  1.82674509  1.79288104  1.81038058  1.84453134  1.79573690  1.18432962  1.57260723
6    1.89142249  2.00105543  1.80698408  1.81966477  1.75064261  1.79257965  0.00000000  1.81941670  1.95706363  1.81222892  1.87706238  1.99609446  1.83364132  1.79017614  1.81901814  1.83905085  1.78608295  1.80131932  1.81229615
7    1.88841145  2.03172021  1.89087121  1.56313977  1.78971831  1.81193392  1.81941670  0.00000000  1.99979276  1.59917725  1.87899229  2.02560954  1.62649426  1.70605492  1.56627364  1.85405958  1.81931662  1.85982791  1.67776517
8    2.02426307  1.31380309  1.80399617  2.00168259  1.97147034  1.99153819  1.95706363  1.99979276  0.00000000  1.99995442  2.02023259  1.34206741  2.00608068  1.99482913  2.00153231  2.00956384  1.99469726  1.87774995  1.95451993
9    1.88917660  2.03128535  1.89306791  1.01691799  1.65231103  1.80626130  1.81222892  1.59917725  1.99995442  0.00000000  1.86353608  2.02457368  1.18681136  1.17717531  0.97912407  1.79566509  1.70108893  1.85892988  1.31327319
10    0.92108105  2.04847369  1.92388714  1.87809649  1.75010783  1.87954785  1.87706238  1.87899229  2.02023259  1.86353608  0.00000000  1.99729187  1.69169469  1.81497287  1.87683030  0.93040888  1.65093024  1.90645003  1.88807984
11    2.00624481  0.82043333  2.00393040  2.02604211  1.99717494  2.02122381  1.99609446  2.02560954  1.34206741  2.02457368  1.99729187  0.00000000  2.02218611  2.02000341  2.02591442  2.00375087  2.01433274  2.01073130  2.02014789
12    1.64904390  2.03596021  1.90414564  0.90152012  1.80638171  1.82674509  1.83364132  1.62649426  2.00608068  1.18681136  1.69169469  2.02218611  0.00000000  1.51308187  0.92632940  1.73857552  1.80044062  1.87370669  1.28614208
13    1.89399208  2.02854859  1.87979405  1.42094446  1.13574207  1.79288104  1.79017614  1.70605492  1.99482913  1.17717531  1.81497287  2.02000341  1.51308187  0.00000000  1.39974599  1.58231965  1.25689284  1.84561417  1.56908615
14    1.88769410  2.03212789  1.89715443  0.62010536  1.77669560  1.81038058  1.81901814  1.56627364  2.00153231  0.97912407  1.87683030  2.02591442  0.92632940  1.39974599  0.00000000  1.84807360  1.80800201  1.86302928  0.77138165
15    1.26525771  2.04053743  1.90389639  1.85306518  1.29462231  1.84453134  1.83905085  1.85405958  2.00956384  1.79566509  0.93040888  2.00375087  1.73857552  1.58231965  1.84807360  0.00000000  1.30644505  1.88055017  1.86040816
16    1.67613113  2.02947850  1.87603990  1.81818481  0.49994447  1.79573690  1.78608295  1.81931662  1.99469726  1.70108893  1.65093024  2.01433274  1.80044062  1.25689284  1.80800201  1.30644505  0.00000000  1.84445951  1.82184852
17    1.91623456  2.01507750  0.81207386  1.86341972  1.81442919  1.18432962  1.80131932  1.85982791  1.87774995  1.85892988  1.90645003  2.01073130  1.87370669  1.84561417  1.86302928  1.88055017  1.84445951  0.00000000  1.19452636
18    1.89853373  2.02565217  1.48504222  1.09231456  1.79102676  1.57260723  1.81229615  1.67776517  1.95451993  1.31327319  1.88807984  2.02014789  1.28614208  1.56908615  0.77138165  1.86040816  1.82184852  1.19452636  0.00000000

--------------------------------------------------------------------------------
n=18
(result of R-step: (0,4:16)0.13880904)
V=[0, 1, 2, 3, 4, 5, 6, 7, 8, 9, 10, 11, 12, 13, 14, 15, 17, 18]
total successes of this branch: 3
Matrix on 18 elements:

0    0.00000000  1.90350006  1.78346749  1.73958109  1.60264978  1.74480469  1.74345068  1.74043963  1.87629126  1.74120479  0.77310924  1.85827300  1.50107209  1.74602026  1.73972229  1.11728590  1.76826275  1.75056192
1    1.90350006  0.00000000  2.00726641  2.03220814  1.87796173  2.02712853  2.00105543  2.03172021  1.31380309  2.03128535  2.04847369  0.82043333  2.03596021  2.02854859  2.03212789  2.04053743  2.01507750  2.02565217
2    1.78346749  2.00726641  0.00000000  1.89754365  1.71913867  1.87012054  1.80698408  1.89087121  1.80399617  1.89306791  1.92388714  2.00393040  1.90414564  1.87979405  1.89715443  1.90389639  0.81207386  1.48504222
3    1.73958109  2.03220814  1.89754365  0.00000000  1.65903207  1.81077291  1.81966477  1.56313977  2.00168259  1.01691799  1.87809649  2.02604211  0.90152012  1.42094446  0.62010536  1.85306518  1.86341972  1.09231456
4    1.60264978  1.87796173  1.71913867  1.65903207  0.00000000  1.63212398  1.62113223  1.66020793  1.84195995  1.52280065  1.62059745  1.86766456  1.67687133  1.00623169  1.64718522  1.16511193  1.68491880  1.66151638
5    1.74480469  2.02712853  1.87012054  1.81077291  1.63212398  0.00000000  1.79257965  1.81193392  1.99153819  1.80626130  1.87954785  2.02122381  1.82674509  1.79288104  1.81038058  1.84453134  1.18432962  1.57260723
6    1.74345068  2.00105543  1.80698408  1.81966477  1.62113223  1.79257965  0.00000000  1.81941670  1.95706363  1.81222892  1.87706238  1.99609446  1.83364132  1.79017614  1.81901814  1.83905085  1.80131932  1.81229615
7    1.74043963  2.03172021  1.89087121  1.56313977  1.66020793  1.81193392  1.81941670  0.00000000  1.99979276  1.59917725  1.87899229  2.02560954  1.62649426  1.70605492  1.56627364  1.85405958  1.85982791  1.67776517
8    1.87629126  1.31380309  1.80399617  2.00168259  1.84195995  1.99153819  1.95706363  1.99979276  0.00000000  1.99995442  2.02023259  1.34206741  2.00608068  1.99482913  2.00153231  2.00956384  1.87774995  1.95451993
9    1.74120479  2.03128535  1.89306791  1.01691799  1.52280065  1.80626130  1.81222892  1.59917725  1.99995442  0.00000000  1.86353608  2.02457368  1.18681136  1.17717531  0.97912407  1.79566509  1.85892988  1.31327319
10    0.77310924  2.04847369  1.92388714  1.87809649  1.62059745  1.87954785  1.87706238  1.87899229  2.02023259  1.86353608  0.00000000  1.99729187  1.69169469  1.81497287  1.87683030  0.93040888  1.90645003  1.88807984
11    1.85827300  0.82043333  2.00393040  2.02604211  1.86766456  2.02122381  1.99609446  2.02560954  1.34206741  2.02457368  1.99729187  0.00000000  2.02218611  2.02000341  2.02591442  2.00375087  2.01073130  2.02014789
12    1.50107209  2.03596021  1.90414564  0.90152012  1.67687133  1.82674509  1.83364132  1.62649426  2.00608068  1.18681136  1.69169469  2.02218611  0.00000000  1.51308187  0.92632940  1.73857552  1.87370669  1.28614208
13    1.74602026  2.02854859  1.87979405  1.42094446  1.00623169  1.79288104  1.79017614  1.70605492  1.99482913  1.17717531  1.81497287  2.02000341  1.51308187  0.00000000  1.39974599  1.58231965  1.84561417  1.56908615
14    1.73972229  2.03212789  1.89715443  0.62010536  1.64718522  1.81038058  1.81901814  1.56627364  2.00153231  0.97912407  1.87683030  2.02591442  0.92632940  1.39974599  0.00000000  1.84807360  1.86302928  0.77138165
15    1.11728590  2.04053743  1.90389639  1.85306518  1.16511193  1.84453134  1.83905085  1.85405958  2.00956384  1.79566509  0.93040888  2.00375087  1.73857552  1.58231965  1.84807360  0.00000000  1.88055017  1.86040816
17    1.76826275  2.01507750  0.81207386  1.86341972  1.68491880  1.18432962  1.80131932  1.85982791  1.87774995  1.85892988  1.90645003  2.01073130  1.87370669  1.84561417  1.86302928  1.88055017  0.00000000  1.19452636
18    1.75056192  2.02565217  1.48504222  1.09231456  1.66151638  1.57260723  1.81229615  1.67776517  1.95451993  1.31327319  1.88807984  2.02014789  1.28614208  1.56908615  0.77138165  1.86040816  1.19452636  0.00000000

--------------------------------------------------------------------------------
n=17
(result of R-step: (4,10:15)0.35209443)
V=[0, 1, 2, 3, 4, 5, 6, 7, 8, 9, 10, 11, 12, 13, 14, 17, 18]
total successes of this branch: 3
Matrix on 17 elements:

0    0.00000000  1.90350006  1.78346749  1.73958109  1.51315992  1.74480469  1.74345068  1.74043963  1.87629126  1.74120479  0.53564756  1.85827300  1.50107209  1.74602026  1.73972229  1.76826275  1.75056192
1    1.90350006  0.00000000  2.00726641  2.03220814  1.78847187  2.02712853  2.00105543  2.03172021  1.31380309  2.03128535  1.81101201  0.82043333  2.03596021  2.02854859  2.03212789  2.01507750  2.02565217
2    1.78346749  2.00726641  0.00000000  1.89754365  1.62964880  1.87012054  1.80698408  1.89087121  1.80399617  1.89306791  1.68642546  2.00393040  1.90414564  1.87979405  1.89715443  0.81207386  1.48504222
3    1.73958109  2.03220814  1.89754365  0.00000000  1.56954220  1.81077291  1.81966477  1.56313977  2.00168259  1.01691799  1.64063482  2.02604211  0.90152012  1.42094446  0.62010536  1.86341972  1.09231456
4    1.51315992  1.78847187  1.62964880  1.56954220  0.00000000  1.54263412  1.53164237  1.57071806  1.75247009  1.43331079  1.29364591  1.77817470  1.58738147  0.91674182  1.55769535  1.59542894  1.57202652
5    1.74480469  2.02712853  1.87012054  1.81077291  1.54263412  0.00000000  1.79257965  1.81193392  1.99153819  1.80626130  1.64208618  2.02122381  1.82674509  1.79288104  1.81038058  1.18432962  1.57260723
6    1.74345068  2.00105543  1.80698408  1.81966477  1.53164237  1.79257965  0.00000000  1.81941670  1.95706363  1.81222892  1.63960070  1.99609446  1.83364132  1.79017614  1.81901814  1.80131932  1.81229615
7    1.74043963  2.03172021  1.89087121  1.56313977  1.57071806  1.81193392  1.81941670  0.00000000  1.99979276  1.59917725  1.64153061  2.02560954  1.62649426  1.70605492  1.56627364  1.85982791  1.67776517
8    1.87629126  1.31380309  1.80399617  2.00168259  1.75247009  1.99153819  1.95706363  1.99979276  0.00000000  1.99995442  1.78277092  1.34206741  2.00608068  1.99482913  2.00153231  1.87774995  1.95451993
9    1.74120479  2.03128535  1.89306791  1.01691799  1.43331079  1.80626130  1.81222892  1.59917725  1.99995442  0.00000000  1.62607441  2.02457368  1.18681136  1.17717531  0.97912407  1.85892988  1.31327319
10    0.53564756  1.81101201  1.68642546  1.64063482  1.29364591  1.64208618  1.63960070  1.64153061  1.78277092  1.62607441  0.00000000  1.75983019  1.45423301  1.57751120  1.63936863  1.66898836  1.65061816
11    1.85827300  0.82043333  2.00393040  2.02604211  1.77817470  2.02122381  1.99609446  2.02560954  1.34206741  2.02457368  1.75983019  0.00000000  2.02218611  2.02000341  2.02591442  2.01073130  2.02014789
12    1.50107209  2.03596021  1.90414564  0.90152012  1.58738147  1.82674509  1.83364132  1.62649426  2.00608068  1.18681136  1.45423301  2.02218611  0.00000000  1.51308187  0.92632940  1.87370669  1.28614208
13    1.74602026  2.02854859  1.87979405  1.42094446  0.91674182  1.79288104  1.79017614  1.70605492  1.99482913  1.17717531  1.57751120  2.02000341  1.51308187  0.00000000  1.39974599  1.84561417  1.56908615
14    1.73972229  2.03212789  1.89715443  0.62010536  1.55769535  1.81038058  1.81901814  1.56627364  2.00153231  0.97912407  1.63936863  2.02591442  0.92632940  1.39974599  0.00000000  1.86302928  0.77138165
17    1.76826275  2.01507750  0.81207386  1.86341972  1.59542894  1.18432962  1.80131932  1.85982791  1.87774995  1.85892988  1.66898836  2.01073130  1.87370669  1.84561417  1.86302928  0.00000000  1.19452636
18    1.75056192  2.02565217  1.48504222  1.09231456  1.57202652  1.57260723  1.81229615  1.67776517  1.95451993  1.31327319  1.65061816  2.02014789  1.28614208  1.56908615  0.77138165  1.19452636  0.00000000

--------------------------------------------------------------------------------
n=16
(result of R-step: (1,10:11)0.95998989)
V=[0, 1, 2, 3, 4, 5, 6, 7, 8, 9, 10, 12, 13, 14, 17, 18]
total successes of this branch: 3
Matrix on 16 elements:

0    0.00000000  1.51887431  1.78346749  1.73958109  1.51315992  1.74480469  1.74345068  1.74043963  1.87629126  1.74120479  0.38848348  1.50107209  1.74602026  1.73972229  1.76826275  1.75056192
1    1.51887431  0.00000000  1.62264066  1.64758238  1.40384611  1.64250277  1.61642968  1.64709445  0.92917734  1.64665959  1.27922218  1.65133446  1.64392284  1.64750213  1.63045174  1.64102642
2    1.78346749  1.62264066  0.00000000  1.89754365  1.62964880  1.87012054  1.80698408  1.89087121  1.80399617  1.89306791  1.53926138  1.90414564  1.87979405  1.89715443  0.81207386  1.48504222
3    1.73958109  1.64758238  1.89754365  0.00000000  1.56954220  1.81077291  1.81966477  1.56313977  2.00168259  1.01691799  1.49347074  0.90152012  1.42094446  0.62010536  1.86341972  1.09231456
4    1.51315992  1.40384611  1.62964880  1.56954220  0.00000000  1.54263412  1.53164237  1.57071806  1.75247009  1.43331079  1.14648183  1.58738147  0.91674182  1.55769535  1.59542894  1.57202652
5    1.74480469  1.64250277  1.87012054  1.81077291  1.54263412  0.00000000  1.79257965  1.81193392  1.99153819  1.80626130  1.49492210  1.82674509  1.79288104  1.81038058  1.18432962  1.57260723
6    1.74345068  1.61642968  1.80698408  1.81966477  1.53164237  1.79257965  0.00000000  1.81941670  1.95706363  1.81222892  1.49243662  1.83364132  1.79017614  1.81901814  1.80131932  1.81229615
7    1.74043963  1.64709445  1.89087121  1.56313977  1.57071806  1.81193392  1.81941670  0.00000000  1.99979276  1.59917725  1.49436653  1.62649426  1.70605492  1.56627364  1.85982791  1.67776517
8    1.87629126  0.92917734  1.80399617  2.00168259  1.75247009  1.99153819  1.95706363  1.99979276  0.00000000  1.99995442  1.63560684  2.00608068  1.99482913  2.00153231  1.87774995  1.95451993
9    1.74120479  1.64665959  1.89306791  1.01691799  1.43331079  1.80626130  1.81222892  1.59917725  1.99995442  0.00000000  1.47891033  1.18681136  1.17717531  0.97912407  1.85892988  1.31327319
10    0.38848348  1.27922218  1.53926138  1.49347074  1.14648183  1.49492210  1.49243662  1.49436653  1.63560684  1.47891033  0.00000000  1.30706893  1.43034712  1.49220455  1.52182428  1.50345408
12    1.50107209  1.65133446  1.90414564  0.90152012  1.58738147  1.82674509  1.83364132  1.62649426  2.00608068  1.18681136  1.30706893  0.00000000  1.51308187  0.92632940  1.87370669  1.28614208
13    1.74602026  1.64392284  1.87979405  1.42094446  0.91674182  1.79288104  1.79017614  1.70605492  1.99482913  1.17717531  1.43034712  1.51308187  0.00000000  1.39974599  1.84561417  1.56908615
14    1.73972229  1.64750213  1.89715443  0.62010536  1.55769535  1.81038058  1.81901814  1.56627364  2.00153231  0.97912407  1.49220455  0.92632940  1.39974599  0.00000000  1.86302928  0.77138165
17    1.76826275  1.63045174  0.81207386  1.86341972  1.59542894  1.18432962  1.80131932  1.85982791  1.87774995  1.85892988  1.52182428  1.87370669  1.84561417  1.86302928  0.00000000  1.19452636
18    1.75056192  1.64102642  1.48504222  1.09231456  1.57202652  1.57260723  1.81229615  1.67776517  1.95451993  1.31327319  1.50345408  1.28614208  1.56908615  0.77138165  1.19452636  0.00000000

--------------------------------------------------------------------------------
n=15
(result of R-step: (14,17:18)0.62020129)
V=[0, 1, 2, 3, 4, 5, 6, 7, 8, 9, 10, 12, 13, 14, 17]
total successes of this branch: 3
Matrix on 15 elements:

0    0.00000000  1.51887431  1.78346749  1.73958109  1.51315992  1.74480469  1.74345068  1.74043963  1.87629126  1.74120479  0.38848348  1.50107209  1.74602026  1.68828292  1.71682339
1    1.51887431  0.00000000  1.62264066  1.64758238  1.40384611  1.64250277  1.61642968  1.64709445  0.92917734  1.64665959  1.27922218  1.65133446  1.64392284  1.59606277  1.57901237
2    1.78346749  1.62264066  0.00000000  1.89754365  1.62964880  1.87012054  1.80698408  1.89087121  1.80399617  1.89306791  1.53926138  1.90414564  1.87979405  1.84571507  0.76063449
3    1.73958109  1.64758238  1.89754365  0.00000000  1.56954220  1.81077291  1.81966477  1.56313977  2.00168259  1.01691799  1.49347074  0.90152012  1.42094446  0.56866599  1.81198036
4    1.51315992  1.40384611  1.62964880  1.56954220  0.00000000  1.54263412  1.53164237  1.57071806  1.75247009  1.43331079  1.14648183  1.58738147  0.91674182  1.50625599  1.54398958
5    1.74480469  1.64250277  1.87012054  1.81077291  1.54263412  0.00000000  1.79257965  1.81193392  1.99153819  1.80626130  1.49492210  1.82674509  1.79288104  1.75894121  1.13289025
6    1.74345068  1.61642968  1.80698408  1.81966477  1.53164237  1.79257965  0.00000000  1.81941670  1.95706363  1.81222892  1.49243662  1.83364132  1.79017614  1.76757878  1.74987996
7    1.74043963  1.64709445  1.89087121  1.56313977  1.57071806  1.81193392  1.81941670  0.00000000  1.99979276  1.59917725  1.49436653  1.62649426  1.70605492  1.51483427  1.80838855
8    1.87629126  0.92917734  1.80399617  2.00168259  1.75247009  1.99153819  1.95706363  1.99979276  0.00000000  1.99995442  1.63560684  2.00608068  1.99482913  1.95009294  1.82631059
9    1.74120479  1.64665959  1.89306791  1.01691799  1.43331079  1.80626130  1.81222892  1.59917725  1.99995442  0.00000000  1.47891033  1.18681136  1.17717531  0.92768471  1.80749051
10    0.38848348  1.27922218  1.53926138  1.49347074  1.14648183  1.49492210  1.49243662  1.49436653  1.63560684  1.47891033  0.00000000  1.30706893  1.43034712  1.44076518  1.47038491
12    1.50107209  1.65133446  1.90414564  0.90152012  1.58738147  1.82674509  1.83364132  1.62649426  2.00608068  1.18681136  1.30706893  0.00000000  1.51308187  0.87489004  1.82226732
13    1.74602026  1.64392284  1.87979405  1.42094446  0.91674182  1.79288104  1.79017614  1.70605492  1.99482913  1.17717531  1.43034712  1.51308187  0.00000000  1.34830663  1.79417481
14    1.68828292  1.59606277  1.84571507  0.56866599  1.50625599  1.75894121  1.76757878  1.51483427  1.95009294  0.92768471  1.44076518  0.87489004  1.34830663  0.00000000  1.76015055
17    1.71682339  1.57901237  0.76063449  1.81198036  1.54398958  1.13289025  1.74987996  1.80838855  1.82631059  1.80749051  1.47038491  1.82226732  1.79417481  1.76015055  0.00000000

--------------------------------------------------------------------------------
n=14
(result of R-step: (2,5:17)0.60673464)
V=[0, 1, 2, 3, 4, 5, 6, 7, 8, 9, 10, 12, 13, 14]
total successes of this branch: 3
Matrix on 14 elements:

0    0.00000000  1.51887431  1.72032602  1.73958109  1.51315992  1.68166322  1.74345068  1.74043963  1.87629126  1.74120479  0.38848348  1.50107209  1.74602026  1.68828292
1    1.51887431  0.00000000  1.55949919  1.64758238  1.40384611  1.57936131  1.61642968  1.64709445  0.92917734  1.64665959  1.27922218  1.65133446  1.64392284  1.59606277
2    1.72032602  1.55949919  0.00000000  1.83440218  1.56650733  1.74383761  1.74384262  1.82772975  1.74085471  1.82992644  1.47611991  1.84100418  1.81665258  1.78257360
3    1.73958109  1.64758238  1.83440218  0.00000000  1.56954220  1.74763145  1.81966477  1.56313977  2.00168259  1.01691799  1.49347074  0.90152012  1.42094446  0.56866599
4    1.51315992  1.40384611  1.56650733  1.56954220  0.00000000  1.47949265  1.53164237  1.57071806  1.75247009  1.43331079  1.14648183  1.58738147  0.91674182  1.50625599
5    1.68166322  1.57936131  1.74383761  1.74763145  1.47949265  0.00000000  1.72943819  1.74879246  1.92839672  1.74311983  1.43178063  1.76360362  1.72973957  1.69579975
6    1.74345068  1.61642968  1.74384262  1.81966477  1.53164237  1.72943819  0.00000000  1.81941670  1.95706363  1.81222892  1.49243662  1.83364132  1.79017614  1.76757878
7    1.74043963  1.64709445  1.82772975  1.56313977  1.57071806  1.74879246  1.81941670  0.00000000  1.99979276  1.59917725  1.49436653  1.62649426  1.70605492  1.51483427
8    1.87629126  0.92917734  1.74085471  2.00168259  1.75247009  1.92839672  1.95706363  1.99979276  0.00000000  1.99995442  1.63560684  2.00608068  1.99482913  1.95009294
9    1.74120479  1.64665959  1.82992644  1.01691799  1.43331079  1.74311983  1.81222892  1.59917725  1.99995442  0.00000000  1.47891033  1.18681136  1.17717531  0.92768471
10    0.38848348  1.27922218  1.47611991  1.49347074  1.14648183  1.43178063  1.49243662  1.49436653  1.63560684  1.47891033  0.00000000  1.30706893  1.43034712  1.44076518
12    1.50107209  1.65133446  1.84100418  0.90152012  1.58738147  1.76360362  1.83364132  1.62649426  2.00608068  1.18681136  1.30706893  0.00000000  1.51308187  0.87489004
13    1.74602026  1.64392284  1.81665258  1.42094446  0.91674182  1.72973957  1.79017614  1.70605492  1.99482913  1.17717531  1.43034712  1.51308187  0.00000000  1.34830663
14    1.68828292  1.59606277  1.78257360  0.56866599  1.50625599  1.69579975  1.76757878  1.51483427  1.95009294  0.92768471  1.44076518  0.87489004  1.34830663  0.00000000

--------------------------------------------------------------------------------
n=13
(result of R-step: (1,2:8)0.77332148)
V=[0, 1, 2, 3, 4, 5, 6, 7, 9, 10, 12, 13, 14]
total successes of this branch: 3
Matrix on 13 elements:

0    0.00000000  1.34823363  1.22820106  1.73958109  1.51315992  1.68166322  1.74345068  1.74043963  1.74120479  0.38848348  1.50107209  1.74602026  1.68828292
1    1.34823363  0.00000000  0.89673356  1.47694171  1.23320544  1.40872064  1.44578901  1.47645378  1.47601892  1.10858151  1.48069379  1.47328217  1.42542210
2    1.22820106  0.89673356  0.00000000  1.34227722  1.07438237  1.25171265  1.25171766  1.33560479  1.33780148  0.98399495  1.34887922  1.32452762  1.29044864
3    1.73958109  1.47694171  1.34227722  0.00000000  1.56954220  1.74763145  1.81966477  1.56313977  1.01691799  1.49347074  0.90152012  1.42094446  0.56866599
4    1.51315992  1.23320544  1.07438237  1.56954220  0.00000000  1.47949265  1.53164237  1.57071806  1.43331079  1.14648183  1.58738147  0.91674182  1.50625599
5    1.68166322  1.40872064  1.25171265  1.74763145  1.47949265  0.00000000  1.72943819  1.74879246  1.74311983  1.43178063  1.76360362  1.72973957  1.69579975
6    1.74345068  1.44578901  1.25171766  1.81966477  1.53164237  1.72943819  0.00000000  1.81941670  1.81222892  1.49243662  1.83364132  1.79017614  1.76757878
7    1.74043963  1.47645378  1.33560479  1.56313977  1.57071806  1.74879246  1.81941670  0.00000000  1.59917725  1.49436653  1.62649426  1.70605492  1.51483427
9    1.74120479  1.47601892  1.33780148  1.01691799  1.43331079  1.74311983  1.81222892  1.59917725  0.00000000  1.47891033  1.18681136  1.17717531  0.92768471
10    0.38848348  1.10858151  0.98399495  1.49347074  1.14648183  1.43178063  1.49243662  1.49436653  1.47891033  0.00000000  1.30706893  1.43034712  1.44076518
12    1.50107209  1.48069379  1.34887922  0.90152012  1.58738147  1.76360362  1.83364132  1.62649426  1.18681136  1.30706893  0.00000000  1.51308187  0.87489004
13    1.74602026  1.47328217  1.32452762  1.42094446  0.91674182  1.72973957  1.79017614  1.70605492  1.17717531  1.43034712  1.51308187  0.00000000  1.34830663
14    1.68828292  1.42542210  1.29044864  0.56866599  1.50625599  1.69579975  1.76757878  1.51483427  0.92768471  1.44076518  0.87489004  1.34830663  0.00000000

--------------------------------------------------------------------------------
n=12
(result of R-step: (3,9:14)0.91303877)
V=[0, 1, 2, 3, 4, 5, 6, 7, 9, 10, 12, 13]
total successes of this branch: 3
Matrix on 12 elements:

0    0.00000000  1.34823363  1.22820106  1.44842537  1.51315992  1.68166322  1.74345068  1.74043963  1.45004907  0.38848348  1.50107209  1.74602026
1    1.34823363  0.00000000  0.89673356  1.18578599  1.23320544  1.40872064  1.44578901  1.47645378  1.18486320  1.10858151  1.48069379  1.47328217
2    1.22820106  0.89673356  0.00000000  1.05112150  1.07438237  1.25171265  1.25171766  1.33560479  1.04664577  0.98399495  1.34887922  1.32452762
3    1.44842537  1.18578599  1.05112150  0.00000000  1.27838649  1.45647573  1.52850906  1.27198406  0.43460656  1.20231502  0.61036441  1.12978874
4    1.51315992  1.23320544  1.07438237  1.27838649  0.00000000  1.47949265  1.53164237  1.57071806  1.14215507  1.14648183  1.58738147  0.91674182
5    1.68166322  1.40872064  1.25171265  1.45647573  1.47949265  0.00000000  1.72943819  1.74879246  1.45196411  1.43178063  1.76360362  1.72973957
6    1.74345068  1.44578901  1.25171766  1.52850906  1.53164237  1.72943819  0.00000000  1.81941670  1.52107320  1.49243662  1.83364132  1.79017614
7    1.74043963  1.47645378  1.33560479  1.27198406  1.57071806  1.74879246  1.81941670  0.00000000  1.30802154  1.49436653  1.62649426  1.70605492
9    1.45004907  1.18486320  1.04664577  0.43460656  1.14215507  1.45196411  1.52107320  1.30802154  0.00000000  1.18775461  0.89565564  0.88601959
10    0.38848348  1.10858151  0.98399495  1.20231502  1.14648183  1.43178063  1.49243662  1.49436653  1.18775461  0.00000000  1.30706893  1.43034712
12    1.50107209  1.48069379  1.34887922  0.61036441  1.58738147  1.76360362  1.83364132  1.62649426  0.89565564  1.30706893  0.00000000  1.51308187
13    1.74602026  1.47328217  1.32452762  1.12978874  0.91674182  1.72973957  1.79017614  1.70605492  0.88601959  1.43034712  1.51308187  0.00000000

--------------------------------------------------------------------------------
n=11
(result of R-step: (0,3:12)0.19477408)
V=[0, 1, 2, 3, 4, 5, 6, 7, 9, 10, 13]
total successes of this branch: 3
Matrix on 11 elements:

0    0.00000000  1.16469988  1.04466731  1.22454177  1.32962617  1.49812947  1.55991693  1.55690588  1.26651532  0.20494973  1.56248651
1    1.16469988  0.00000000  0.89673356  1.14543615  1.23320544  1.40872064  1.44578901  1.47645378  1.18486320  1.10858151  1.47328217
2    1.04466731  0.89673356  0.00000000  1.01077166  1.07438237  1.25171265  1.25171766  1.33560479  1.04664577  0.98399495  1.32452762
3    1.22454177  1.14543615  1.01077166  0.00000000  1.23803664  1.41612588  1.48815921  1.23163421  0.39425671  1.16196517  1.08943890
4    1.32962617  1.23320544  1.07438237  1.23803664  0.00000000  1.47949265  1.53164237  1.57071806  1.14215507  1.14648183  0.91674182
5    1.49812947  1.40872064  1.25171265  1.41612588  1.47949265  0.00000000  1.72943819  1.74879246  1.45196411  1.43178063  1.72973957
6    1.55991693  1.44578901  1.25171766  1.48815921  1.53164237  1.72943819  0.00000000  1.81941670  1.52107320  1.49243662  1.79017614
7    1.55690588  1.47645378  1.33560479  1.23163421  1.57071806  1.74879246  1.81941670  0.00000000  1.30802154  1.49436653  1.70605492
9    1.26651532  1.18486320  1.04664577  0.39425671  1.14215507  1.45196411  1.52107320  1.30802154  0.00000000  1.18775461  0.88601959
10    0.20494973  1.10858151  0.98399495  1.16196517  1.14648183  1.43178063  1.49243662  1.49436653  1.18775461  0.00000000  1.43034712
13    1.56248651  1.47328217  1.32452762  1.08943890  0.91674182  1.72973957  1.79017614  1.70605492  0.88601959  1.43034712  0.00000000

--------------------------------------------------------------------------------
n=10
(result of R-step: (4,9:13)0.51137031)
V=[0, 1, 2, 3, 4, 5, 6, 7, 9, 10]
total successes of this branch: 3
Matrix on 10 elements:

0    0.00000000  1.16469988  1.04466731  1.22454177  1.23678467  1.49812947  1.55991693  1.55690588  1.22736787  0.20494973
1    1.16469988  0.00000000  0.89673356  1.14543615  1.14036395  1.40872064  1.44578901  1.47645378  1.14571575  1.10858151
2    1.04466731  0.89673356  0.00000000  1.01077166  0.98154088  1.25171265  1.25171766  1.33560479  1.00749831  0.98399495
3    1.22454177  1.14543615  1.01077166  0.00000000  1.14519514  1.41612588  1.48815921  1.23163421  0.35510926  1.16196517
4    1.23678467  1.14036395  0.98154088  1.14519514  0.00000000  1.38665116  1.43880088  1.47787657  1.01016612  1.05364034
5    1.49812947  1.40872064  1.25171265  1.41612588  1.38665116  0.00000000  1.72943819  1.74879246  1.41281666  1.43178063
6    1.55991693  1.44578901  1.25171766  1.48815921  1.43880088  1.72943819  0.00000000  1.81941670  1.48192575  1.49243662
7    1.55690588  1.47645378  1.33560479  1.23163421  1.47787657  1.74879246  1.81941670  0.00000000  1.26887408  1.49436653
9    1.22736787  1.14571575  1.00749831  0.35510926  1.01016612  1.41281666  1.48192575  1.26887408  0.00000000  1.14860716
10    0.20494973  1.10858151  0.98399495  1.16196517  1.05364034  1.43178063  1.49243662  1.49436653  1.14860716  0.00000000

--------------------------------------------------------------------------------
n=9
(result of R-step: (0,4:10)0.88260058)
V=[0, 1, 2, 3, 4, 5, 6, 7, 9]
total successes of this branch: 3
Matrix on 9 elements:

0    0.00000000  1.10067699  0.98064442  1.16051888  1.10753649  1.43410658  1.49589403  1.49288299  1.16334498
1    1.10067699  0.00000000  0.89673356  1.14543615  1.07513866  1.40872064  1.44578901  1.47645378  1.14571575
2    0.98064442  0.89673356  0.00000000  1.01077166  0.91631559  1.25171265  1.25171766  1.33560479  1.00749831
3    1.16051888  1.14543615  1.01077166  0.00000000  1.07996986  1.41612588  1.48815921  1.23163421  0.35510926
4    1.10753649  1.07513866  0.91631559  1.07996986  0.00000000  1.32142587  1.37357559  1.41265128  0.94494084
5    1.43410658  1.40872064  1.25171265  1.41612588  1.32142587  0.00000000  1.72943819  1.74879246  1.41281666
6    1.49589403  1.44578901  1.25171766  1.48815921  1.37357559  1.72943819  0.00000000  1.81941670  1.48192575
7    1.49288299  1.47645378  1.33560479  1.23163421  1.41265128  1.74879246  1.81941670  0.00000000  1.26887408
9    1.16334498  1.14571575  1.00749831  0.35510926  0.94494084  1.41281666  1.48192575  1.26887408  0.00000000

--------------------------------------------------------------------------------
n=8
(result of R-step: (3,4:9)0.85293224)
V=[0, 1, 2, 3, 4, 5, 6, 7]
total successes of this branch: 3
Matrix on 8 elements:

0    0.00000000  1.10067699  0.98064442  1.05168115  1.06272166  1.43410658  1.49589403  1.49288299
1    1.10067699  0.00000000  0.89673356  1.03659842  1.03032383  1.40872064  1.44578901  1.47645378
2    0.98064442  0.89673356  0.00000000  0.90193393  0.87150076  1.25171265  1.25171766  1.33560479
3    1.05168115  1.03659842  0.90193393  0.00000000  0.92631730  1.30728816  1.37932148  1.12279648
4    1.06272166  1.03032383  0.87150076  0.92631730  0.00000000  1.27661104  1.32876076  1.36783645
5    1.43410658  1.40872064  1.25171265  1.30728816  1.27661104  0.00000000  1.72943819  1.74879246
6    1.49589403  1.44578901  1.25171766  1.37932148  1.32876076  1.72943819  0.00000000  1.81941670
7    1.49288299  1.47645378  1.33560479  1.12279648  1.36783645  1.74879246  1.81941670  0.00000000

--------------------------------------------------------------------------------
n=7
(result of R-step: (2,3:7)0.01956288)
V=[0, 1, 2, 3, 4, 5, 6]
total successes of this branch: 3
Matrix on 7 elements:

0    0.00000000  1.10067699  0.75767718  0.71379078  1.06272166  1.43410658  1.49589403
1    1.10067699  0.00000000  0.67376632  0.69870804  1.03032383  1.40872064  1.44578901
2    0.75767718  0.67376632  0.00000000  0.34107631  0.64853352  1.02874540  1.02875042
3    0.71379078  0.69870804  0.34107631  0.00000000  0.58842692  0.96939778  1.04143111
4    1.06272166  1.03032383  0.64853352  0.58842692  0.00000000  1.27661104  1.32876076
5    1.43410658  1.40872064  1.02874540  0.96939778  1.27661104  0.00000000  1.72943819
6    1.49589403  1.44578901  1.02875042  1.04143111  1.32876076  1.72943819  0.00000000

--------------------------------------------------------------------------------
n=6
(result of R-step: (2,4:6)0.34374206)
V=[0, 1, 2, 3, 4, 5]
total successes of this branch: 3
Matrix on 6 elements:

0    0.00000000  1.10067699  0.66296059  0.71379078  0.63011469  1.43410658
1    1.10067699  0.00000000  0.57904973  0.69870804  0.59771686  1.40872064
2    0.66296059  0.57904973  0.00000000  0.24635972  0.12120996  0.93402881
3    0.71379078  0.69870804  0.24635972  0.00000000  0.15581995  0.96939778
4    0.63011469  0.59771686  0.12120996  0.15581995  0.00000000  0.84400407
5    1.43410658  1.40872064  0.93402881  0.96939778  0.84400407  0.00000000

--------------------------------------------------------------------------------
n=5
(result of R-step: (0,4:5)0.04679182)
V=[0, 1, 2, 3, 4]
total successes of this branch: 3
Matrix on 5 elements:

0    0.00000000  0.60906600  0.17134960  0.22217979  0.12431451
1    0.60906600  0.00000000  0.57904973  0.69870804  0.58352767
2    0.17134960  0.57904973  0.00000000  0.24635972  0.10702077
3    0.22217979  0.69870804  0.24635972  0.00000000  0.14163076
4    0.12431451  0.58352767  0.10702077  0.14163076  0.00000000

--------------------------------------------------------------------------------
n=4
(result of R-step: (0,2:1)0.58250393)
V=[0, 2, 3, 4]
total successes of this branch: 1
Matrix on 4 elements:

0    0.00000000  0.09498917  0.16115446  0.06328918
2    0.09498917  0.00000000  0.23102463  0.09168568
3    0.16115446  0.23102463  0.00000000  0.14163076
4    0.06328918  0.09168568  0.14163076  0.00000000

--------------------------------------------------------------------------------
n=4
(result of R-step: (0,4:3)0.62279634)
V=[0, 1, 2, 4]
total successes of this branch: 0
reason of abort: negative delta/dxy

--------------------------------------------------------------------------------
n=4
(result of R-step: (1,3:0)0.52829877)
V=[1, 2, 3, 4]
total successes of this branch: 1
Matrix on 4 elements:

1    0.00000000  0.07719885  0.08680548  0.08167679
2    0.07719885  0.00000000  0.13630804  0.10702077
3    0.08680548  0.13630804  0.00000000  0.03157908
4    0.08167679  0.10702077  0.03157908  0.00000000

--------------------------------------------------------------------------------
n=4
(result of R-step: (1,3:2)0.29485535)
V=[0, 1, 3, 4]
total successes of this branch: 0
Matrix on 4 elements:

0    0.00000000  0.18298394  0.07664399  0.12431451
1    0.18298394  0.00000000  0.12709019  0.15744562
3    0.07664399  0.12709019  0.00000000 -0.00390503
4    0.12431451  0.15744562 -0.00390503  0.00000000
reason of abort: no pseudometric

--------------------------------------------------------------------------------
n=4
(result of R-step: (1,3:4)0.76525048)
V=[0, 1, 2, 3]
total successes of this branch: 0
Matrix on 4 elements:

0    0.00000000  0.07758222  0.17134960  0.22031773
1    0.07758222  0.00000000  0.04756595  0.16536221
2    0.17134960  0.04756595  0.00000000  0.24449767
3    0.22031773  0.16536221  0.24449767  0.00000000
reason of abort: no pseudometric

--------------------------------------------------------------------------------
n=4
(result of R-step: (1,4:0)0.19071742)
V=[1, 2, 3, 4]
total successes of this branch: 0
Matrix on 4 elements:

1    0.00000000  0.15296767  0.27262599  0.13352261
2    0.15296767  0.00000000  0.24635972  0.08309777
3    0.27262599  0.24635972  0.00000000  0.11770776
4    0.13352261  0.08309777  0.11770776  0.00000000
reason of abort: no pseudometric

--------------------------------------------------------------------------------
n=4
(result of R-step: (1,4:2)0.79769434)
V=[0, 1, 3, 4]
total successes of this branch: 0
reason of abort: negative delta/dxy

--------------------------------------------------------------------------------
n=4
(result of R-step: (2,3:0)0.85040818)
V=[1, 2, 3, 4]
total successes of this branch: 0
Matrix on 4 elements:

1    0.00000000  0.50709614  0.69684599  0.58352767
2    0.50709614  0.00000000  0.17254408  0.03506719
3    0.69684599  0.17254408  0.00000000  0.13976871
4    0.58352767  0.03506719  0.13976871  0.00000000
reason of abort: no pseudometric

--------------------------------------------------------------------------------
n=4
(result of R-step: (2,3:4)0.25157007)
V=[0, 1, 2, 3]
total successes of this branch: 1
Matrix on 4 elements:

0    0.00000000  0.60906600  0.15601450  0.11212810
1    0.60906600  0.00000000  0.56371463  0.58865636
2    0.15601450  0.56371463  0.00000000  0.12097294
3    0.11212810  0.58865636  0.12097294  0.00000000

--------------------------------------------------------------------------------
n=4
(result of R-step: (2,4:0)0.50372909)
V=[1, 2, 3, 4]
total successes of this branch: 0
reason of abort: negative delta/dxy
