n=20
V=[0, 1, 2, 3, 4, 5, 6, 7, 8, 9, 10, 11, 12, 13, 14, 15, 16, 17, 18, 19]
total successes of this branch: 1
Matrix on 20 elements:

0    0.00000000  2.37598993  2.30004426  2.10359629  2.19615160  2.11355714  2.15313808  2.11755134  2.11942061  2.23042296  2.11768273  2.31685157  2.17236574  2.25787816  2.28030392  2.12085709  0.39157991  1.57888766  2.15746354  0.55630883
1    2.37598993  0.00000000  2.20863162  2.29929105  1.99672002  2.26672819  2.13733482  2.25367083  2.24756001  2.24076139  2.25324129  1.99254331  2.16306625  2.21903821  2.03567703  2.24725042  2.36537734  2.26786155  2.09796714  2.29800490
2    2.30004426  2.20863162  0.00000000  2.27996005  2.23803469  2.27544802  2.25751880  2.27363875  2.27279201  1.82000139  2.27357923  1.44830093  2.14866911  1.12671487  1.62545882  2.25796243  2.22070736  0.93259820  2.25656992  2.12681747
3    2.10359629  2.29929105  2.27996005  0.00000000  2.23634542  1.84457623  2.00568177  1.75102424  1.86844221  2.02746649  1.75927774  2.28423814  2.01110158  2.15774620  2.21514834  1.87171497  2.10725774  2.21470056  2.01138060  2.14033506
4    2.19615160  1.99672002  2.23803469  2.23634542  0.00000000  2.18909823  1.97067343  2.15017929  2.15674105  2.23743601  2.15064053  2.18463008  2.03704113  2.21773516  2.14729750  2.15738757  2.19761102  2.22275969  1.97117898  2.19380837
5    2.11355714  2.26672819  2.27544802  1.84457623  2.18909823  0.00000000  2.02898742  1.89652162  1.65468147  2.12274676  1.87952227  2.27351826  2.05231375  2.18789476  2.21756466  1.65961836  2.11858362  2.21617325  2.03360187  2.14608989
6    2.15313808  2.13733482  2.25751880  2.00568177  1.97067343  2.02898742  0.00000000  2.00040338  1.96389556  2.16826758  1.99783718  2.23092125  1.32239886  2.19811071  2.00111082  1.96623071  2.15617899  2.21922525  0.14844220  2.16895755
7    2.11755134  2.25367083  2.27363875  1.75102424  2.15017929  1.89652162  2.00040338  0.00000000  1.91191054  2.08842380  1.31899623  2.26921971  2.02230193  1.92900532  2.20676194  1.91478732  2.10480244  2.20984011  2.00531919  2.14839751
8    2.11942061  2.24756001  2.27279201  1.86844221  2.15674105  1.65468147  1.96389556  1.91191054  0.00000000  2.12949016  1.86708258  2.26720799  2.00509374  2.18940814  2.20090628  0.42294270  2.12415295  2.21662537  1.96940137  2.14947748
9    2.23042296  2.24076139  1.82000139  2.02746649  2.23743601  2.12274676  2.16826758  2.08842380  2.12949016  0.00000000  2.09131042  1.91311850  1.88812888  1.88202203  1.90679739  2.12702883  2.20686517  1.96618666  2.16967465  2.16588987
10    2.11768273  2.25324129  2.27357923  1.75927774  2.15064053  1.87952227  1.99783718  1.31899623  1.86708258  2.09131042  0.00000000  2.26907830  2.02109234  2.05301700  2.20635034  1.87031540  2.11331023  2.21301795  2.00279447  2.14847343
11    2.31685157  1.99254331  1.44830093  2.28423814  2.18463008  2.27351826  2.23092125  2.26921971  2.26720799  1.91311850  2.26907830  0.00000000  2.15185530  1.63797922  0.88170598  2.26069532  2.27094832  1.75915693  2.22629443  1.86738108
12    2.17236574  2.16306625  2.14866911  2.01110158  2.03704113  2.05231375  1.32239886  2.02230193  2.00509374  1.88812888  2.02109234  2.15185530  0.00000000  2.11947120  1.72178543  2.00623558  2.16878917  2.15627193  1.33871586  2.16819434
13    2.25787816  2.21903821  1.12671487  2.15774620  2.21773516  2.18789476  2.19811071  1.92900532  2.18940814  1.88202203  2.05301700  1.63797922  2.11947120  0.00000000  1.75977246  2.18095666  2.12253324  1.50300746  2.19851690  2.13180367
14    2.28030392  2.03567703  1.62545882  2.21514834  2.14729750  2.21756466  2.00111082  2.20676194  2.20090628  1.90679739  2.20635034  0.88170598  1.72178543  1.75977246  0.00000000  2.19632981  2.24510720  1.85960703  2.00178174  1.99585834
15    2.12085709  2.24725042  2.25796243  1.87171497  2.15738757  1.65961836  1.96623071  1.91478732  0.42294270  2.12702883  1.87031540  2.26069532  2.00623558  2.18095666  2.19632981  0.00000000  2.12492084  2.20768965  1.97168519  2.14929726
16    0.39157991  2.36537734  2.22070736  2.10725774  2.19761102  2.11858362  2.15617899  2.10480244  2.12415295  2.20686517  2.11331023  2.27094832  2.16878917  2.12253324  2.24510720  2.12492084  0.00000000  1.43832519  2.16023944  0.77380415
17    1.57888766  2.26786155  0.93259820  2.21470056  2.22275969  2.21617325  2.21922525  2.20984011  2.21662537  1.96618666  2.21301795  1.75915693  2.15627193  1.50300746  1.85960703  2.20768965  1.43832519  0.00000000  2.22016926  1.61555066
18    2.15746354  2.09796714  2.25656992  2.01138060  1.97117898  2.03360187  0.14844220  2.00531919  1.96940137  2.16967465  2.00279447  2.22629443  1.33871586  2.19851690  2.00178174  1.97168519  2.16023944  2.22016926  0.00000000  2.17146230
19    0.55630883  2.29800490  2.12681747  2.14033506  2.19380837  2.14608989  2.16895755  2.14839751  2.14947748  2.16588987  2.14847343  1.86738108  2.16819434  2.13180367  1.99585834  2.14929726  0.77380415  1.61555066  2.17146230  0.00000000

--------------------------------------------------------------------------------
n=19
(result of R-step: (0,11:19)0.79662091)
V=[0, 1, 2, 3, 4, 5, 6, 7, 8, 9, 10, 11, 12, 13, 14, 15, 16, 17, 18]
total successes of this branch: 1
Matrix on 19 elements:

0    0.00000000  2.32257076  2.24662509  2.05017711  2.14273243  2.06013797  2.09971890  2.06413216  2.06600144  2.17700379  2.06426356  2.21001322  2.11894656  2.20445898  2.22688475  2.06743792  0.33816074  1.52546849  2.10404436
1    2.32257076  0.00000000  2.20863162  2.29929105  1.99672002  2.26672819  2.13733482  2.25367083  2.24756001  2.24076139  2.25324129  1.93912414  2.16306625  2.21903821  2.03567703  2.24725042  2.36537734  2.26786155  2.09796714
2    2.24662509  2.20863162  0.00000000  2.27996005  2.23803469  2.27544802  2.25751880  2.27363875  2.27279201  1.82000139  2.27357923  1.39488175  2.14866911  1.12671487  1.62545882  2.25796243  2.22070736  0.93259820  2.25656992
3    2.05017711  2.29929105  2.27996005  0.00000000  2.23634542  1.84457623  2.00568177  1.75102424  1.86844221  2.02746649  1.75927774  2.23081896  2.01110158  2.15774620  2.21514834  1.87171497  2.10725774  2.21470056  2.01138060
4    2.14273243  1.99672002  2.23803469  2.23634542  0.00000000  2.18909823  1.97067343  2.15017929  2.15674105  2.23743601  2.15064053  2.13121090  2.03704113  2.21773516  2.14729750  2.15738757  2.19761102  2.22275969  1.97117898
5    2.06013797  2.26672819  2.27544802  1.84457623  2.18909823  0.00000000  2.02898742  1.89652162  1.65468147  2.12274676  1.87952227  2.22009909  2.05231375  2.18789476  2.21756466  1.65961836  2.11858362  2.21617325  2.03360187
6    2.09971890  2.13733482  2.25751880  2.00568177  1.97067343  2.02898742  0.00000000  2.00040338  1.96389556  2.16826758  1.99783718  2.17750208  1.32239886  2.19811071  2.00111082  1.96623071  2.15617899  2.21922525  0.14844220
7    2.06413216  2.25367083  2.27363875  1.75102424  2.15017929  1.89652162  2.00040338  0.00000000  1.91191054  2.08842380  1.31899623  2.21580054  2.02230193  1.92900532  2.20676194  1.91478732  2.10480244  2.20984011  2.00531919
8    2.06600144  2.24756001  2.27279201  1.86844221  2.15674105  1.65468147  1.96389556  1.91191054  0.00000000  2.12949016  1.86708258  2.21378882  2.00509374  2.18940814  2.20090628  0.42294270  2.12415295  2.21662537  1.96940137
9    2.17700379  2.24076139  1.82000139  2.02746649  2.23743601  2.12274676  2.16826758  2.08842380  2.12949016  0.00000000  2.09131042  1.85969933  1.88812888  1.88202203  1.90679739  2.12702883  2.20686517  1.96618666  2.16967465
10    2.06426356  2.25324129  2.27357923  1.75927774  2.15064053  1.87952227  1.99783718  1.31899623  1.86708258  2.09131042  0.00000000  2.21565913  2.02109234  2.05301700  2.20635034  1.87031540  2.11331023  2.21301795  2.00279447
11    2.21001322  1.93912414  1.39488175  2.23081896  2.13121090  2.22009909  2.17750208  2.21580054  2.21378882  1.85969933  2.21565913  0.00000000  2.09843612  1.58456005  0.82828680  2.20727615  2.21752915  1.70573775  2.17287526
12    2.11894656  2.16306625  2.14866911  2.01110158  2.03704113  2.05231375  1.32239886  2.02230193  2.00509374  1.88812888  2.02109234  2.09843612  0.00000000  2.11947120  1.72178543  2.00623558  2.16878917  2.15627193  1.33871586
13    2.20445898  2.21903821  1.12671487  2.15774620  2.21773516  2.18789476  2.19811071  1.92900532  2.18940814  1.88202203  2.05301700  1.58456005  2.11947120  0.00000000  1.75977246  2.18095666  2.12253324  1.50300746  2.19851690
14    2.22688475  2.03567703  1.62545882  2.21514834  2.14729750  2.21756466  2.00111082  2.20676194  2.20090628  1.90679739  2.20635034  0.82828680  1.72178543  1.75977246  0.00000000  2.19632981  2.24510720  1.85960703  2.00178174
15    2.06743792  2.24725042  2.25796243  1.87171497  2.15738757  1.65961836  1.96623071  1.91478732  0.42294270  2.12702883  1.87031540  2.20727615  2.00623558  2.18095666  2.19632981  0.00000000  2.12492084  2.20768965  1.97168519
16    0.33816074  2.36537734  2.22070736  2.10725774  2.19761102  2.11858362  2.15617899  2.10480244  2.12415295  2.20686517  2.11331023  2.21752915  2.16878917  2.12253324  2.24510720  2.12492084  0.00000000  1.43832519  2.16023944
17    1.52546849  2.26786155  0.93259820  2.21470056  2.22275969  2.21617325  2.21922525  2.20984011  2.21662537  1.96618666  2.21301795  1.70573775  2.15627193  1.50300746  1.85960703  2.20768965  1.43832519  0.00000000  2.22016926
18    2.10404436  2.09796714  2.25656992  2.01138060  1.97117898  2.03360187  0.14844220  2.00531919  1.96940137  2.16967465  2.00279447  2.17287526  1.33871586  2.19851690  2.00178174  1.97168519  2.16023944  2.22016926  0.00000000

--------------------------------------------------------------------------------
n=18
(result of R-step: (1,6:18)0.01940958)
V=[0, 1, 2, 3, 4, 5, 6, 7, 8, 9, 10, 11, 12, 13, 14, 15, 16, 17]
total successes of this branch: 1
Matrix on 18 elements:

0    0.00000000  2.26803350  2.24662509  2.05017711  2.14273243  2.06013797  2.04518164  2.06413216  2.06600144  2.17700379  2.06426356  2.21001322  2.11894656  2.20445898  2.22688475  2.06743792  0.33816074  1.52546849
1    2.26803350  0.00000000  2.15409436  2.24475379  1.94218276  2.21219093  2.02826030  2.19913357  2.19302275  2.18622413  2.19870403  1.88458688  2.10852899  2.16450095  1.98113977  2.19271316  2.31084008  2.21332429
2    2.24662509  2.15409436  0.00000000  2.27996005  2.23803469  2.27544802  2.20298154  2.27363875  2.27279201  1.82000139  2.27357923  1.39488175  2.14866911  1.12671487  1.62545882  2.25796243  2.22070736  0.93259820
3    2.05017711  2.24475379  2.27996005  0.00000000  2.23634542  1.84457623  1.95114451  1.75102424  1.86844221  2.02746649  1.75927774  2.23081896  2.01110158  2.15774620  2.21514834  1.87171497  2.10725774  2.21470056
4    2.14273243  1.94218276  2.23803469  2.23634542  0.00000000  2.18909823  1.91613617  2.15017929  2.15674105  2.23743601  2.15064053  2.13121090  2.03704113  2.21773516  2.14729750  2.15738757  2.19761102  2.22275969
5    2.06013797  2.21219093  2.27544802  1.84457623  2.18909823  0.00000000  1.97445016  1.89652162  1.65468147  2.12274676  1.87952227  2.22009909  2.05231375  2.18789476  2.21756466  1.65961836  2.11858362  2.21617325
6    2.04518164  2.02826030  2.20298154  1.95114451  1.91613617  1.97445016  0.00000000  1.94586612  1.90935830  2.11373032  1.94329993  2.12296482  1.26786160  2.14357345  1.94657356  1.91169345  2.10164173  2.16468799
7    2.06413216  2.19913357  2.27363875  1.75102424  2.15017929  1.89652162  1.94586612  0.00000000  1.91191054  2.08842380  1.31899623  2.21580054  2.02230193  1.92900532  2.20676194  1.91478732  2.10480244  2.20984011
8    2.06600144  2.19302275  2.27279201  1.86844221  2.15674105  1.65468147  1.90935830  1.91191054  0.00000000  2.12949016  1.86708258  2.21378882  2.00509374  2.18940814  2.20090628  0.42294270  2.12415295  2.21662537
9    2.17700379  2.18622413  1.82000139  2.02746649  2.23743601  2.12274676  2.11373032  2.08842380  2.12949016  0.00000000  2.09131042  1.85969933  1.88812888  1.88202203  1.90679739  2.12702883  2.20686517  1.96618666
10    2.06426356  2.19870403  2.27357923  1.75927774  2.15064053  1.87952227  1.94329993  1.31899623  1.86708258  2.09131042  0.00000000  2.21565913  2.02109234  2.05301700  2.20635034  1.87031540  2.11331023  2.21301795
11    2.21001322  1.88458688  1.39488175  2.23081896  2.13121090  2.22009909  2.12296482  2.21580054  2.21378882  1.85969933  2.21565913  0.00000000  2.09843612  1.58456005  0.82828680  2.20727615  2.21752915  1.70573775
12    2.11894656  2.10852899  2.14866911  2.01110158  2.03704113  2.05231375  1.26786160  2.02230193  2.00509374  1.88812888  2.02109234  2.09843612  0.00000000  2.11947120  1.72178543  2.00623558  2.16878917  2.15627193
13    2.20445898  2.16450095  1.12671487  2.15774620  2.21773516  2.18789476  2.14357345  1.92900532  2.18940814  1.88202203  2.05301700  1.58456005  2.11947120  0.00000000  1.75977246  2.18095666  2.12253324  1.50300746
14    2.22688475  1.98113977  1.62545882  2.21514834  2.14729750  2.21756466  1.94657356  2.20676194  2.20090628  1.90679739  2.20635034  0.82828680  1.72178543  1.75977246  0.00000000  2.19632981  2.24510720  1.85960703
15    2.06743792  2.19271316  2.25796243  1.87171497  2.15738757  1.65961836  1.91169345  1.91478732  0.42294270  2.12702883  1.87031540  2.20727615  2.00623558  2.18095666  2.19632981  0.00000000  2.12492084  2.20768965
16    0.33816074  2.31084008  2.22070736  2.10725774  2.19761102  2.11858362  2.10164173  2.10480244  2.12415295  2.20686517  2.11331023  2.21752915  2.16878917  2.12253324  2.24510720  2.12492084  0.00000000  1.43832519
17    1.52546849  2.21332429  0.93259820  2.21470056  2.22275969  2.21617325  2.16468799  2.20984011  2.21662537  1.96618666  2.21301795  1.70573775  2.15627193  1.50300746  1.85960703  2.20768965  1.43832519  0.00000000

--------------------------------------------------------------------------------
n=17
(result of R-step: (2,16:17)0.62212729)
V=[0, 1, 2, 3, 4, 5, 6, 7, 8, 9, 10, 11, 12, 13, 14, 15, 16]
total successes of this branch: 1
Matrix on 17 elements:

0    0.00000000  2.26803350  2.17151708  2.05017711  2.14273243  2.06013797  2.04518164  2.06413216  2.06600144  2.17700379  2.06426356  2.21001322  2.11894656  2.20445898  2.22688475  2.06743792  0.26305273
1    2.26803350  0.00000000  2.07898635  2.24475379  1.94218276  2.21219093  2.02826030  2.19913357  2.19302275  2.18622413  2.19870403  1.88458688  2.10852899  2.16450095  1.98113977  2.19271316  2.23573207
2    2.17151708  2.07898635  0.00000000  2.20485204  2.16292668  2.20034001  2.12787353  2.19853073  2.19768400  1.74489338  2.19847122  1.31977374  2.07356110  1.05160686  1.55035081  2.18285442  2.07049134
3    2.05017711  2.24475379  2.20485204  0.00000000  2.23634542  1.84457623  1.95114451  1.75102424  1.86844221  2.02746649  1.75927774  2.23081896  2.01110158  2.15774620  2.21514834  1.87171497  2.03214972
4    2.14273243  1.94218276  2.16292668  2.23634542  0.00000000  2.18909823  1.91613617  2.15017929  2.15674105  2.23743601  2.15064053  2.13121090  2.03704113  2.21773516  2.14729750  2.15738757  2.12250300
5    2.06013797  2.21219093  2.20034001  1.84457623  2.18909823  0.00000000  1.97445016  1.89652162  1.65468147  2.12274676  1.87952227  2.22009909  2.05231375  2.18789476  2.21756466  1.65961836  2.04347561
6    2.04518164  2.02826030  2.12787353  1.95114451  1.91613617  1.97445016  0.00000000  1.94586612  1.90935830  2.11373032  1.94329993  2.12296482  1.26786160  2.14357345  1.94657356  1.91169345  2.02653371
7    2.06413216  2.19913357  2.19853073  1.75102424  2.15017929  1.89652162  1.94586612  0.00000000  1.91191054  2.08842380  1.31899623  2.21580054  2.02230193  1.92900532  2.20676194  1.91478732  2.02969443
8    2.06600144  2.19302275  2.19768400  1.86844221  2.15674105  1.65468147  1.90935830  1.91191054  0.00000000  2.12949016  1.86708258  2.21378882  2.00509374  2.18940814  2.20090628  0.42294270  2.04904494
9    2.17700379  2.18622413  1.74489338  2.02746649  2.23743601  2.12274676  2.11373032  2.08842380  2.12949016  0.00000000  2.09131042  1.85969933  1.88812888  1.88202203  1.90679739  2.12702883  2.13175716
10    2.06426356  2.19870403  2.19847122  1.75927774  2.15064053  1.87952227  1.94329993  1.31899623  1.86708258  2.09131042  0.00000000  2.21565913  2.02109234  2.05301700  2.20635034  1.87031540  2.03820222
11    2.21001322  1.88458688  1.31977374  2.23081896  2.13121090  2.22009909  2.12296482  2.21580054  2.21378882  1.85969933  2.21565913  0.00000000  2.09843612  1.58456005  0.82828680  2.20727615  2.14242113
12    2.11894656  2.10852899  2.07356110  2.01110158  2.03704113  2.05231375  1.26786160  2.02230193  2.00509374  1.88812888  2.02109234  2.09843612  0.00000000  2.11947120  1.72178543  2.00623558  2.09368116
13    2.20445898  2.16450095  1.05160686  2.15774620  2.21773516  2.18789476  2.14357345  1.92900532  2.18940814  1.88202203  2.05301700  1.58456005  2.11947120  0.00000000  1.75977246  2.18095666  2.04742523
14    2.22688475  1.98113977  1.55035081  2.21514834  2.14729750  2.21756466  1.94657356  2.20676194  2.20090628  1.90679739  2.20635034  0.82828680  1.72178543  1.75977246  0.00000000  2.19632981  2.16999918
15    2.06743792  2.19271316  2.18285442  1.87171497  2.15738757  1.65961836  1.91169345  1.91478732  0.42294270  2.12702883  1.87031540  2.20727615  2.00623558  2.18095666  2.19632981  0.00000000  2.04981283
16    0.26305273  2.23573207  2.07049134  2.03214972  2.12250300  2.04347561  2.02653371  2.02969443  2.04904494  2.13175716  2.03820222  2.14242113  2.09368116  2.04742523  2.16999918  2.04981283  0.00000000

--------------------------------------------------------------------------------
n=16
(result of R-step: (0,13:16)0.93238310)
V=[0, 1, 2, 3, 4, 5, 6, 7, 8, 9, 10, 11, 12, 13, 14, 15]
total successes of this branch: 1
Matrix on 16 elements:

0    0.00000000  2.19333517  2.09681875  1.97547879  2.06803411  1.98543964  1.97048332  1.98943384  1.99130312  2.10230547  1.98956523  2.13531489  2.04424824  2.00164316  2.15218643  1.99273959
1    2.19333517  0.00000000  2.07898635  2.24475379  1.94218276  2.21219093  2.02826030  2.19913357  2.19302275  2.18622413  2.19870403  1.88458688  2.10852899  2.03638345  1.98113977  2.19271316
2    2.09681875  2.07898635  0.00000000  2.20485204  2.16292668  2.20034001  2.12787353  2.19853073  2.19768400  1.74489338  2.19847122  1.31977374  2.07356110  0.92348936  1.55035081  2.18285442
3    1.97547879  2.24475379  2.20485204  0.00000000  2.23634542  1.84457623  1.95114451  1.75102424  1.86844221  2.02746649  1.75927774  2.23081896  2.01110158  2.02962871  2.21514834  1.87171497
4    2.06803411  1.94218276  2.16292668  2.23634542  0.00000000  2.18909823  1.91613617  2.15017929  2.15674105  2.23743601  2.15064053  2.13121090  2.03704113  2.08961766  2.14729750  2.15738757
5    1.98543964  2.21219093  2.20034001  1.84457623  2.18909823  0.00000000  1.97445016  1.89652162  1.65468147  2.12274676  1.87952227  2.22009909  2.05231375  2.05977726  2.21756466  1.65961836
6    1.97048332  2.02826030  2.12787353  1.95114451  1.91613617  1.97445016  0.00000000  1.94586612  1.90935830  2.11373032  1.94329993  2.12296482  1.26786160  2.01545595  1.94657356  1.91169345
7    1.98943384  2.19913357  2.19853073  1.75102424  2.15017929  1.89652162  1.94586612  0.00000000  1.91191054  2.08842380  1.31899623  2.21580054  2.02230193  1.80088783  2.20676194  1.91478732
8    1.99130312  2.19302275  2.19768400  1.86844221  2.15674105  1.65468147  1.90935830  1.91191054  0.00000000  2.12949016  1.86708258  2.21378882  2.00509374  2.06129064  2.20090628  0.42294270
9    2.10230547  2.18622413  1.74489338  2.02746649  2.23743601  2.12274676  2.11373032  2.08842380  2.12949016  0.00000000  2.09131042  1.85969933  1.88812888  1.75390453  1.90679739  2.12702883
10    1.98956523  2.19870403  2.19847122  1.75927774  2.15064053  1.87952227  1.94329993  1.31899623  1.86708258  2.09131042  0.00000000  2.21565913  2.02109234  1.92489950  2.20635034  1.87031540
11    2.13531489  1.88458688  1.31977374  2.23081896  2.13121090  2.22009909  2.12296482  2.21580054  2.21378882  1.85969933  2.21565913  0.00000000  2.09843612  1.45644255  0.82828680  2.20727615
12    2.04424824  2.10852899  2.07356110  2.01110158  2.03704113  2.05231375  1.26786160  2.02230193  2.00509374  1.88812888  2.02109234  2.09843612  0.00000000  1.99135370  1.72178543  2.00623558
13    2.00164316  2.03638345  0.92348936  2.02962871  2.08961766  2.05977726  2.01545595  1.80088783  2.06129064  1.75390453  1.92489950  1.45644255  1.99135370  0.00000000  1.63165496  2.05283917
14    2.15218643  1.98113977  1.55035081  2.21514834  2.14729750  2.21756466  1.94657356  2.20676194  2.20090628  1.90679739  2.20635034  0.82828680  1.72178543  1.63165496  0.00000000  2.19632981
15    1.99273959  2.19271316  2.18285442  1.87171497  2.15738757  1.65961836  1.91169345  1.91478732  0.42294270  2.12702883  1.87031540  2.20727615  2.00623558  2.05283917  2.19632981  0.00000000

--------------------------------------------------------------------------------
n=15
(result of R-step: (2,8:15)0.00795288)
V=[0, 1, 2, 3, 4, 5, 6, 7, 8, 9, 10, 11, 12, 13, 14]
total successes of this branch: 1
Matrix on 15 elements:

0    0.00000000  2.19333517  1.96787020  1.97547879  2.06803411  1.98543964  1.97048332  1.98943384  1.78724655  2.10230547  1.98956523  2.13531489  2.04424824  2.00164316  2.15218643
1    2.19333517  0.00000000  1.95003780  2.24475379  1.94218276  2.21219093  2.02826030  2.19913357  1.98896619  2.18622413  2.19870403  1.88458688  2.10852899  2.03638345  1.98113977
2    1.96787020  1.95003780  0.00000000  2.07590349  2.03397813  2.07139146  1.99892498  2.06958219  1.86467889  1.61594483  2.06952267  1.19082519  1.94461255  0.79454081  1.42140226
3    1.97547879  2.24475379  2.07590349  0.00000000  2.23634542  1.84457623  1.95114451  1.75102424  1.66438565  2.02746649  1.75927774  2.23081896  2.01110158  2.02962871  2.21514834
4    2.06803411  1.94218276  2.03397813  2.23634542  0.00000000  2.18909823  1.91613617  2.15017929  1.95268449  2.23743601  2.15064053  2.13121090  2.03704113  2.08961766  2.14729750
5    1.98543964  2.21219093  2.07139146  1.84457623  2.18909823  0.00000000  1.97445016  1.89652162  1.45062491  2.12274676  1.87952227  2.22009909  2.05231375  2.05977726  2.21756466
6    1.97048332  2.02826030  1.99892498  1.95114451  1.91613617  1.97445016  0.00000000  1.94586612  1.70530174  2.11373032  1.94329993  2.12296482  1.26786160  2.01545595  1.94657356
7    1.98943384  2.19913357  2.06958219  1.75102424  2.15017929  1.89652162  1.94586612  0.00000000  1.70785397  2.08842380  1.31899623  2.21580054  2.02230193  1.80088783  2.20676194
8    1.78724655  1.98896619  1.86467889  1.66438565  1.95268449  1.45062491  1.70530174  1.70785397  0.00000000  1.92543360  1.66302602  2.00973226  1.80103718  1.85723408  1.99684972
9    2.10230547  2.18622413  1.61594483  2.02746649  2.23743601  2.12274676  2.11373032  2.08842380  1.92543360  0.00000000  2.09131042  1.85969933  1.88812888  1.75390453  1.90679739
10    1.98956523  2.19870403  2.06952267  1.75927774  2.15064053  1.87952227  1.94329993  1.31899623  1.66302602  2.09131042  0.00000000  2.21565913  2.02109234  1.92489950  2.20635034
11    2.13531489  1.88458688  1.19082519  2.23081896  2.13121090  2.22009909  2.12296482  2.21580054  2.00973226  1.85969933  2.21565913  0.00000000  2.09843612  1.45644255  0.82828680
12    2.04424824  2.10852899  1.94461255  2.01110158  2.03704113  2.05231375  1.26786160  2.02230193  1.80103718  1.88812888  2.02109234  2.09843612  0.00000000  1.99135370  1.72178543
13    2.00164316  2.03638345  0.79454081  2.02962871  2.08961766  2.05977726  2.01545595  1.80088783  1.85723408  1.75390453  1.92489950  1.45644255  1.99135370  0.00000000  1.63165496
14    2.15218643  1.98113977  1.42140226  2.21514834  2.14729750  2.21756466  1.94657356  2.20676194  1.99684972  1.90679739  2.20635034  0.82828680  1.72178543  1.63165496  0.00000000

--------------------------------------------------------------------------------
n=14
(result of R-step: (2,7:13)0.76894389)
V=[0, 1, 2, 3, 4, 5, 6, 7, 8, 9, 10, 11, 12, 14]
total successes of this branch: 1
Matrix on 14 elements:

0    0.00000000  2.19333517  1.78088604  1.97547879  2.06803411  1.98543964  1.97048332  1.59839311  1.78724655  2.10230547  1.98956523  2.13531489  2.04424824  2.15218643
1    2.19333517  0.00000000  1.76305364  2.24475379  1.94218276  2.21219093  2.02826030  1.80809285  1.98896619  2.18622413  2.19870403  1.88458688  2.10852899  1.98113977
2    1.78088604  1.76305364  0.00000000  1.88891933  1.84699396  1.88440730  1.81194081  1.49155730  1.67769472  1.42896067  1.88253850  1.00384103  1.75762838  1.23441809
3    1.97547879  2.24475379  1.88891933  0.00000000  2.23634542  1.84457623  1.95114451  1.35998351  1.66438565  2.02746649  1.75927774  2.23081896  2.01110158  2.21514834
4    2.06803411  1.94218276  1.84699396  2.23634542  0.00000000  2.18909823  1.91613617  1.75913856  1.95268449  2.23743601  2.15064053  2.13121090  2.03704113  2.14729750
5    1.98543964  2.21219093  1.88440730  1.84457623  2.18909823  0.00000000  1.97445016  1.50548089  1.45062491  2.12274676  1.87952227  2.22009909  2.05231375  2.21756466
6    1.97048332  2.02826030  1.81194081  1.95114451  1.91613617  1.97445016  0.00000000  1.55482539  1.70530174  2.11373032  1.94329993  2.12296482  1.26786160  1.94657356
7    1.59839311  1.80809285  1.49155730  1.35998351  1.75913856  1.50548089  1.55482539  0.00000000  1.31681325  1.69738308  0.92795550  1.82475981  1.63126120  1.81572122
8    1.78724655  1.98896619  1.67769472  1.66438565  1.95268449  1.45062491  1.70530174  1.31681325  0.00000000  1.92543360  1.66302602  2.00973226  1.80103718  1.99684972
9    2.10230547  2.18622413  1.42896067  2.02746649  2.23743601  2.12274676  2.11373032  1.69738308  1.92543360  0.00000000  2.09131042  1.85969933  1.88812888  1.90679739
10    1.98956523  2.19870403  1.88253850  1.75927774  2.15064053  1.87952227  1.94329993  0.92795550  1.66302602  2.09131042  0.00000000  2.21565913  2.02109234  2.20635034
11    2.13531489  1.88458688  1.00384103  2.23081896  2.13121090  2.22009909  2.12296482  1.82475981  2.00973226  1.85969933  2.21565913  0.00000000  2.09843612  0.82828680
12    2.04424824  2.10852899  1.75762838  2.01110158  2.03704113  2.05231375  1.26786160  1.63126120  1.80103718  1.88812888  2.02109234  2.09843612  0.00000000  1.72178543
14    2.15218643  1.98113977  1.23441809  2.21514834  2.14729750  2.21756466  1.94657356  1.81572122  1.99684972  1.90679739  2.20635034  0.82828680  1.72178543  0.00000000

--------------------------------------------------------------------------------
n=13
(result of R-step: (7,8:10)0.92970835)
V=[0, 1, 2, 3, 4, 5, 6, 7, 8, 9, 11, 12, 14]
total successes of this branch: 1
Matrix on 13 elements:

0    0.00000000  2.19333517  1.78088604  1.97547879  2.06803411  1.98543964  1.97048332  1.35234970  1.35421898  2.10230547  2.13531489  2.04424824  2.15218643
1    2.19333517  0.00000000  1.76305364  2.24475379  1.94218276  2.21219093  2.02826030  1.56204944  1.55593862  2.18622413  1.88458688  2.10852899  1.98113977
2    1.78088604  1.76305364  0.00000000  1.88891933  1.84699396  1.88440730  1.81194081  1.24551389  1.24466715  1.42896067  1.00384103  1.75762838  1.23441809
3    1.97547879  2.24475379  1.88891933  0.00000000  2.23634542  1.84457623  1.95114451  1.11394010  1.23135808  2.02746649  2.23081896  2.01110158  2.21514834
4    2.06803411  1.94218276  1.84699396  2.23634542  0.00000000  2.18909823  1.91613617  1.51309515  1.51965691  2.23743601  2.13121090  2.03704113  2.14729750
5    1.98543964  2.21219093  1.88440730  1.84457623  2.18909823  0.00000000  1.97445016  1.25943748  1.01759734  2.12274676  2.22009909  2.05231375  2.21756466
6    1.97048332  2.02826030  1.81194081  1.95114451  1.91613617  1.97445016  0.00000000  1.30878198  1.27227417  2.11373032  2.12296482  1.26786160  1.94657356
7    1.35234970  1.56204944  1.24551389  1.11394010  1.51309515  1.25943748  1.30878198  0.00000000  0.63774226  1.45133967  1.57871640  1.38521779  1.56967780
8    1.35421898  1.55593862  1.24466715  1.23135808  1.51965691  1.01759734  1.27227417  0.63774226  0.00000000  1.49240602  1.57670468  1.36800961  1.56382215
9    2.10230547  2.18622413  1.42896067  2.02746649  2.23743601  2.12274676  2.11373032  1.45133967  1.49240602  0.00000000  1.85969933  1.88812888  1.90679739
11    2.13531489  1.88458688  1.00384103  2.23081896  2.13121090  2.22009909  2.12296482  1.57871640  1.57670468  1.85969933  0.00000000  2.09843612  0.82828680
12    2.04424824  2.10852899  1.75762838  2.01110158  2.03704113  2.05231375  1.26786160  1.38521779  1.36800961  1.88812888  2.09843612  0.00000000  1.72178543
14    2.15218643  1.98113977  1.23441809  2.21514834  2.14729750  2.21756466  1.94657356  1.56967780  1.56382215  1.90679739  0.82828680  1.72178543  0.00000000

--------------------------------------------------------------------------------
n=12
(result of R-step: (11,12:14)0.74705034)
V=[0, 1, 2, 3, 4, 5, 6, 7, 8, 9, 11, 12]
total successes of this branch: 1
Matrix on 12 elements:

0    0.00000000  2.19333517  1.78088604  1.97547879  2.06803411  1.98543964  1.97048332  1.35234970  1.35421898  2.10230547  1.96291601  1.81843018
1    2.19333517  0.00000000  1.76305364  2.24475379  1.94218276  2.21219093  2.02826030  1.56204944  1.55593862  2.18622413  1.71218800  1.88271094
2    1.78088604  1.76305364  0.00000000  1.88891933  1.84699396  1.88440730  1.81194081  1.24551389  1.24466715  1.42896067  0.83144214  1.53181033
3    1.97547879  2.24475379  1.88891933  0.00000000  2.23634542  1.84457623  1.95114451  1.11394010  1.23135808  2.02746649  2.05842008  1.78528352
4    2.06803411  1.94218276  1.84699396  2.23634542  0.00000000  2.18909823  1.91613617  1.51309515  1.51965691  2.23743601  1.95881202  1.81122307
5    1.98543964  2.21219093  1.88440730  1.84457623  2.18909823  0.00000000  1.97445016  1.25943748  1.01759734  2.12274676  2.04770021  1.82649570
6    1.97048332  2.02826030  1.81194081  1.95114451  1.91613617  1.97445016  0.00000000  1.30878198  1.27227417  2.11373032  1.95056593  1.04204354
7    1.35234970  1.56204944  1.24551389  1.11394010  1.51309515  1.25943748  1.30878198  0.00000000  0.63774226  1.45133967  1.40631752  1.15939974
8    1.35421898  1.55593862  1.24466715  1.23135808  1.51965691  1.01759734  1.27227417  0.63774226  0.00000000  1.49240602  1.40430580  1.14219155
9    2.10230547  2.18622413  1.42896067  2.02746649  2.23743601  2.12274676  2.11373032  1.45133967  1.49240602  0.00000000  1.68730045  1.66231082
11    1.96291601  1.71218800  0.83144214  2.05842008  1.95881202  2.04770021  1.95056593  1.40631752  1.40430580  1.68730045  0.00000000  1.70021919
12    1.81843018  1.88271094  1.53181033  1.78528352  1.81122307  1.82649570  1.04204354  1.15939974  1.14219155  1.66231082  1.70021919  0.00000000

--------------------------------------------------------------------------------
n=11
(result of R-step: (1,2:11)0.22130695)
V=[0, 1, 2, 3, 4, 5, 6, 7, 8, 9, 12]
total successes of this branch: 1
Matrix on 11 elements:

0    0.00000000  1.63176612  1.55582046  1.97547879  2.06803411  1.98543964  1.97048332  1.35234970  1.35421898  2.10230547  1.81843018
1    1.63176612  0.00000000  0.97641901  1.68318474  1.38061371  1.65062188  1.46669125  1.00048039  0.99436957  1.62465508  1.32114189
2    1.55582046  0.97641901  0.00000000  1.66385375  1.62192838  1.65934171  1.58687523  1.02044830  1.01960157  1.20389508  1.30674475
3    1.97547879  1.68318474  1.66385375  0.00000000  2.23634542  1.84457623  1.95114451  1.11394010  1.23135808  2.02746649  1.78528352
4    2.06803411  1.38061371  1.62192838  2.23634542  0.00000000  2.18909823  1.91613617  1.51309515  1.51965691  2.23743601  1.81122307
5    1.98543964  1.65062188  1.65934171  1.84457623  2.18909823  0.00000000  1.97445016  1.25943748  1.01759734  2.12274676  1.82649570
6    1.97048332  1.46669125  1.58687523  1.95114451  1.91613617  1.97445016  0.00000000  1.30878198  1.27227417  2.11373032  1.04204354
7    1.35234970  1.00048039  1.02044830  1.11394010  1.51309515  1.25943748  1.30878198  0.00000000  0.63774226  1.45133967  1.15939974
8    1.35421898  0.99436957  1.01960157  1.23135808  1.51965691  1.01759734  1.27227417  0.63774226  0.00000000  1.49240602  1.14219155
9    2.10230547  1.62465508  1.20389508  2.02746649  2.23743601  2.12274676  2.11373032  1.45133967  1.49240602  0.00000000  1.66231082
12    1.81843018  1.32114189  1.30674475  1.78528352  1.81122307  1.82649570  1.04204354  1.15939974  1.14219155  1.66231082  0.00000000

--------------------------------------------------------------------------------
n=10
(result of R-step: (6,9:12)0.75121061)
V=[0, 1, 2, 3, 4, 5, 6, 7, 8, 9]
total successes of this branch: 1
Matrix on 10 elements:

0    0.00000000  1.63176612  1.55582046  1.97547879  2.06803411  1.98543964  1.50389050  1.35234970  1.35421898  1.58117539
1    1.63176612  0.00000000  0.97641901  1.68318474  1.38061371  1.65062188  1.00009844  1.00048039  0.99436957  1.10352500
2    1.55582046  0.97641901  0.00000000  1.66385375  1.62192838  1.65934171  1.12028241  1.02044830  1.01960157  0.68276501
3    1.97547879  1.68318474  1.66385375  0.00000000  2.23634542  1.84457623  1.48455169  1.11394010  1.23135808  1.50633641
4    2.06803411  1.38061371  1.62192838  2.23634542  0.00000000  2.18909823  1.44954335  1.51309515  1.51965691  1.71630593
5    1.98543964  1.65062188  1.65934171  1.84457623  2.18909823  0.00000000  1.50785734  1.25943748  1.01759734  1.60161668
6    1.50389050  1.00009844  1.12028241  1.48455169  1.44954335  1.50785734  0.00000000  0.84218917  0.80568135  1.12600742
7    1.35234970  1.00048039  1.02044830  1.11394010  1.51309515  1.25943748  0.84218917  0.00000000  0.63774226  0.93020959
8    1.35421898  0.99436957  1.01960157  1.23135808  1.51965691  1.01759734  0.80568135  0.63774226  0.00000000  0.97127595
9    1.58117539  1.10352500  0.68276501  1.50633641  1.71630593  1.60161668  1.12600742  0.93020959  0.97127595  0.00000000

--------------------------------------------------------------------------------
n=9
(result of R-step: (2,3:9)0.64559931)
V=[0, 1, 2, 3, 4, 5, 6, 7, 8]
total successes of this branch: 1
Matrix on 9 elements:

0    0.00000000  1.63176612  1.38817285  1.19172487  2.06803411  1.98543964  1.50389050  1.35234970  1.35421898
1    1.63176612  0.00000000  0.80877140  0.89943083  1.38061371  1.65062188  1.00009844  1.00048039  0.99436957
2    1.38817285  0.80877140  0.00000000  0.71245222  1.45428077  1.49169411  0.95263480  0.85280070  0.85195396
3    1.19172487  0.89943083  0.71245222  0.00000000  1.45259151  1.06082232  0.70079778  0.33018619  0.44760416
4    2.06803411  1.38061371  1.45428077  1.45259151  0.00000000  2.18909823  1.44954335  1.51309515  1.51965691
5    1.98543964  1.65062188  1.49169411  1.06082232  2.18909823  0.00000000  1.50785734  1.25943748  1.01759734
6    1.50389050  1.00009844  0.95263480  0.70079778  1.44954335  1.50785734  0.00000000  0.84218917  0.80568135
7    1.35234970  1.00048039  0.85280070  0.33018619  1.51309515  1.25943748  0.84218917  0.00000000  0.63774226
8    1.35421898  0.99436957  0.85195396  0.44760416  1.51965691  1.01759734  0.80568135  0.63774226  0.00000000

--------------------------------------------------------------------------------
n=8
(result of R-step: (0,1:2)0.65965145)
V=[0, 1, 3, 4, 5, 6, 7, 8]
total successes of this branch: 0
Matrix on 8 elements:

0    0.00000000  0.54786854  0.27260735  1.14891658  1.06632212  0.58477298  0.43323218  0.43510146
1    0.54786854  0.00000000  0.73465076  1.21583365  1.48584181  0.83531837  0.83570032  0.82958950
3    0.27260735  0.73465076  0.00000000  1.45259151  1.06082232  0.70079778  0.33018619  0.44760416
4    1.14891658  1.21583365  1.45259151  0.00000000  2.18909823  1.44954335  1.51309515  1.51965691
5    1.06632212  1.48584181  1.06082232  2.18909823  0.00000000  1.50785734  1.25943748  1.01759734
6    0.58477298  0.83531837  0.70079778  1.44954335  1.50785734  0.00000000  0.84218917  0.80568135
7    0.43323218  0.83570032  0.33018619  1.51309515  1.25943748  0.84218917  0.00000000  0.63774226
8    0.43510146  0.82958950  0.44760416  1.51965691  1.01759734  0.80568135  0.63774226  0.00000000
reason of abort: no pseudometric

--------------------------------------------------------------------------------
n=8
(result of R-step: (3,4:7)0.84922477)
V=[0, 1, 2, 3, 4, 5, 6, 8]
total successes of this branch: 1
Matrix on 8 elements:

0    0.00000000  1.63176612  1.38817285  1.14304974  1.23560505  1.98543964  1.50389050  1.35421898
1    1.63176612  0.00000000  0.80877140  0.85075569  0.54818466  1.65062188  1.00009844  0.99436957
2    1.38817285  0.80877140  0.00000000  0.66377709  0.62185172  1.49169411  0.95263480  0.85195396
3    1.14304974  0.85075569  0.66377709  0.00000000  0.57148732  1.01214718  0.65212264  0.39892902
4    1.23560505  0.54818466  0.62185172  0.57148732  0.00000000  1.35666918  0.61711430  0.68722786
5    1.98543964  1.65062188  1.49169411  1.01214718  1.35666918  0.00000000  1.50785734  1.01759734
6    1.50389050  1.00009844  0.95263480  0.65212264  0.61711430  1.50785734  0.00000000  0.80568135
8    1.35421898  0.99436957  0.85195396  0.39892902  0.68722786  1.01759734  0.80568135  0.00000000

--------------------------------------------------------------------------------
n=7
(result of R-step: (0,1:2)0.65965145)
V=[0, 1, 3, 4, 5, 6, 8]
total successes of this branch: 0
Matrix on 7 elements:

0    0.00000000  0.54786854  0.22393222  0.31648753  1.06632212  0.58477298  0.43510146
1    0.54786854  0.00000000  0.68597563  0.38340459  1.48584181  0.83531837  0.82958950
3    0.22393222  0.68597563  0.00000000  0.57148732  1.01214718  0.65212264  0.39892902
4    0.31648753  0.38340459  0.57148732  0.00000000  1.35666918  0.61711430  0.68722786
5    1.06632212  1.48584181  1.01214718  1.35666918  0.00000000  1.50785734  1.01759734
6    0.58477298  0.83531837  0.65212264  0.61711430  1.50785734  0.00000000  0.80568135
8    0.43510146  0.82958950  0.39892902  0.68722786  1.01759734  0.80568135  0.00000000
reason of abort: no pseudometric

--------------------------------------------------------------------------------
n=7
(result of R-step: (5,6:8)0.85186121)
V=[0, 1, 2, 3, 4, 5, 6]
total successes of this branch: 1
Matrix on 7 elements:

0    0.00000000  1.63176612  1.38817285  1.14304974  1.23560505  1.19064484  1.23022577
1    1.63176612  0.00000000  0.80877140  0.85075569  0.54818466  0.85582707  0.72643371
2    1.38817285  0.80877140  0.00000000  0.66377709  0.62185172  0.69689930  0.67897008
3    1.14304974  0.85075569  0.66377709  0.00000000  0.57148732  0.21735237  0.37845791
4    1.23560505  0.54818466  0.62185172  0.57148732  0.00000000  0.56187438  0.34344957
5    1.19064484  0.85582707  0.69689930  0.21735237  0.56187438  0.00000000  0.43939781
6    1.23022577  0.72643371  0.67897008  0.37845791  0.34344957  0.43939781  0.00000000

--------------------------------------------------------------------------------
n=6
(result of R-step: (0,1:2)0.65965145)
V=[0, 1, 3, 4, 5, 6]
total successes of this branch: 0
Matrix on 6 elements:

0    0.00000000  0.54786854  0.22393222  0.31648753  0.27152732  0.31110825
1    0.54786854  0.00000000  0.68597563  0.38340459  0.69104701  0.56165364
3    0.22393222  0.68597563  0.00000000  0.57148732  0.21735237  0.37845791
4    0.31648753  0.38340459  0.57148732  0.00000000  0.56187438  0.34344957
5    0.27152732  0.69104701  0.21735237  0.56187438  0.00000000  0.43939781
6    0.31110825  0.56165364  0.37845791  0.34344957  0.43939781  0.00000000
reason of abort: no pseudometric

--------------------------------------------------------------------------------
n=6
(result of R-step: (3,4:6)0.46473320)
V=[0, 1, 2, 3, 4, 5]
total successes of this branch: 1
Matrix on 6 elements:

0    0.00000000  1.63176612  1.38817285  1.10547390  1.19802922  1.19064484
1    1.63176612  0.00000000  0.80877140  0.81317986  0.51060882  0.85582707
2    1.38817285  0.80877140  0.00000000  0.62620125  0.58427589  0.69689930
3    1.10547390  0.81317986  0.62620125  0.00000000  0.49633565  0.17977654
4    1.19802922  0.51060882  0.58427589  0.49633565  0.00000000  0.52429854
5    1.19064484  0.85582707  0.69689930  0.17977654  0.52429854  0.00000000

--------------------------------------------------------------------------------
n=5
(result of R-step: (0,1:2)0.65965145)
V=[0, 1, 3, 4, 5]
total successes of this branch: 0
Matrix on 5 elements:

0    0.00000000  0.54786854  0.18635638  0.27891170  0.27152732
1    0.54786854  0.00000000  0.64839979  0.34582876  0.69104701
3    0.18635638  0.64839979  0.00000000  0.49633565  0.17977654
4    0.27891170  0.34582876  0.49633565  0.00000000  0.52429854
5    0.27152732  0.69104701  0.17977654  0.52429854  0.00000000
reason of abort: no pseudometric

--------------------------------------------------------------------------------
n=5
(result of R-step: (3,4:5)0.89237944)
V=[0, 1, 2, 3, 4]
total successes of this branch: 1
Matrix on 5 elements:

0    0.00000000  1.63176612  1.38817285  1.07681427  1.16936958
1    1.63176612  0.00000000  0.80877140  0.78452022  0.48194919
2    1.38817285  0.80877140  0.00000000  0.59754162  0.55561625
3    1.07681427  0.78452022  0.59754162  0.00000000  0.43901638
4    1.16936958  0.48194919  0.55561625  0.43901638  0.00000000

--------------------------------------------------------------------------------
n=4
(result of R-step: (0,1:2)0.65965145)
V=[0, 1, 3, 4]
total successes of this branch: 0
Matrix on 4 elements:

0    0.00000000  0.54786854  0.15769675  0.25025206
1    0.54786854  0.00000000  0.61974016  0.31716912
3    0.15769675  0.61974016  0.00000000  0.43901638
4    0.25025206  0.31716912  0.43901638  0.00000000
reason of abort: no pseudometric

--------------------------------------------------------------------------------
n=4
(result of R-step: (0,1:4)0.32165208)
V=[0, 1, 2, 3]
total successes of this branch: 1
Matrix on 4 elements:

0    0.00000000  0.55910823  0.60784950  0.29649092
1    0.55910823  0.00000000  0.51643686  0.49218568
2    0.60784950  0.51643686  0.00000000  0.59754162
3    0.29649092  0.49218568  0.59754162  0.00000000

--------------------------------------------------------------------------------
n=4
(result of R-step: (0,2:3)0.44135002)
V=[0, 1, 2, 4]
total successes of this branch: 0
Matrix on 4 elements:

0    0.00000000  0.85144277  0.27458947  0.38904623
1    0.85144277  0.00000000  0.47551137  0.48194919
2    0.27458947  0.47551137  0.00000000  0.22235622
4    0.38904623  0.48194919  0.22235622  0.00000000
reason of abort: no pseudometric

--------------------------------------------------------------------------------
n=4
(result of R-step: (0,4:2)0.32869280)
V=[0, 1, 3, 4]
total successes of this branch: 0
Matrix on 4 elements:

0    0.00000000  0.63648882  0.08153697  0.00846973
1    0.63648882  0.00000000  0.78452022  0.31632664
3    0.08153697  0.78452022  0.00000000  0.27339383
4    0.00846973  0.31632664  0.27339383  0.00000000
reason of abort: no pseudometric

--------------------------------------------------------------------------------
n=4
(result of R-step: (0,4:3)0.82155138)
V=[0, 1, 2, 4]
total successes of this branch: 0
reason of abort: negative delta/dxy

--------------------------------------------------------------------------------
n=4
(result of R-step: (1,3:0)0.35816466)
V=[1, 2, 3, 4]
total successes of this branch: 0
Matrix on 4 elements:

1    0.00000000  0.23186198  0.14462684 -0.09496023
2    0.23186198  0.00000000  0.53455766  0.55561625
3    0.14462684  0.53455766  0.00000000  0.37603242
4   -0.09496023  0.55561625  0.37603242  0.00000000
reason of abort: no pseudometric

--------------------------------------------------------------------------------
n=4
(result of R-step: (1,3:2)0.38037396)
V=[0, 1, 3, 4]
total successes of this branch: 0
Matrix on 4 elements:

0    0.00000000  1.33943158  0.91634554  1.16936958
1    1.33943158  0.00000000  0.33171695  0.18961465
3    0.91634554  0.33171695  0.00000000  0.27854765
4    1.16936958  0.18961465  0.27854765  0.00000000
reason of abort: no pseudometric

--------------------------------------------------------------------------------
n=4
(result of R-step: (1,3:4)0.39124832)
V=[0, 1, 2, 3]
total successes of this branch: 0
Matrix on 4 elements:

0    0.00000000  1.46698606  1.38817285  0.86601992
1    1.46698606  0.00000000  0.64399134  0.40894581
2    1.38817285  0.64399134  0.00000000  0.38674727
3    0.86601992  0.40894581  0.38674727  0.00000000
reason of abort: no pseudometric

--------------------------------------------------------------------------------
n=4
(result of R-step: (1,4:2)0.51566975)
V=[0, 1, 3, 4]
total successes of this branch: 0
reason of abort: negative delta/dxy

--------------------------------------------------------------------------------
n=4
(result of R-step: (3,4:2)0.27337824)
V=[0, 1, 3, 4]
total successes of this branch: 0
Matrix on 4 elements:

0    0.00000000  1.63176612  1.01383031  1.03760030
1    1.63176612  0.00000000  0.72153626  0.35017991
3    1.01383031  0.72153626  0.00000000  0.24426314
4    1.03760030  0.35017991  0.24426314  0.00000000
reason of abort: no pseudometric
