n=20
V=[0, 1, 2, 3, 4, 5, 6, 7, 8, 9, 10, 11, 12, 13, 14, 15, 16, 17, 18, 19]
total successes of this branch: 5
Matrix on 20 elements:

0    0.00000000  1.69510520  1.69476206  1.69487078  1.69509571  1.67979251  1.33562824  1.50665494  1.55409142  1.69502951  1.69477874  1.10609164  1.69482242  1.37745370  1.16288821  1.69506550  1.64524268  1.62366564  1.46595640  1.69508162
1    1.69510520  0.00000000  1.44815477  1.41079675  1.20546596  1.41831839  1.55594514  1.48684350  1.46806889  1.01876319  1.43602177  1.50555940  1.42404900  1.54058683  1.45861327  1.12026408  1.15194057  1.46277745  1.46593861  1.16573128
2    1.69476206  1.44815477  0.00000000  1.36760430  1.44489447  1.37625955  1.53462861  1.45511237  1.43350816  1.42214854  0.81821197  1.59803503  1.07897481  1.48157116  1.58107271  1.43451436  1.44823525  0.66713316  1.46675330  1.44005361
3    1.69487078  1.41079675  1.36760430  0.00000000  1.40213538  1.14000970  1.35044940  1.17045794  1.16211569  1.22387849  1.36933065  1.58154905  1.04418642  1.31478738  1.54705566  1.32078778  1.34197114  1.29309143  1.24883965  1.36419818
4    1.69509571  1.20546596  1.44489447  1.40213538  0.00000000  1.40988591  1.55170083  1.48049633  1.46115039  1.26896193  1.41191530  1.32306744  1.40727338  1.53488334  1.31784955  0.73630778  0.79075214  1.45835045  1.42886583  0.41972273
5    1.67979251  1.41831839  1.37625955  1.14000970  1.40988591  0.00000000  1.41558579  1.28439066  1.17845637  1.32846466  1.37794067  1.57530812  1.26500943  1.39805230  1.55150278  1.37272929  1.38946620  1.34153705  1.26250081  1.39255758
6    1.33562824  1.55594514  1.53462861  1.35044940  1.55170083  1.41558579  0.00000000  1.15236780  1.22448464  1.48959954  1.53548212  1.41927278  1.44765844  0.74988105  1.42605503  1.52336088  1.51425104  1.39015043  1.26989687  1.53848424
7    1.50665494  1.48684350  1.45511237  1.17045794  1.48049633  1.28439066  1.15236780  0.00000000  1.00367721  1.38469641  1.45638141  1.49652860  1.32067108  1.17196545  1.48574362  1.43677800  1.44136220  0.97633136  1.11228300  1.46010789
8    1.55409142  1.46806889  1.43350816  1.16211569  1.46115039  1.17845637  1.22448464  1.00367721  0.00000000  1.36928996  1.43489011  1.51811272  1.30542082  1.23390904  1.50376041  1.41922985  1.42714366  1.27105050  0.46647240  1.44160036
9    1.69502951  1.01876319  1.42214854  1.22387849  1.26896193  1.32846466  1.48959954  1.38469641  1.36928996  0.00000000  1.41449012  1.53009314  1.32401846  1.47031887  1.41411877  0.82184134  0.87729078  1.40799324  1.37938954  1.06044313
10    1.69477874  1.43602177  0.81821197  1.36933065  1.41191530  1.37794067  1.53548212  1.45638141  1.43489011  1.41449012  0.00000000  1.58527858  1.00943961  1.47422843  1.56880791  1.41309032  1.42766871  1.05941264  1.46506074  1.41246328
11    1.10609164  1.50555940  1.59803503  1.58154905  1.32306744  1.57530812  1.41927278  1.49652860  1.51811272  1.53009314  1.58527858  0.00000000  1.58350840  1.43839679  0.44350020  1.41754370  1.32635305  1.55966995  1.27601093  1.36712731
12    1.69482242  1.42404900  1.07897481  1.04418642  1.40727338  1.26500943  1.44765844  1.32067108  1.30542082  1.32401846  1.00943961  1.58350840  0.00000000  1.35569960  1.55848345  1.36927996  1.38699333  1.17032563  1.36243385  1.38955480
13    1.37745370  1.54058683  1.48157116  1.31478738  1.53488334  1.39805230  0.74988105  1.17196545  1.23390904  1.47031887  1.47422843  1.43839679  1.35569960  0.00000000  1.44147532  1.50541932  1.49943284  1.36455348  1.28067210  1.52114252
14    1.16288821  1.45861327  1.58107271  1.54705566  1.31784955  1.55150278  1.42605503  1.48574362  1.50376041  1.41411877  1.56880791  0.44350020  1.55848345  1.44147532  0.00000000  1.36178205  1.25830411  1.54504240  1.20210750  1.33833788
15    1.69506550  1.12026408  1.43451436  1.32078778  0.73630778  1.37272929  1.52336088  1.43677800  1.41922985  0.82184134  1.41309032  1.41754370  1.36927996  1.50541932  1.36178205  0.00000000  0.35997109  1.43536992  1.40628731  0.45963788
16    1.64524268  1.15194057  1.44823525  1.34197114  0.79075214  1.38946620  1.51425104  1.44136220  1.42714366  0.87729078  1.42766871  1.32635305  1.38699333  1.49943284  1.25830411  0.35997109  0.00000000  1.44563753  1.38910543  0.58985343
17    1.62366564  1.46277745  0.66713316  1.29309143  1.45835045  1.34153705  1.39015043  0.97633136  1.27105050  1.40799324  1.05941264  1.55966995  1.17032563  1.36455348  1.54504240  1.43536992  1.44563753  0.00000000  1.33277873  1.44763327
18    1.46595640  1.46593861  1.46675330  1.24883965  1.42886583  1.26250081  1.26989687  1.11228300  0.46647240  1.37938954  1.46506074  1.27601093  1.36243385  1.28067210  1.20210750  1.40628731  1.38910543  1.33277873  0.00000000  1.41833613
19    1.69508162  1.16573128  1.44005361  1.36419818  0.41972273  1.39255758  1.53848424  1.46010789  1.44160036  1.06044313  1.41246328  1.36712731  1.38955480  1.52114252  1.33833788  0.45963788  0.58985343  1.44763327  1.41833613  0.00000000

--------------------------------------------------------------------------------
n=19
(result of R-step: (2,7:17)0.62204291)
V=[0, 1, 2, 3, 4, 5, 6, 7, 8, 9, 10, 11, 12, 13, 14, 15, 16, 18, 19]
total successes of this branch: 5
Matrix on 19 elements:

0    0.00000000  1.69510520  1.60058598  1.69487078  1.69509571  1.67979251  1.33562824  1.41247886  1.55409142  1.69502951  1.69477874  1.10609164  1.69482242  1.37745370  1.16288821  1.69506550  1.64524268  1.46595640  1.69508162
1    1.69510520  0.00000000  1.35397869  1.41079675  1.20546596  1.41831839  1.55594514  1.39266742  1.46806889  1.01876319  1.43602177  1.50555940  1.42404900  1.54058683  1.45861327  1.12026408  1.15194057  1.46593861  1.16573128
2    1.60058598  1.35397869  0.00000000  1.27342822  1.35071840  1.28208348  1.44045254  1.26676021  1.33933209  1.32797246  0.72403589  1.50385895  0.98479874  1.38739508  1.48689663  1.34033828  1.35405918  1.37257722  1.34587753
3    1.69487078  1.41079675  1.27342822  0.00000000  1.40213538  1.14000970  1.35044940  1.07628187  1.16211569  1.22387849  1.36933065  1.58154905  1.04418642  1.31478738  1.54705566  1.32078778  1.34197114  1.24883965  1.36419818
4    1.69509571  1.20546596  1.35071840  1.40213538  0.00000000  1.40988591  1.55170083  1.38632025  1.46115039  1.26896193  1.41191530  1.32306744  1.40727338  1.53488334  1.31784955  0.73630778  0.79075214  1.42886583  0.41972273
5    1.67979251  1.41831839  1.28208348  1.14000970  1.40988591  0.00000000  1.41558579  1.19021459  1.17845637  1.32846466  1.37794067  1.57530812  1.26500943  1.39805230  1.55150278  1.37272929  1.38946620  1.26250081  1.39255758
6    1.33562824  1.55594514  1.44045254  1.35044940  1.55170083  1.41558579  0.00000000  1.05819172  1.22448464  1.48959954  1.53548212  1.41927278  1.44765844  0.74988105  1.42605503  1.52336088  1.51425104  1.26989687  1.53848424
7    1.41247886  1.39266742  1.26676021  1.07628187  1.38632025  1.19021459  1.05819172  0.00000000  0.90950113  1.29052034  1.36220534  1.40235252  1.22649500  1.07778937  1.39156754  1.34260193  1.34718612  1.01810692  1.36593181
8    1.55409142  1.46806889  1.33933209  1.16211569  1.46115039  1.17845637  1.22448464  0.90950113  0.00000000  1.36928996  1.43489011  1.51811272  1.30542082  1.23390904  1.50376041  1.41922985  1.42714366  0.46647240  1.44160036
9    1.69502951  1.01876319  1.32797246  1.22387849  1.26896193  1.32846466  1.48959954  1.29052034  1.36928996  0.00000000  1.41449012  1.53009314  1.32401846  1.47031887  1.41411877  0.82184134  0.87729078  1.37938954  1.06044313
10    1.69477874  1.43602177  0.72403589  1.36933065  1.41191530  1.37794067  1.53548212  1.36220534  1.43489011  1.41449012  0.00000000  1.58527858  1.00943961  1.47422843  1.56880791  1.41309032  1.42766871  1.46506074  1.41246328
11    1.10609164  1.50555940  1.50385895  1.58154905  1.32306744  1.57530812  1.41927278  1.40235252  1.51811272  1.53009314  1.58527858  0.00000000  1.58350840  1.43839679  0.44350020  1.41754370  1.32635305  1.27601093  1.36712731
12    1.69482242  1.42404900  0.98479874  1.04418642  1.40727338  1.26500943  1.44765844  1.22649500  1.30542082  1.32401846  1.00943961  1.58350840  0.00000000  1.35569960  1.55848345  1.36927996  1.38699333  1.36243385  1.38955480
13    1.37745370  1.54058683  1.38739508  1.31478738  1.53488334  1.39805230  0.74988105  1.07778937  1.23390904  1.47031887  1.47422843  1.43839679  1.35569960  0.00000000  1.44147532  1.50541932  1.49943284  1.28067210  1.52114252
14    1.16288821  1.45861327  1.48689663  1.54705566  1.31784955  1.55150278  1.42605503  1.39156754  1.50376041  1.41411877  1.56880791  0.44350020  1.55848345  1.44147532  0.00000000  1.36178205  1.25830411  1.20210750  1.33833788
15    1.69506550  1.12026408  1.34033828  1.32078778  0.73630778  1.37272929  1.52336088  1.34260193  1.41922985  0.82184134  1.41309032  1.41754370  1.36927996  1.50541932  1.36178205  0.00000000  0.35997109  1.40628731  0.45963788
16    1.64524268  1.15194057  1.35405918  1.34197114  0.79075214  1.38946620  1.51425104  1.34718612  1.42714366  0.87729078  1.42766871  1.32635305  1.38699333  1.49943284  1.25830411  0.35997109  0.00000000  1.38910543  0.58985343
18    1.46595640  1.46593861  1.37257722  1.24883965  1.42886583  1.26250081  1.26989687  1.01810692  0.46647240  1.37938954  1.46506074  1.27601093  1.36243385  1.28067210  1.20210750  1.40628731  1.38910543  0.00000000  1.41833613
19    1.69508162  1.16573128  1.34587753  1.36419818  0.41972273  1.39255758  1.53848424  1.36593181  1.44160036  1.06044313  1.41246328  1.36712731  1.38955480  1.52114252  1.33833788  0.45963788  0.58985343  1.41833613  0.00000000

--------------------------------------------------------------------------------
n=18
(result of R-step: (4,15:19)0.53364080)
V=[0, 1, 2, 3, 4, 5, 6, 7, 8, 9, 10, 11, 12, 13, 14, 15, 16, 18]
total successes of this branch: 5
Matrix on 18 elements:

0    0.00000000  1.69510520  1.60058598  1.69487078  1.62356929  1.67979251  1.33562824  1.41247886  1.55409142  1.69502951  1.69477874  1.10609164  1.69482242  1.37745370  1.16288821  1.62353908  1.64524268  1.46595640
1    1.69510520  0.00000000  1.35397869  1.41079675  1.13393955  1.41831839  1.55594514  1.39266742  1.46806889  1.01876319  1.43602177  1.50555940  1.42404900  1.54058683  1.45861327  1.04873766  1.15194057  1.46593861
2    1.60058598  1.35397869  0.00000000  1.27342822  1.27919198  1.28208348  1.44045254  1.26676021  1.33933209  1.32797246  0.72403589  1.50385895  0.98479874  1.38739508  1.48689663  1.26881186  1.35405918  1.37257722
3    1.69487078  1.41079675  1.27342822  0.00000000  1.33060897  1.14000970  1.35044940  1.07628187  1.16211569  1.22387849  1.36933065  1.58154905  1.04418642  1.31478738  1.54705566  1.24926136  1.34197114  1.24883965
4    1.62356929  1.13393955  1.27919198  1.33060897  0.00000000  1.33835950  1.48017442  1.31479384  1.38962397  1.19743551  1.34038889  1.25154102  1.33574696  1.46335693  1.24632314  0.59325495  0.71922572  1.35733942
5    1.67979251  1.41831839  1.28208348  1.14000970  1.33835950  0.00000000  1.41558579  1.19021459  1.17845637  1.32846466  1.37794067  1.57530812  1.26500943  1.39805230  1.55150278  1.30120288  1.38946620  1.26250081
6    1.33562824  1.55594514  1.44045254  1.35044940  1.48017442  1.41558579  0.00000000  1.05819172  1.22448464  1.48959954  1.53548212  1.41927278  1.44765844  0.74988105  1.42605503  1.45183447  1.51425104  1.26989687
7    1.41247886  1.39266742  1.26676021  1.07628187  1.31479384  1.19021459  1.05819172  0.00000000  0.90950113  1.29052034  1.36220534  1.40235252  1.22649500  1.07778937  1.39156754  1.27107551  1.34718612  1.01810692
8    1.55409142  1.46806889  1.33933209  1.16211569  1.38962397  1.17845637  1.22448464  0.90950113  0.00000000  1.36928996  1.43489011  1.51811272  1.30542082  1.23390904  1.50376041  1.34770343  1.42714366  0.46647240
9    1.69502951  1.01876319  1.32797246  1.22387849  1.19743551  1.32846466  1.48959954  1.29052034  1.36928996  0.00000000  1.41449012  1.53009314  1.32401846  1.47031887  1.41411877  0.75031493  0.87729078  1.37938954
10    1.69477874  1.43602177  0.72403589  1.36933065  1.34038889  1.37794067  1.53548212  1.36220534  1.43489011  1.41449012  0.00000000  1.58527858  1.00943961  1.47422843  1.56880791  1.34156391  1.42766871  1.46506074
11    1.10609164  1.50555940  1.50385895  1.58154905  1.25154102  1.57530812  1.41927278  1.40235252  1.51811272  1.53009314  1.58527858  0.00000000  1.58350840  1.43839679  0.44350020  1.34601728  1.32635305  1.27601093
12    1.69482242  1.42404900  0.98479874  1.04418642  1.33574696  1.26500943  1.44765844  1.22649500  1.30542082  1.32401846  1.00943961  1.58350840  0.00000000  1.35569960  1.55848345  1.29775355  1.38699333  1.36243385
13    1.37745370  1.54058683  1.38739508  1.31478738  1.46335693  1.39805230  0.74988105  1.07778937  1.23390904  1.47031887  1.47422843  1.43839679  1.35569960  0.00000000  1.44147532  1.43389291  1.49943284  1.28067210
14    1.16288821  1.45861327  1.48689663  1.54705566  1.24632314  1.55150278  1.42605503  1.39156754  1.50376041  1.41411877  1.56880791  0.44350020  1.55848345  1.44147532  0.00000000  1.29025563  1.25830411  1.20210750
15    1.62353908  1.04873766  1.26881186  1.24926136  0.59325495  1.30120288  1.45183447  1.27107551  1.34770343  0.75031493  1.34156391  1.34601728  1.29775355  1.43389291  1.29025563  0.00000000  0.28844467  1.33476089
16    1.64524268  1.15194057  1.35405918  1.34197114  0.71922572  1.38946620  1.51425104  1.34718612  1.42714366  0.87729078  1.42766871  1.32635305  1.38699333  1.49943284  1.25830411  0.28844467  0.00000000  1.38910543
18    1.46595640  1.46593861  1.37257722  1.24883965  1.35733942  1.26250081  1.26989687  1.01810692  0.46647240  1.37938954  1.46506074  1.27601093  1.36243385  1.28067210  1.20210750  1.33476089  1.38910543  0.00000000

--------------------------------------------------------------------------------
n=17
(result of R-step: (6,12:13)0.88355753)
V=[0, 1, 2, 3, 4, 5, 6, 7, 8, 9, 10, 11, 12, 14, 15, 16, 18]
total successes of this branch: 5
Matrix on 17 elements:

0    0.00000000  1.69510520  1.60058598  1.69487078  1.62356929  1.67979251  1.00666713  1.41247886  1.55409142  1.69502951  1.69477874  1.10609164  1.36586132  1.16288821  1.62353908  1.64524268  1.46595640
1    1.69510520  0.00000000  1.35397869  1.41079675  1.13393955  1.41831839  1.22698404  1.39266742  1.46806889  1.01876319  1.43602177  1.50555940  1.09508789  1.45861327  1.04873766  1.15194057  1.46593861
2    1.60058598  1.35397869  0.00000000  1.27342822  1.27919198  1.28208348  1.11149143  1.26676021  1.33933209  1.32797246  0.72403589  1.50385895  0.65583763  1.48689663  1.26881186  1.35405918  1.37257722
3    1.69487078  1.41079675  1.27342822  0.00000000  1.33060897  1.14000970  1.02148829  1.07628187  1.16211569  1.22387849  1.36933065  1.58154905  0.71522532  1.54705566  1.24926136  1.34197114  1.24883965
4    1.62356929  1.13393955  1.27919198  1.33060897  0.00000000  1.33835950  1.15121331  1.31479384  1.38962397  1.19743551  1.34038889  1.25154102  1.00678586  1.24632314  0.59325495  0.71922572  1.35733942
5    1.67979251  1.41831839  1.28208348  1.14000970  1.33835950  0.00000000  1.08662468  1.19021459  1.17845637  1.32846466  1.37794067  1.57530812  0.93604833  1.55150278  1.30120288  1.38946620  1.26250081
6    1.00666713  1.22698404  1.11149143  1.02148829  1.15121331  1.08662468  0.00000000  0.72923062  0.89552353  1.16063844  1.20652102  1.09031168  0.78973623  1.09709392  1.12287336  1.18528994  0.94093576
7    1.41247886  1.39266742  1.26676021  1.07628187  1.31479384  1.19021459  0.72923062  0.00000000  0.90950113  1.29052034  1.36220534  1.40235252  0.89753390  1.39156754  1.27107551  1.34718612  1.01810692
8    1.55409142  1.46806889  1.33933209  1.16211569  1.38962397  1.17845637  0.89552353  0.90950113  0.00000000  1.36928996  1.43489011  1.51811272  0.97645972  1.50376041  1.34770343  1.42714366  0.46647240
9    1.69502951  1.01876319  1.32797246  1.22387849  1.19743551  1.32846466  1.16063844  1.29052034  1.36928996  0.00000000  1.41449012  1.53009314  0.99505736  1.41411877  0.75031493  0.87729078  1.37938954
10    1.69477874  1.43602177  0.72403589  1.36933065  1.34038889  1.37794067  1.20652102  1.36220534  1.43489011  1.41449012  0.00000000  1.58527858  0.68047851  1.56880791  1.34156391  1.42766871  1.46506074
11    1.10609164  1.50555940  1.50385895  1.58154905  1.25154102  1.57530812  1.09031168  1.40235252  1.51811272  1.53009314  1.58527858  0.00000000  1.25454730  0.44350020  1.34601728  1.32635305  1.27601093
12    1.36586132  1.09508789  0.65583763  0.71522532  1.00678586  0.93604833  0.78973623  0.89753390  0.97645972  0.99505736  0.68047851  1.25454730  0.00000000  1.22952235  0.96879245  1.05803223  1.03347275
14    1.16288821  1.45861327  1.48689663  1.54705566  1.24632314  1.55150278  1.09709392  1.39156754  1.50376041  1.41411877  1.56880791  0.44350020  1.22952235  0.00000000  1.29025563  1.25830411  1.20210750
15    1.62353908  1.04873766  1.26881186  1.24926136  0.59325495  1.30120288  1.12287336  1.27107551  1.34770343  0.75031493  1.34156391  1.34601728  0.96879245  1.29025563  0.00000000  0.28844467  1.33476089
16    1.64524268  1.15194057  1.35405918  1.34197114  0.71922572  1.38946620  1.18528994  1.34718612  1.42714366  0.87729078  1.42766871  1.32635305  1.05803223  1.25830411  0.28844467  0.00000000  1.38910543
18    1.46595640  1.46593861  1.37257722  1.24883965  1.35733942  1.26250081  0.94093576  1.01810692  0.46647240  1.37938954  1.46506074  1.27601093  1.03347275  1.20210750  1.33476089  1.38910543  0.00000000

--------------------------------------------------------------------------------
n=16
(result of R-step: (3,10:12)0.47463867)
V=[0, 1, 2, 3, 4, 5, 6, 7, 8, 9, 10, 11, 14, 15, 16, 18]
total successes of this branch: 5
Matrix on 16 elements:

0    0.00000000  1.69510520  1.60058598  1.35272308  1.62356929  1.67979251  1.00666713  1.41247886  1.55409142  1.69502951  1.35263105  1.10609164  1.16288821  1.62353908  1.64524268  1.46595640
1    1.69510520  0.00000000  1.35397869  1.06864906  1.13393955  1.41831839  1.22698404  1.39266742  1.46806889  1.01876319  1.09387407  1.50555940  1.45861327  1.04873766  1.15194057  1.46593861
2    1.60058598  1.35397869  0.00000000  0.93128053  1.27919198  1.28208348  1.11149143  1.26676021  1.33933209  1.32797246  0.38188820  1.50385895  1.48689663  1.26881186  1.35405918  1.37257722
3    1.35272308  1.06864906  0.93128053  0.00000000  0.98846127  0.79786201  0.67934060  0.73413417  0.81996800  0.88173079  0.68503526  1.23940136  1.20490797  0.90711367  0.99982345  0.90669196
4    1.62356929  1.13393955  1.27919198  0.98846127  0.00000000  1.33835950  1.15121331  1.31479384  1.38962397  1.19743551  0.99824120  1.25154102  1.24632314  0.59325495  0.71922572  1.35733942
5    1.67979251  1.41831839  1.28208348  0.79786201  1.33835950  0.00000000  1.08662468  1.19021459  1.17845637  1.32846466  1.03579298  1.57530812  1.55150278  1.30120288  1.38946620  1.26250081
6    1.00666713  1.22698404  1.11149143  0.67934060  1.15121331  1.08662468  0.00000000  0.72923062  0.89552353  1.16063844  0.86437333  1.09031168  1.09709392  1.12287336  1.18528994  0.94093576
7    1.41247886  1.39266742  1.26676021  0.73413417  1.31479384  1.19021459  0.72923062  0.00000000  0.90950113  1.29052034  1.02005765  1.40235252  1.39156754  1.27107551  1.34718612  1.01810692
8    1.55409142  1.46806889  1.33933209  0.81996800  1.38962397  1.17845637  0.89552353  0.90950113  0.00000000  1.36928996  1.09274242  1.51811272  1.50376041  1.34770343  1.42714366  0.46647240
9    1.69502951  1.01876319  1.32797246  0.88173079  1.19743551  1.32846466  1.16063844  1.29052034  1.36928996  0.00000000  1.07234242  1.53009314  1.41411877  0.75031493  0.87729078  1.37938954
10    1.35263105  1.09387407  0.38188820  0.68503526  0.99824120  1.03579298  0.86437333  1.02005765  1.09274242  1.07234242  0.00000000  1.24313089  1.22666022  0.99941621  1.08552102  1.12291305
11    1.10609164  1.50555940  1.50385895  1.23940136  1.25154102  1.57530812  1.09031168  1.40235252  1.51811272  1.53009314  1.24313089  0.00000000  0.44350020  1.34601728  1.32635305  1.27601093
14    1.16288821  1.45861327  1.48689663  1.20490797  1.24632314  1.55150278  1.09709392  1.39156754  1.50376041  1.41411877  1.22666022  0.44350020  0.00000000  1.29025563  1.25830411  1.20210750
15    1.62353908  1.04873766  1.26881186  0.90711367  0.59325495  1.30120288  1.12287336  1.27107551  1.34770343  0.75031493  0.99941621  1.34601728  1.29025563  0.00000000  0.28844467  1.33476089
16    1.64524268  1.15194057  1.35405918  0.99982345  0.71922572  1.38946620  1.18528994  1.34718612  1.42714366  0.87729078  1.08552102  1.32635305  1.25830411  0.28844467  0.00000000  1.38910543
18    1.46595640  1.46593861  1.37257722  0.90669196  1.35733942  1.26250081  0.94093576  1.01810692  0.46647240  1.37938954  1.12291305  1.27601093  1.20210750  1.33476089  1.38910543  0.00000000

--------------------------------------------------------------------------------
n=15
(result of R-step: (8,14:18)0.77470783)
V=[0, 1, 2, 3, 4, 5, 6, 7, 8, 9, 10, 11, 14, 15, 16]
total successes of this branch: 5
Matrix on 15 elements:

0    0.00000000  1.69510520  1.60058598  1.35272308  1.62356929  1.67979251  1.00666713  1.41247886  1.47168167  1.69502951  1.35263105  1.10609164  1.08047846  1.62353908  1.64524268
1    1.69510520  0.00000000  1.35397869  1.06864906  1.13393955  1.41831839  1.22698404  1.39266742  1.38565914  1.01876319  1.09387407  1.50555940  1.37620352  1.04873766  1.15194057
2    1.60058598  1.35397869  0.00000000  0.93128053  1.27919198  1.28208348  1.11149143  1.26676021  1.25692234  1.32797246  0.38188820  1.50385895  1.40448689  1.26881186  1.35405918
3    1.35272308  1.06864906  0.93128053  0.00000000  0.98846127  0.79786201  0.67934060  0.73413417  0.73755825  0.88173079  0.68503526  1.23940136  1.12249823  0.90711367  0.99982345
4    1.62356929  1.13393955  1.27919198  0.98846127  0.00000000  1.33835950  1.15121331  1.31479384  1.30721423  1.19743551  0.99824120  1.25154102  1.16391339  0.59325495  0.71922572
5    1.67979251  1.41831839  1.28208348  0.79786201  1.33835950  0.00000000  1.08662468  1.19021459  1.09604662  1.32846466  1.03579298  1.57530812  1.46909304  1.30120288  1.38946620
6    1.00666713  1.22698404  1.11149143  0.67934060  1.15121331  1.08662468  0.00000000  0.72923062  0.81311378  1.16063844  0.86437333  1.09031168  1.01468417  1.12287336  1.18528994
7    1.41247886  1.39266742  1.26676021  0.73413417  1.31479384  1.19021459  0.72923062  0.00000000  0.82709139  1.29052034  1.02005765  1.40235252  1.30915779  1.27107551  1.34718612
8    1.47168167  1.38565914  1.25692234  0.73755825  1.30721423  1.09604662  0.81311378  0.82709139  0.00000000  1.28688021  1.01033267  1.43570298  1.33894091  1.26529368  1.34473391
9    1.69502951  1.01876319  1.32797246  0.88173079  1.19743551  1.32846466  1.16063844  1.29052034  1.28688021  0.00000000  1.07234242  1.53009314  1.33170902  0.75031493  0.87729078
10    1.35263105  1.09387407  0.38188820  0.68503526  0.99824120  1.03579298  0.86437333  1.02005765  1.01033267  1.07234242  0.00000000  1.24313089  1.14425047  0.99941621  1.08552102
11    1.10609164  1.50555940  1.50385895  1.23940136  1.25154102  1.57530812  1.09031168  1.40235252  1.43570298  1.53009314  1.24313089  0.00000000  0.36109045  1.34601728  1.32635305
14    1.08047846  1.37620352  1.40448689  1.12249823  1.16391339  1.46909304  1.01468417  1.30915779  1.33894091  1.33170902  1.14425047  0.36109045  0.00000000  1.20784589  1.17589436
15    1.62353908  1.04873766  1.26881186  0.90711367  0.59325495  1.30120288  1.12287336  1.27107551  1.26529368  0.75031493  0.99941621  1.34601728  1.20784589  0.00000000  0.28844467
16    1.64524268  1.15194057  1.35405918  0.99982345  0.71922572  1.38946620  1.18528994  1.34718612  1.34473391  0.87729078  1.08552102  1.32635305  1.17589436  0.28844467  0.00000000

--------------------------------------------------------------------------------
n=14
(result of R-step: (5,7:8)0.27398141)
V=[0, 1, 2, 3, 4, 5, 6, 7, 9, 10, 11, 14, 15, 16]
total successes of this branch: 5
Matrix on 14 elements:

0    0.00000000  1.69510520  1.60058598  1.35272308  1.62356929  1.23092106  1.00666713  1.05778348  1.69502951  1.35263105  1.10609164  1.08047846  1.62353908  1.64524268
1    1.69510520  0.00000000  1.35397869  1.06864906  1.13393955  0.96944693  1.22698404  1.03797204  1.01876319  1.09387407  1.50555940  1.37620352  1.04873766  1.15194057
2    1.60058598  1.35397869  0.00000000  0.93128053  1.27919198  0.83321202  1.11149143  0.91206483  1.32797246  0.38188820  1.50385895  1.40448689  1.26881186  1.35405918
3    1.35272308  1.06864906  0.93128053  0.00000000  0.98846127  0.34899055  0.67934060  0.37943879  0.88173079  0.68503526  1.23940136  1.12249823  0.90711367  0.99982345
4    1.62356929  1.13393955  1.27919198  0.98846127  0.00000000  0.88948804  1.15121331  0.96009846  1.19743551  0.99824120  1.25154102  1.16391339  0.59325495  0.71922572
5    1.23092106  0.96944693  0.83321202  0.34899055  0.88948804  0.00000000  0.63775323  0.38664775  0.87959321  0.58692152  1.12643666  1.02022158  0.85233142  0.94059474
6    1.00666713  1.22698404  1.11149143  0.67934060  1.15121331  0.63775323  0.00000000  0.37453524  1.16063844  0.86437333  1.09031168  1.01468417  1.12287336  1.18528994
7    1.05778348  1.03797204  0.91206483  0.37943879  0.96009846  0.38664775  0.37453524  0.00000000  0.93582496  0.66536227  1.04765714  0.95446241  0.91638013  0.99249074
9    1.69502951  1.01876319  1.32797246  0.88173079  1.19743551  0.87959321  1.16063844  0.93582496  0.00000000  1.07234242  1.53009314  1.33170902  0.75031493  0.87729078
10    1.35263105  1.09387407  0.38188820  0.68503526  0.99824120  0.58692152  0.86437333  0.66536227  1.07234242  0.00000000  1.24313089  1.14425047  0.99941621  1.08552102
11    1.10609164  1.50555940  1.50385895  1.23940136  1.25154102  1.12643666  1.09031168  1.04765714  1.53009314  1.24313089  0.00000000  0.36109045  1.34601728  1.32635305
14    1.08047846  1.37620352  1.40448689  1.12249823  1.16391339  1.02022158  1.01468417  0.95446241  1.33170902  1.14425047  0.36109045  0.00000000  1.20784589  1.17589436
15    1.62353908  1.04873766  1.26881186  0.90711367  0.59325495  0.85233142  1.12287336  0.91638013  0.75031493  0.99941621  1.34601728  1.20784589  0.00000000  0.28844467
16    1.64524268  1.15194057  1.35405918  0.99982345  0.71922572  0.94059474  1.18528994  0.99249074  0.87729078  1.08552102  1.32635305  1.17589436  0.28844467  0.00000000

--------------------------------------------------------------------------------
n=13
(result of R-step: (14,15:16)0.09362072)
V=[0, 1, 2, 3, 4, 5, 6, 7, 9, 10, 11, 14, 15]
total successes of this branch: 5
Matrix on 13 elements:

0    0.00000000  1.69510520  1.60058598  1.35272308  1.62356929  1.23092106  1.00666713  1.05778348  1.69502951  1.35263105  1.10609164  1.03464164  1.56681893
1    1.69510520  0.00000000  1.35397869  1.06864906  1.13393955  0.96944693  1.22698404  1.03797204  1.01876319  1.09387407  1.50555940  1.33036669  0.99201751
2    1.60058598  1.35397869  0.00000000  0.93128053  1.27919198  0.83321202  1.11149143  0.91206483  1.32797246  0.38188820  1.50385895  1.35865006  1.21209171
3    1.35272308  1.06864906  0.93128053  0.00000000  0.98846127  0.34899055  0.67934060  0.37943879  0.88173079  0.68503526  1.23940136  1.07666140  0.85039351
4    1.62356929  1.13393955  1.27919198  0.98846127  0.00000000  0.88948804  1.15121331  0.96009846  1.19743551  0.99824120  1.25154102  1.11807657  0.53653479
5    1.23092106  0.96944693  0.83321202  0.34899055  0.88948804  0.00000000  0.63775323  0.38664775  0.87959321  0.58692152  1.12643666  0.97438475  0.79561126
6    1.00666713  1.22698404  1.11149143  0.67934060  1.15121331  0.63775323  0.00000000  0.37453524  1.16063844  0.86437333  1.09031168  0.96884735  1.06615321
7    1.05778348  1.03797204  0.91206483  0.37943879  0.96009846  0.38664775  0.37453524  0.00000000  0.93582496  0.66536227  1.04765714  0.90862558  0.85965997
9    1.69502951  1.01876319  1.32797246  0.88173079  1.19743551  0.87959321  1.16063844  0.93582496  0.00000000  1.07234242  1.53009314  1.28587219  0.69359477
10    1.35263105  1.09387407  0.38188820  0.68503526  0.99824120  0.58692152  0.86437333  0.66536227  1.07234242  0.00000000  1.24313089  1.09841365  0.94269606
11    1.10609164  1.50555940  1.50385895  1.23940136  1.25154102  1.12643666  1.09031168  1.04765714  1.53009314  1.24313089  0.00000000  0.31525363  1.28929712
14    1.03464164  1.33036669  1.35865006  1.07666140  1.11807657  0.97438475  0.96884735  0.90862558  1.28587219  1.09841365  0.31525363  0.00000000  1.10528890
15    1.56681893  0.99201751  1.21209171  0.85039351  0.53653479  0.79561126  1.06615321  0.85965997  0.69359477  0.94269606  1.28929712  1.10528890  0.00000000

--------------------------------------------------------------------------------
n=12
(result of R-step: (4,9:15)0.54364961)
V=[0, 1, 2, 3, 4, 5, 6, 7, 9, 10, 11, 14]
total successes of this branch: 5
Matrix on 12 elements:

0    0.00000000  1.69510520  1.60058598  1.35272308  1.55050211  1.23092106  1.00666713  1.05778348  1.55043592  1.35263105  1.10609164  1.03464164
1    1.69510520  0.00000000  1.35397869  1.06864906  1.06087236  0.96944693  1.22698404  1.03797204  0.87416959  1.09387407  1.50555940  1.33036669
2    1.60058598  1.35397869  0.00000000  0.93128053  1.20612480  0.83321202  1.11149143  0.91206483  1.18337886  0.38188820  1.50385895  1.35865006
3    1.35272308  1.06864906  0.93128053  0.00000000  0.91539409  0.34899055  0.67934060  0.37943879  0.73713720  0.68503526  1.23940136  1.07666140
4    1.55050211  1.06087236  1.20612480  0.91539409  0.00000000  0.81642086  1.07814613  0.88703128  0.97977474  0.92517402  1.17847384  1.04500938
5    1.23092106  0.96944693  0.83321202  0.34899055  0.81642086  0.00000000  0.63775323  0.38664775  0.73499961  0.58692152  1.12643666  0.97438475
6    1.00666713  1.22698404  1.11149143  0.67934060  1.07814613  0.63775323  0.00000000  0.37453524  1.01604484  0.86437333  1.09031168  0.96884735
7    1.05778348  1.03797204  0.91206483  0.37943879  0.88703128  0.38664775  0.37453524  0.00000000  0.79123136  0.66536227  1.04765714  0.90862558
9    1.55043592  0.87416959  1.18337886  0.73713720  0.97977474  0.73499961  1.01604484  0.79123136  0.00000000  0.92774883  1.38549954  1.14127860
10    1.35263105  1.09387407  0.38188820  0.68503526  0.92517402  0.58692152  0.86437333  0.66536227  0.92774883  0.00000000  1.24313089  1.09841365
11    1.10609164  1.50555940  1.50385895  1.23940136  1.17847384  1.12643666  1.09031168  1.04765714  1.38549954  1.24313089  0.00000000  0.31525363
14    1.03464164  1.33036669  1.35865006  1.07666140  1.04500938  0.97438475  0.96884735  0.90862558  1.14127860  1.09841365  0.31525363  0.00000000

--------------------------------------------------------------------------------
n=11
(result of R-step: (9,11:14)0.09643899)
V=[0, 1, 2, 3, 4, 5, 6, 7, 9, 10, 11]
total successes of this branch: 5
Matrix on 11 elements:

0    0.00000000  1.69510520  1.60058598  1.35272308  1.55050211  1.23092106  1.00666713  1.05778348  1.53126660  1.35263105  0.94232872
1    1.69510520  0.00000000  1.35397869  1.06864906  1.06087236  0.96944693  1.22698404  1.03797204  0.85500028  1.09387407  1.34179649
2    1.60058598  1.35397869  0.00000000  0.93128053  1.20612480  0.83321202  1.11149143  0.91206483  1.16420955  0.38188820  1.34009604
3    1.35272308  1.06864906  0.93128053  0.00000000  0.91539409  0.34899055  0.67934060  0.37943879  0.71796788  0.68503526  1.07563845
4    1.55050211  1.06087236  1.20612480  0.91539409  0.00000000  0.81642086  1.07814613  0.88703128  0.96060542  0.92517402  1.01471093
5    1.23092106  0.96944693  0.83321202  0.34899055  0.81642086  0.00000000  0.63775323  0.38664775  0.71583029  0.58692152  0.96267375
6    1.00666713  1.22698404  1.11149143  0.67934060  1.07814613  0.63775323  0.00000000  0.37453524  0.99687552  0.86437333  0.92654877
7    1.05778348  1.03797204  0.91206483  0.37943879  0.88703128  0.38664775  0.37453524  0.00000000  0.77206204  0.66536227  0.88389423
9    1.53126660  0.85500028  1.16420955  0.71796788  0.96060542  0.71583029  0.99687552  0.77206204  0.00000000  0.90857951  1.20256732
10    1.35263105  1.09387407  0.38188820  0.68503526  0.92517402  0.58692152  0.86437333  0.66536227  0.90857951  0.00000000  1.07936797
11    0.94232872  1.34179649  1.34009604  1.07563845  1.01471093  0.96267375  0.92654877  0.88389423  1.20256732  1.07936797  0.00000000

--------------------------------------------------------------------------------
n=10
(result of R-step: (0,4:11)0.61288683)
V=[0, 1, 2, 3, 4, 5, 6, 7, 9, 10]
total successes of this branch: 5
Matrix on 10 elements:

0    0.00000000  1.32807351  1.23355430  0.98569140  0.96103234  0.86388938  0.63963545  0.69075180  1.16423492  0.98559936
1    1.32807351  0.00000000  1.35397869  1.06864906  0.83843428  0.96944693  1.22698404  1.03797204  0.85500028  1.09387407
2    1.23355430  1.35397869  0.00000000  0.93128053  0.98368671  0.83321202  1.11149143  0.91206483  1.16420955  0.38188820
3    0.98569140  1.06864906  0.93128053  0.00000000  0.69295601  0.34899055  0.67934060  0.37943879  0.71796788  0.68503526
4    0.96103234  0.83843428  0.98368671  0.69295601  0.00000000  0.59398277  0.85570805  0.66459319  0.73816733  0.70273593
5    0.86388938  0.96944693  0.83321202  0.34899055  0.59398277  0.00000000  0.63775323  0.38664775  0.71583029  0.58692152
6    0.63963545  1.22698404  1.11149143  0.67934060  0.85570805  0.63775323  0.00000000  0.37453524  0.99687552  0.86437333
7    0.69075180  1.03797204  0.91206483  0.37943879  0.66459319  0.38664775  0.37453524  0.00000000  0.77206204  0.66536227
9    1.16423492  0.85500028  1.16420955  0.71796788  0.73816733  0.71583029  0.99687552  0.77206204  0.00000000  0.90857951
10    0.98559936  1.09387407  0.38188820  0.68503526  0.70273593  0.58692152  0.86437333  0.66536227  0.90857951  0.00000000

--------------------------------------------------------------------------------
n=9
(result of R-step: (1,3:9)0.67714366)
V=[0, 1, 2, 3, 4, 5, 6, 7, 10]
total successes of this branch: 5
Matrix on 9 elements:

0    0.00000000  0.91215105  1.23355430  0.91191663  0.96103234  0.86388938  0.63963545  0.69075180  0.98559936
1    0.91215105  0.00000000  0.93805622  0.57895182  0.42251181  0.55352446  0.81106157  0.62204957  0.67795161
2    1.23355430  0.93805622  0.00000000  0.85750576  0.98368671  0.83321202  1.11149143  0.91206483  0.38188820
3    0.91191663  0.57895182  0.85750576  0.00000000  0.61918123  0.27521578  0.60556583  0.30566402  0.61126049
4    0.96103234  0.42251181  0.98368671  0.61918123  0.00000000  0.59398277  0.85570805  0.66459319  0.70273593
5    0.86388938  0.55352446  0.83321202  0.27521578  0.59398277  0.00000000  0.63775323  0.38664775  0.58692152
6    0.63963545  0.81106157  1.11149143  0.60556583  0.85570805  0.63775323  0.00000000  0.37453524  0.86437333
7    0.69075180  0.62204957  0.91206483  0.30566402  0.66459319  0.38664775  0.37453524  0.00000000  0.66536227
10    0.98559936  0.67795161  0.38188820  0.61126049  0.70273593  0.58692152  0.86437333  0.66536227  0.00000000

--------------------------------------------------------------------------------
n=8
(result of R-step: (2,4:10)0.95000594)
V=[0, 1, 2, 3, 4, 5, 6, 7]
total successes of this branch: 5
Matrix on 8 elements:

0    0.00000000  0.91215105  0.93511397  0.91191663  0.93544762  0.86388938  0.63963545  0.69075180
1    0.91215105  0.00000000  0.63961590  0.57895182  0.39692710  0.55352446  0.81106157  0.62204957
2    0.93511397  0.63961590  0.00000000  0.55906543  0.65966167  0.53477169  0.81305111  0.61362451
3    0.91191663  0.57895182  0.55906543  0.00000000  0.59359652  0.27521578  0.60556583  0.30566402
4    0.93544762  0.39692710  0.65966167  0.59359652  0.00000000  0.56839805  0.83012333  0.63900847
5    0.86388938  0.55352446  0.53477169  0.27521578  0.56839805  0.00000000  0.63775323  0.38664775
6    0.63963545  0.81106157  0.81305111  0.60556583  0.83012333  0.63775323  0.00000000  0.37453524
7    0.69075180  0.62204957  0.61362451  0.30566402  0.63900847  0.38664775  0.37453524  0.00000000

--------------------------------------------------------------------------------
n=7
(result of R-step: (1,2:4)0.79808595)
V=[0, 1, 2, 3, 5, 6, 7]
total successes of this branch: 0
Matrix on 7 elements:

0    0.00000000  0.75607787  0.61187453  0.91191663  0.86388938  0.63963545  0.69075180
1    0.75607787  0.00000000  0.16030328  0.42287864  0.39745129  0.65498840  0.46597640
2    0.61187453  0.16030328  0.00000000  0.23582599  0.21153225  0.48981167  0.29038507
3    0.91191663  0.42287864  0.23582599  0.00000000  0.27521578  0.60556583  0.30566402
5    0.86388938  0.39745129  0.21153225  0.27521578  0.00000000  0.63775323  0.38664775
6    0.63963545  0.65498840  0.48981167  0.60556583  0.63775323  0.00000000  0.37453524
7    0.69075180  0.46597640  0.29038507  0.30566402  0.38664775  0.37453524  0.00000000
reason of abort: no pseudometric

--------------------------------------------------------------------------------
n=7
(result of R-step: (3,6:7)0.47607587)
V=[0, 1, 2, 3, 4, 5, 6]
total successes of this branch: 5
Matrix on 7 elements:

0    0.00000000  0.91215105  0.93511397  0.84165092  0.93544762  0.86388938  0.48240838
1    0.91215105  0.00000000  0.63961590  0.50868611  0.39692710  0.55352446  0.65383451
2    0.93511397  0.63961590  0.00000000  0.48879973  0.65966167  0.53477169  0.65582404
3    0.84165092  0.50868611  0.48879973  0.00000000  0.52333081  0.20495007  0.37807305
4    0.93544762  0.39692710  0.65966167  0.52333081  0.00000000  0.56839805  0.67289626
5    0.86388938  0.55352446  0.53477169  0.20495007  0.56839805  0.00000000  0.48052616
6    0.48240838  0.65383451  0.65582404  0.37807305  0.67289626  0.48052616  0.00000000

--------------------------------------------------------------------------------
n=6
(result of R-step: (0,3:6)0.51053142)
V=[0, 1, 2, 3, 4, 5]
total successes of this branch: 5
Matrix on 6 elements:

0    0.00000000  0.78357930  0.80654223  0.70366392  0.80687588  0.73531763
1    0.78357930  0.00000000  0.63961590  0.49927085  0.39692710  0.55352446
2    0.80654223  0.63961590  0.00000000  0.47938447  0.65966167  0.53477169
3    0.70366392  0.49927085  0.47938447  0.00000000  0.51391555  0.19553481
4    0.80687588  0.39692710  0.65966167  0.51391555  0.00000000  0.56839805
5    0.73531763  0.55352446  0.53477169  0.19553481  0.56839805  0.00000000

--------------------------------------------------------------------------------
n=5
(result of R-step: (0,3:5)0.02645591)
V=[0, 1, 2, 3, 4]
total successes of this branch: 5
Matrix on 5 elements:

0    0.00000000  0.71671701  0.73967994  0.56993934  0.74001359
1    0.71671701  0.00000000  0.63961590  0.43240856  0.39692710
2    0.73967994  0.63961590  0.00000000  0.41252218  0.65966167
3    0.56993934  0.43240856  0.41252218  0.00000000  0.44705326
4    0.74001359  0.39692710  0.65966167  0.44705326  0.00000000

--------------------------------------------------------------------------------
n=4
(result of R-step: (0,3:2)0.62426599)
V=[0, 1, 3, 4]
total successes of this branch: 1
Matrix on 4 elements:

0    0.00000000  0.31960175  0.13688750  0.34289833
1    0.31960175  0.00000000  0.39647199  0.39692710
3    0.13688750  0.39647199  0.00000000  0.41111668
4    0.34289833  0.39692710  0.41111668  0.00000000

--------------------------------------------------------------------------------
n=4
(result of R-step: (0,4:1)0.12599368)
V=[0, 2, 3, 4]
total successes of this branch: 1
Matrix on 4 elements:

0    0.00000000  0.34256468  0.17282408  0.15192853
2    0.34256468  0.00000000  0.41252218  0.46869187
3    0.17282408  0.41252218  0.00000000  0.25608346
4    0.15192853  0.46869187  0.25608346  0.00000000

--------------------------------------------------------------------------------
n=4
(result of R-step: (1,2:0)0.27268057)
V=[1, 2, 3, 4]
total successes of this branch: 1
Matrix on 4 elements:

1    0.00000000  0.17302804  0.24992873  0.21444726
2    0.17302804  0.00000000  0.12841415  0.37555364
3    0.24992873  0.12841415  0.00000000  0.44705326
4    0.21444726  0.37555364  0.44705326  0.00000000

--------------------------------------------------------------------------------
n=4
(result of R-step: (1,2:3)0.17878599)
V=[0, 1, 2, 4]
total successes of this branch: 0
Matrix on 4 elements:

0    0.00000000  0.51317149  0.45729133  0.74001359
1    0.51317149  0.00000000  0.15368177  0.19338158
2    0.45729133  0.15368177  0.00000000  0.37727306
4    0.74001359  0.19338158  0.37727306  0.00000000
reason of abort: no pseudometric

--------------------------------------------------------------------------------
n=4
(result of R-step: (1,2:4)0.79808595)
V=[0, 1, 2, 3]
total successes of this branch: 0
Matrix on 4 elements:

0    0.00000000  0.56064383  0.41644050  0.56993934
1    0.56064383  0.00000000  0.16030328  0.27633539
2    0.41644050  0.16030328  0.00000000  0.08928274
3    0.56993934  0.27633539  0.08928274  0.00000000
reason of abort: no pseudometric

--------------------------------------------------------------------------------
n=4
(result of R-step: (1,3:0)0.12335851)
V=[1, 2, 3, 4]
total successes of this branch: 0
Matrix on 4 elements:

1    0.00000000  0.48354272  0.15230849  0.24085392
2    0.48354272  0.00000000  0.28849528  0.65966167
3    0.15230849  0.28849528  0.00000000  0.32302637
4    0.24085392  0.65966167  0.32302637  0.00000000
reason of abort: no pseudometric

--------------------------------------------------------------------------------
n=4
(result of R-step: (1,3:4)0.95952484)
V=[0, 1, 2, 3]
total successes of this branch: 1
Matrix on 4 elements:

0    0.00000000  0.53423718  0.73967994  0.53400276
1    0.53423718  0.00000000  0.45713607  0.21399215
2    0.73967994  0.45713607  0.00000000  0.37658560
3    0.53400276  0.21399215  0.37658560  0.00000000

--------------------------------------------------------------------------------
n=4
(result of R-step: (2,4:0)0.71028035)
V=[1, 2, 3, 4]
total successes of this branch: 0
Matrix on 4 elements:

1    0.00000000  0.35722729  0.43240856  0.18283040
2    0.35722729  0.00000000  0.13013357  0.16317637
3    0.43240856  0.13013357  0.00000000  0.23295657
4    0.18283040  0.16317637  0.23295657  0.00000000
reason of abort: no pseudometric

--------------------------------------------------------------------------------
n=4
(result of R-step: (2,4:3)0.84583014)
V=[0, 1, 2, 4]
total successes of this branch: 1
Matrix on 4 elements:

0    0.00000000  0.71671701  0.45557191  0.54904379
1    0.71671701  0.00000000  0.35550787  0.20595729
2    0.45557191  0.35550787  0.00000000  0.18458384
4    0.54904379  0.20595729  0.18458384  0.00000000

--------------------------------------------------------------------------------
n=4
(result of R-step: (3,4:0)0.84838594)
V=[1, 2, 3, 4]
total successes of this branch: 0
Matrix on 4 elements:

1    0.00000000  0.63961590  0.30718735  0.16260863
2    0.63961590  0.00000000  0.28730096  0.42534320
3    0.30718735  0.28730096  0.00000000  0.08751358
4    0.16260863  0.42534320  0.08751358  0.00000000
reason of abort: no pseudometric
