n=20
V=[0, 1, 2, 3, 4, 5, 6, 7, 8, 9, 10, 11, 12, 13, 14, 15, 16, 17, 18, 19]
total successes of this branch: 3
Matrix on 20 elements:

0    0.00000000  1.67668722  1.65279136  1.67357239  1.65567101  1.67531038  1.22152344  1.65562357  1.66282688  1.66317821  1.56077466  1.67510896  1.66914049  1.67213188  1.66666663  0.60470603  1.66846228  1.65564330  1.66292229  1.65831888
1    1.67668722  0.00000000  1.66975038  1.38264446  1.21301557  1.21860870  1.67580119  1.22054024  1.17024484  1.28876974  1.27742774  1.23761907  1.08388357  1.14920322  1.29629964  1.67654015  1.23179329  1.21741082  1.52978381  1.21376966
2    1.65279136  1.66975038  0.00000000  1.62671653  1.66901503  1.64216711  1.58964012  1.66051409  1.66926542  1.64628873  1.65955096  1.64037652  1.39931542  1.51705876  1.29220249  1.64230888  1.64724567  1.66404953  0.91526667  1.66539528
3    1.67357239  1.38264446  1.62671653  0.00000000  1.39525918  1.39670745  1.66758757  1.39907242  1.39096396  1.24485689  1.43330616  1.33600161  1.45972665  1.42917265  1.48499468  1.67257897  1.35751577  1.39748654  0.94994858  1.39545444
4    1.65567101  1.21301557  1.66901503  1.39525918  0.00000000  1.23928945  1.65737542  1.16152289  1.13017208  1.25990226  1.22314962  1.25736503  1.35702812  1.29994412  1.40423632  1.65595393  1.22467220  0.80053828  1.53555673  0.16954461
5    1.67531038  1.21860870  1.64216711  1.39670745  1.23928945  0.00000000  1.67107706  1.24592682  1.23224780  1.30939024  1.29947657  0.93359758  1.35237580  1.06796742  1.23022499  1.67460769  1.04013658  1.24316642  1.52250345  1.07258589
6    1.22152344  1.67580119  1.58964012  1.66758757  1.65737542  1.67107706  0.00000000  1.65625948  1.66364926  1.66102747  1.60204222  1.67067265  1.64859003  1.65949256  1.63975363  1.09876044  1.66575616  1.65672359  1.62764016  1.65922274
7    1.65562357  1.22054024  1.66051409  1.39907242  1.16152289  1.24592682  1.65625948  0.00000000  1.18161787  1.18689236  0.98993547  1.26367511  1.35949162  1.30443127  1.40505329  1.65572912  0.95191065  0.65452248  1.53305906  1.17290261
8    1.66282688  1.17024484  1.66926542  1.39096396  1.13017208  1.23224780  1.66364926  1.18161787  0.00000000  1.26973143  1.24163093  1.25064167  1.32784420  1.28149558  1.39107173  1.66296339  1.22709688  1.16022218  1.53359110  1.14393439
9    1.66317821  1.28876974  1.64628873  1.24485689  1.25990226  1.30939024  1.66102747  1.18689236  1.26973143  0.00000000  1.24629144  1.30191136  1.40168044  1.35693479  1.43870054  1.66282121  1.26267710  1.21725631  1.45058731  1.26657445
10    1.56077466  1.27742774  1.65955096  1.43330616  1.22314962  1.29947657  1.60204222  0.98993547  1.24163093  1.24629144  0.00000000  1.31498629  1.39810888  1.35028834  1.43767990  1.56762466  1.20410782  1.08692645  1.54925470  1.23344037
11    1.67510896  1.23761907  1.64037652  1.33600161  1.25736503  0.93359758  1.67067265  1.26367511  1.25064167  1.30191136  1.31498629  0.00000000  1.36481686  1.15574605  1.29269311  1.67437258  0.66147229  1.26105083  1.49199117  1.21371324
12    1.66914049  1.08388357  1.39931542  1.45972665  1.35702812  1.35237580  1.64859003  1.35949162  1.32784420  1.40168044  1.39810888  1.36481686  0.00000000  1.05017730  1.14883689  1.66572932  1.36300036  1.35846708  1.42876641  1.35640087
13    1.67213188  1.14920322  1.51705876  1.42917265  1.29994412  1.06796742  1.65949256  1.30443127  1.28149558  1.35693479  1.35028834  1.15574605  1.05017730  0.00000000  0.94619005  1.67003388  1.20646424  1.30256512  1.47421354  1.26866798
14    1.66666663  1.29629964  1.29220249  1.48499468  1.40423632  1.23022499  1.63975363  1.40505329  1.39107173  1.43870054  1.43767990  1.29269311  1.14883689  0.94619005  0.00000000  1.66219934  1.33102043  1.40471352  1.38619031  1.38077533
15    0.60470603  1.67654015  1.64230888  1.67257897  1.65595393  1.67460769  1.09876044  1.65572912  1.66296339  1.66282121  1.56762466  1.67437258  1.66572932  1.67003388  1.66219934  0.00000000  1.66801309  1.65582262  1.65706580  1.65846891
16    1.66846228  1.23179329  1.64724567  1.35751577  1.22467220  1.04013658  1.66575616  0.95191065  1.22709688  1.26267710  1.20410782  0.66147229  1.36300036  1.20646424  1.33102043  1.66801309  0.00000000  1.06534892  1.50599988  1.19979228
17    1.65564330  1.21741082  1.66404953  1.39748654  0.80053828  1.24316642  1.65672359  0.65452248  1.16022218  1.21725631  1.08692645  1.26105083  1.35846708  1.30256512  1.40471352  1.65582262  1.06534892  0.00000000  1.53409781  0.86021541
18    1.66292229  1.52978381  0.91526667  0.94994858  1.53555673  1.52250345  1.62764016  1.53305906  1.53359110  1.45058731  1.54925470  1.49199117  1.42876641  1.47421354  1.38619031  1.65706580  1.50599988  1.53409781  0.00000000  1.53379683
19    1.65831888  1.21376966  1.66539528  1.39545444  0.16954461  1.07258589  1.65922274  1.17290261  1.14393439  1.26657445  1.23344037  1.21371324  1.35640087  1.26866798  1.38077533  1.65846891  1.19979228  0.86021541  1.53379683  0.00000000

--------------------------------------------------------------------------------
n=19
(result of R-step: (0,6:15)0.83400993)
V=[0, 1, 2, 3, 4, 5, 6, 7, 8, 9, 10, 11, 12, 13, 14, 16, 17, 18, 19]
total successes of this branch: 3
Matrix on 19 elements:

0    0.00000000  1.43571571  1.41181985  1.43260087  1.41469950  1.43433887  0.73958042  1.41465206  1.42185537  1.42220670  1.31980315  1.43413745  1.42816898  1.43116037  1.42569512  1.42749077  1.41467179  1.42195077  1.41734737
1    1.43571571  0.00000000  1.66975038  1.38264446  1.21301557  1.21860870  1.43482968  1.22054024  1.17024484  1.28876974  1.27742774  1.23761907  1.08388357  1.14920322  1.29629964  1.23179329  1.21741082  1.52978381  1.21376966
2    1.41181985  1.66975038  0.00000000  1.62671653  1.66901503  1.64216711  1.34866860  1.66051409  1.66926542  1.64628873  1.65955096  1.64037652  1.39931542  1.51705876  1.29220249  1.64724567  1.66404953  0.91526667  1.66539528
3    1.43260087  1.38264446  1.62671653  0.00000000  1.39525918  1.39670745  1.42661606  1.39907242  1.39096396  1.24485689  1.43330616  1.33600161  1.45972665  1.42917265  1.48499468  1.35751577  1.39748654  0.94994858  1.39545444
4    1.41469950  1.21301557  1.66901503  1.39525918  0.00000000  1.23928945  1.41640391  1.16152289  1.13017208  1.25990226  1.22314962  1.25736503  1.35702812  1.29994412  1.40423632  1.22467220  0.80053828  1.53555673  0.16954461
5    1.43433887  1.21860870  1.64216711  1.39670745  1.23928945  0.00000000  1.43010554  1.24592682  1.23224780  1.30939024  1.29947657  0.93359758  1.35237580  1.06796742  1.23022499  1.04013658  1.24316642  1.52250345  1.07258589
6    0.73958042  1.43482968  1.34866860  1.42661606  1.41640391  1.43010554  0.00000000  1.41528797  1.42267775  1.42005595  1.36107070  1.42970114  1.40761852  1.41852105  1.39878212  1.42478465  1.41575208  1.38666865  1.41825122
7    1.41465206  1.22054024  1.66051409  1.39907242  1.16152289  1.24592682  1.41528797  0.00000000  1.18161787  1.18689236  0.98993547  1.26367511  1.35949162  1.30443127  1.40505329  0.95191065  0.65452248  1.53305906  1.17290261
8    1.42185537  1.17024484  1.66926542  1.39096396  1.13017208  1.23224780  1.42267775  1.18161787  0.00000000  1.26973143  1.24163093  1.25064167  1.32784420  1.28149558  1.39107173  1.22709688  1.16022218  1.53359110  1.14393439
9    1.42220670  1.28876974  1.64628873  1.24485689  1.25990226  1.30939024  1.42005595  1.18689236  1.26973143  0.00000000  1.24629144  1.30191136  1.40168044  1.35693479  1.43870054  1.26267710  1.21725631  1.45058731  1.26657445
10    1.31980315  1.27742774  1.65955096  1.43330616  1.22314962  1.29947657  1.36107070  0.98993547  1.24163093  1.24629144  0.00000000  1.31498629  1.39810888  1.35028834  1.43767990  1.20410782  1.08692645  1.54925470  1.23344037
11    1.43413745  1.23761907  1.64037652  1.33600161  1.25736503  0.93359758  1.42970114  1.26367511  1.25064167  1.30191136  1.31498629  0.00000000  1.36481686  1.15574605  1.29269311  0.66147229  1.26105083  1.49199117  1.21371324
12    1.42816898  1.08388357  1.39931542  1.45972665  1.35702812  1.35237580  1.40761852  1.35949162  1.32784420  1.40168044  1.39810888  1.36481686  0.00000000  1.05017730  1.14883689  1.36300036  1.35846708  1.42876641  1.35640087
13    1.43116037  1.14920322  1.51705876  1.42917265  1.29994412  1.06796742  1.41852105  1.30443127  1.28149558  1.35693479  1.35028834  1.15574605  1.05017730  0.00000000  0.94619005  1.20646424  1.30256512  1.47421354  1.26866798
14    1.42569512  1.29629964  1.29220249  1.48499468  1.40423632  1.23022499  1.39878212  1.40505329  1.39107173  1.43870054  1.43767990  1.29269311  1.14883689  0.94619005  0.00000000  1.33102043  1.40471352  1.38619031  1.38077533
16    1.42749077  1.23179329  1.64724567  1.35751577  1.22467220  1.04013658  1.42478465  0.95191065  1.22709688  1.26267710  1.20410782  0.66147229  1.36300036  1.20646424  1.33102043  0.00000000  1.06534892  1.50599988  1.19979228
17    1.41467179  1.21741082  1.66404953  1.39748654  0.80053828  1.24316642  1.41575208  0.65452248  1.16022218  1.21725631  1.08692645  1.26105083  1.35846708  1.30256512  1.40471352  1.06534892  0.00000000  1.53409781  0.86021541
18    1.42195077  1.52978381  0.91526667  0.94994858  1.53555673  1.52250345  1.38666865  1.53305906  1.53359110  1.45058731  1.54925470  1.49199117  1.42876641  1.47421354  1.38619031  1.50599988  1.53409781  0.00000000  1.53379683
19    1.41734737  1.21376966  1.66539528  1.39545444  0.16954461  1.07258589  1.41825122  1.17290261  1.14393439  1.26657445  1.23344037  1.21371324  1.35640087  1.26866798  1.38077533  1.19979228  0.86021541  1.53379683  0.00000000

--------------------------------------------------------------------------------
n=18
(result of R-step: (2,3:18)0.51249152)
V=[0, 1, 2, 3, 4, 5, 6, 7, 8, 9, 10, 11, 12, 13, 14, 16, 17, 19]
total successes of this branch: 3
Matrix on 18 elements:

0    0.00000000  1.43571571  1.29257049  1.31335151  1.41469950  1.43433887  0.73958042  1.41465206  1.42185537  1.42220670  1.31980315  1.43413745  1.42816898  1.43116037  1.42569512  1.42749077  1.41467179  1.41734737
1    1.43571571  0.00000000  1.55050102  1.26339510  1.21301557  1.21860870  1.43482968  1.22054024  1.17024484  1.28876974  1.27742774  1.23761907  1.08388357  1.14920322  1.29629964  1.23179329  1.21741082  1.21376966
2    1.29257049  1.55050102  0.00000000  1.38821780  1.54976567  1.52291775  1.22941924  1.54126473  1.55001605  1.52703937  1.54030160  1.52112715  1.28006606  1.39780940  1.17295313  1.52799631  1.54480017  1.54614591
3    1.31335151  1.26339510  1.38821780  0.00000000  1.27600982  1.27745809  1.30736670  1.27982306  1.27171460  1.12560753  1.31405679  1.21675225  1.34047729  1.30992329  1.36574531  1.23826641  1.27823718  1.27620508
4    1.41469950  1.21301557  1.54976567  1.27600982  0.00000000  1.23928945  1.41640391  1.16152289  1.13017208  1.25990226  1.22314962  1.25736503  1.35702812  1.29994412  1.40423632  1.22467220  0.80053828  0.16954461
5    1.43433887  1.21860870  1.52291775  1.27745809  1.23928945  0.00000000  1.43010554  1.24592682  1.23224780  1.30939024  1.29947657  0.93359758  1.35237580  1.06796742  1.23022499  1.04013658  1.24316642  1.07258589
6    0.73958042  1.43482968  1.22941924  1.30736670  1.41640391  1.43010554  0.00000000  1.41528797  1.42267775  1.42005595  1.36107070  1.42970114  1.40761852  1.41852105  1.39878212  1.42478465  1.41575208  1.41825122
7    1.41465206  1.22054024  1.54126473  1.27982306  1.16152289  1.24592682  1.41528797  0.00000000  1.18161787  1.18689236  0.98993547  1.26367511  1.35949162  1.30443127  1.40505329  0.95191065  0.65452248  1.17290261
8    1.42185537  1.17024484  1.55001605  1.27171460  1.13017208  1.23224780  1.42267775  1.18161787  0.00000000  1.26973143  1.24163093  1.25064167  1.32784420  1.28149558  1.39107173  1.22709688  1.16022218  1.14393439
9    1.42220670  1.28876974  1.52703937  1.12560753  1.25990226  1.30939024  1.42005595  1.18689236  1.26973143  0.00000000  1.24629144  1.30191136  1.40168044  1.35693479  1.43870054  1.26267710  1.21725631  1.26657445
10    1.31980315  1.27742774  1.54030160  1.31405679  1.22314962  1.29947657  1.36107070  0.98993547  1.24163093  1.24629144  0.00000000  1.31498629  1.39810888  1.35028834  1.43767990  1.20410782  1.08692645  1.23344037
11    1.43413745  1.23761907  1.52112715  1.21675225  1.25736503  0.93359758  1.42970114  1.26367511  1.25064167  1.30191136  1.31498629  0.00000000  1.36481686  1.15574605  1.29269311  0.66147229  1.26105083  1.21371324
12    1.42816898  1.08388357  1.28006606  1.34047729  1.35702812  1.35237580  1.40761852  1.35949162  1.32784420  1.40168044  1.39810888  1.36481686  0.00000000  1.05017730  1.14883689  1.36300036  1.35846708  1.35640087
13    1.43116037  1.14920322  1.39780940  1.30992329  1.29994412  1.06796742  1.41852105  1.30443127  1.28149558  1.35693479  1.35028834  1.15574605  1.05017730  0.00000000  0.94619005  1.20646424  1.30256512  1.26866798
14    1.42569512  1.29629964  1.17295313  1.36574531  1.40423632  1.23022499  1.39878212  1.40505329  1.39107173  1.43870054  1.43767990  1.29269311  1.14883689  0.94619005  0.00000000  1.33102043  1.40471352  1.38077533
16    1.42749077  1.23179329  1.52799631  1.23826641  1.22467220  1.04013658  1.42478465  0.95191065  1.22709688  1.26267710  1.20410782  0.66147229  1.36300036  1.20646424  1.33102043  0.00000000  1.06534892  1.19979228
17    1.41467179  1.21741082  1.54480017  1.27823718  0.80053828  1.24316642  1.41575208  0.65452248  1.16022218  1.21725631  1.08692645  1.26105083  1.35846708  1.30256512  1.40471352  1.06534892  0.00000000  0.86021541
19    1.41734737  1.21376966  1.54614591  1.27620508  0.16954461  1.07258589  1.41825122  1.17290261  1.14393439  1.26657445  1.23344037  1.21371324  1.35640087  1.26866798  1.38077533  1.19979228  0.86021541  0.00000000

--------------------------------------------------------------------------------
n=17
(result of R-step: (2,13:14)0.28258039)
V=[0, 1, 2, 3, 4, 5, 6, 7, 8, 9, 10, 11, 12, 13, 16, 17, 19]
total successes of this branch: 3
Matrix on 17 elements:

0    0.00000000  1.43571571  1.05115296  1.31335151  1.41469950  1.43433887  0.73958042  1.41465206  1.42185537  1.42220670  1.31980315  1.43413745  1.42816898  1.07049348  1.42749077  1.41467179  1.41734737
1    1.43571571  0.00000000  1.30908350  1.26339510  1.21301557  1.21860870  1.43482968  1.22054024  1.17024484  1.28876974  1.27742774  1.23761907  1.08388357  0.78853634  1.23179329  1.21741082  1.21376966
2    1.05115296  1.30908350  0.00000000  1.14680028  1.30834815  1.28150022  0.98800172  1.29984720  1.30859853  1.28562185  1.29888408  1.27970963  1.03864854  0.79572499  1.28657878  1.30338265  1.30472839
3    1.31335151  1.26339510  1.14680028  0.00000000  1.27600982  1.27745809  1.30736670  1.27982306  1.27171460  1.12560753  1.31405679  1.21675225  1.34047729  0.94925640  1.23826641  1.27823718  1.27620508
4    1.41469950  1.21301557  1.30834815  1.27600982  0.00000000  1.23928945  1.41640391  1.16152289  1.13017208  1.25990226  1.22314962  1.25736503  1.35702812  0.93927724  1.22467220  0.80053828  0.16954461
5    1.43433887  1.21860870  1.28150022  1.27745809  1.23928945  0.00000000  1.43010554  1.24592682  1.23224780  1.30939024  1.29947657  0.93359758  1.35237580  0.70730053  1.04013658  1.24316642  1.07258589
6    0.73958042  1.43482968  0.98800172  1.30736670  1.41640391  1.43010554  0.00000000  1.41528797  1.42267775  1.42005595  1.36107070  1.42970114  1.40761852  1.05785416  1.42478465  1.41575208  1.41825122
7    1.41465206  1.22054024  1.29984720  1.27982306  1.16152289  1.24592682  1.41528797  0.00000000  1.18161787  1.18689236  0.98993547  1.26367511  1.35949162  0.94376439  0.95191065  0.65452248  1.17290261
8    1.42185537  1.17024484  1.30859853  1.27171460  1.13017208  1.23224780  1.42267775  1.18161787  0.00000000  1.26973143  1.24163093  1.25064167  1.32784420  0.92082870  1.22709688  1.16022218  1.14393439
9    1.42220670  1.28876974  1.28562185  1.12560753  1.25990226  1.30939024  1.42005595  1.18689236  1.26973143  0.00000000  1.24629144  1.30191136  1.40168044  0.99626791  1.26267710  1.21725631  1.26657445
10    1.31980315  1.27742774  1.29888408  1.31405679  1.22314962  1.29947657  1.36107070  0.98993547  1.24163093  1.24629144  0.00000000  1.31498629  1.39810888  0.98962146  1.20410782  1.08692645  1.23344037
11    1.43413745  1.23761907  1.27970963  1.21675225  1.25736503  0.93359758  1.42970114  1.26367511  1.25064167  1.30191136  1.31498629  0.00000000  1.36481686  0.79507916  0.66147229  1.26105083  1.21371324
12    1.42816898  1.08388357  1.03864854  1.34047729  1.35702812  1.35237580  1.40761852  1.35949162  1.32784420  1.40168044  1.39810888  1.36481686  0.00000000  0.68951041  1.36300036  1.35846708  1.35640087
13    1.07049348  0.78853634  0.79572499  0.94925640  0.93927724  0.70730053  1.05785416  0.94376439  0.92082870  0.99626791  0.98962146  0.79507916  0.68951041  0.00000000  0.84579736  0.94189823  0.90800109
16    1.42749077  1.23179329  1.28657878  1.23826641  1.22467220  1.04013658  1.42478465  0.95191065  1.22709688  1.26267710  1.20410782  0.66147229  1.36300036  0.84579736  0.00000000  1.06534892  1.19979228
17    1.41467179  1.21741082  1.30338265  1.27823718  0.80053828  1.24316642  1.41575208  0.65452248  1.16022218  1.21725631  1.08692645  1.26105083  1.35846708  0.94189823  1.06534892  0.00000000  0.86021541
19    1.41734737  1.21376966  1.30472839  1.27620508  0.16954461  1.07258589  1.41825122  1.17290261  1.14393439  1.26657445  1.23344037  1.21371324  1.35640087  0.90800109  1.19979228  0.86021541  0.00000000

--------------------------------------------------------------------------------
n=16
(result of R-step: (4,5:19)0.86517548)
V=[0, 1, 2, 3, 4, 5, 6, 7, 8, 9, 10, 11, 12, 13, 16, 17]
total successes of this branch: 3
Matrix on 16 elements:

0    0.00000000  1.43571571  1.05115296  1.31335151  1.41327897  1.43291835  0.73958042  1.41465206  1.42185537  1.42220670  1.31980315  1.43413745  1.42816898  1.07049348  1.42749077  1.41467179
1    1.43571571  0.00000000  1.30908350  1.26339510  1.21159505  1.21718817  1.43482968  1.22054024  1.17024484  1.28876974  1.27742774  1.23761907  1.08388357  0.78853634  1.23179329  1.21741082
2    1.05115296  1.30908350  0.00000000  1.14680028  1.30692762  1.28007970  0.98800172  1.29984720  1.30859853  1.28562185  1.29888408  1.27970963  1.03864854  0.79572499  1.28657878  1.30338265
3    1.31335151  1.26339510  1.14680028  0.00000000  1.27458929  1.27603756  1.30736670  1.27982306  1.27171460  1.12560753  1.31405679  1.21675225  1.34047729  0.94925640  1.23826641  1.27823718
4    1.41327897  1.21159505  1.30692762  1.27458929  0.00000000  1.23644839  1.41498338  1.16010236  1.12875156  1.25848173  1.22172909  1.25594450  1.35560759  0.93785671  1.22325168  0.79911776
5    1.43291835  1.21718817  1.28007970  1.27603756  1.23644839  0.00000000  1.42868502  1.24450630  1.23082727  1.30796971  1.29805604  0.93217705  1.35095527  0.70588001  1.03871605  1.24174589
6    0.73958042  1.43482968  0.98800172  1.30736670  1.41498338  1.42868502  0.00000000  1.41528797  1.42267775  1.42005595  1.36107070  1.42970114  1.40761852  1.05785416  1.42478465  1.41575208
7    1.41465206  1.22054024  1.29984720  1.27982306  1.16010236  1.24450630  1.41528797  0.00000000  1.18161787  1.18689236  0.98993547  1.26367511  1.35949162  0.94376439  0.95191065  0.65452248
8    1.42185537  1.17024484  1.30859853  1.27171460  1.12875156  1.23082727  1.42267775  1.18161787  0.00000000  1.26973143  1.24163093  1.25064167  1.32784420  0.92082870  1.22709688  1.16022218
9    1.42220670  1.28876974  1.28562185  1.12560753  1.25848173  1.30796971  1.42005595  1.18689236  1.26973143  0.00000000  1.24629144  1.30191136  1.40168044  0.99626791  1.26267710  1.21725631
10    1.31980315  1.27742774  1.29888408  1.31405679  1.22172909  1.29805604  1.36107070  0.98993547  1.24163093  1.24629144  0.00000000  1.31498629  1.39810888  0.98962146  1.20410782  1.08692645
11    1.43413745  1.23761907  1.27970963  1.21675225  1.25594450  0.93217705  1.42970114  1.26367511  1.25064167  1.30191136  1.31498629  0.00000000  1.36481686  0.79507916  0.66147229  1.26105083
12    1.42816898  1.08388357  1.03864854  1.34047729  1.35560759  1.35095527  1.40761852  1.35949162  1.32784420  1.40168044  1.39810888  1.36481686  0.00000000  0.68951041  1.36300036  1.35846708
13    1.07049348  0.78853634  0.79572499  0.94925640  0.93785671  0.70588001  1.05785416  0.94376439  0.92082870  0.99626791  0.98962146  0.79507916  0.68951041  0.00000000  0.84579736  0.94189823
16    1.42749077  1.23179329  1.28657878  1.23826641  1.22325168  1.03871605  1.42478465  0.95191065  1.22709688  1.26267710  1.20410782  0.66147229  1.36300036  0.84579736  0.00000000  1.06534892
17    1.41467179  1.21741082  1.30338265  1.27823718  0.79911776  1.24174589  1.41575208  0.65452248  1.16022218  1.21725631  1.08692645  1.26105083  1.35846708  0.94189823  1.06534892  0.00000000

--------------------------------------------------------------------------------
n=15
(result of R-step: (4,7:17)0.41588806)
V=[0, 1, 2, 3, 4, 5, 6, 7, 8, 9, 10, 11, 12, 13, 16]
total successes of this branch: 3
Matrix on 15 elements:

0    0.00000000  1.43571571  1.05115296  1.31335151  1.26793056  1.43291835  0.73958042  1.26788312  1.42185537  1.42220670  1.31980315  1.43413745  1.42816898  1.07049348  1.42749077
1    1.43571571  0.00000000  1.30908350  1.26339510  1.06624664  1.21718817  1.43482968  1.07377131  1.17024484  1.28876974  1.27742774  1.23761907  1.08388357  0.78853634  1.23179329
2    1.05115296  1.30908350  0.00000000  1.14680028  1.16157921  1.28007970  0.98800172  1.15307827  1.30859853  1.28562185  1.29888408  1.27970963  1.03864854  0.79572499  1.28657878
3    1.31335151  1.26339510  1.14680028  0.00000000  1.12924088  1.27603756  1.30736670  1.13305412  1.27171460  1.12560753  1.31405679  1.21675225  1.34047729  0.94925640  1.23826641
4    1.26793056  1.06624664  1.16157921  1.12924088  0.00000000  1.09109998  1.26963497  0.86798501  0.98340315  1.11313332  1.07638068  1.11059609  1.21025918  0.79250830  1.07790327
5    1.43291835  1.21718817  1.28007970  1.27603756  1.09109998  0.00000000  1.42868502  1.09773736  1.23082727  1.30796971  1.29805604  0.93217705  1.35095527  0.70588001  1.03871605
6    0.73958042  1.43482968  0.98800172  1.30736670  1.26963497  1.42868502  0.00000000  1.26851904  1.42267775  1.42005595  1.36107070  1.42970114  1.40761852  1.05785416  1.42478465
7    1.26788312  1.07377131  1.15307827  1.13305412  0.86798501  1.09773736  1.26851904  0.00000000  1.03484893  1.04012343  0.84316653  1.11690618  1.21272268  0.79699545  0.80514171
8    1.42185537  1.17024484  1.30859853  1.27171460  0.98340315  1.23082727  1.42267775  1.03484893  0.00000000  1.26973143  1.24163093  1.25064167  1.32784420  0.92082870  1.22709688
9    1.42220670  1.28876974  1.28562185  1.12560753  1.11313332  1.30796971  1.42005595  1.04012343  1.26973143  0.00000000  1.24629144  1.30191136  1.40168044  0.99626791  1.26267710
10    1.31980315  1.27742774  1.29888408  1.31405679  1.07638068  1.29805604  1.36107070  0.84316653  1.24163093  1.24629144  0.00000000  1.31498629  1.39810888  0.98962146  1.20410782
11    1.43413745  1.23761907  1.27970963  1.21675225  1.11059609  0.93217705  1.42970114  1.11690618  1.25064167  1.30191136  1.31498629  0.00000000  1.36481686  0.79507916  0.66147229
12    1.42816898  1.08388357  1.03864854  1.34047729  1.21025918  1.35095527  1.40761852  1.21272268  1.32784420  1.40168044  1.39810888  1.36481686  0.00000000  0.68951041  1.36300036
13    1.07049348  0.78853634  0.79572499  0.94925640  0.79250830  0.70588001  1.05785416  0.79699545  0.92082870  0.99626791  0.98962146  0.79507916  0.68951041  0.00000000  0.84579736
16    1.42749077  1.23179329  1.28657878  1.23826641  1.07790327  1.03871605  1.42478465  0.80514171  1.22709688  1.26267710  1.20410782  0.66147229  1.36300036  0.84579736  0.00000000

--------------------------------------------------------------------------------
n=14
(result of R-step: (5,12:13)0.48483642)
V=[0, 1, 2, 3, 4, 5, 6, 7, 8, 9, 10, 11, 12, 16]
total successes of this branch: 3
Matrix on 14 elements:

0    0.00000000  1.43571571  1.05115296  1.31335151  1.26793056  1.05145441  0.73958042  1.26788312  1.42185537  1.42220670  1.31980315  1.43413745  1.04528452  1.42749077
1    1.43571571  0.00000000  1.30908350  1.26339510  1.06624664  0.83572424  1.43482968  1.07377131  1.17024484  1.28876974  1.27742774  1.23761907  0.70099911  1.23179329
2    1.05115296  1.30908350  0.00000000  1.14680028  1.16157921  0.89861576  0.98800172  1.15307827  1.30859853  1.28562185  1.29888408  1.27970963  0.65576408  1.28657878
3    1.31335151  1.26339510  1.14680028  0.00000000  1.12924088  0.89457363  1.30736670  1.13305412  1.27171460  1.12560753  1.31405679  1.21675225  0.95759283  1.23826641
4    1.26793056  1.06624664  1.16157921  1.12924088  0.00000000  0.70963605  1.26963497  0.86798501  0.98340315  1.11313332  1.07638068  1.11059609  0.82737472  1.07790327
5    1.05145441  0.83572424  0.89861576  0.89457363  0.70963605  0.00000000  1.04722108  0.71627342  0.84936334  0.92650578  0.91659211  0.55071312  0.58660687  0.65725212
6    0.73958042  1.43482968  0.98800172  1.30736670  1.26963497  1.04722108  0.00000000  1.26851904  1.42267775  1.42005595  1.36107070  1.42970114  1.02473406  1.42478465
7    1.26788312  1.07377131  1.15307827  1.13305412  0.86798501  0.71627342  1.26851904  0.00000000  1.03484893  1.04012343  0.84316653  1.11690618  0.82983822  0.80514171
8    1.42185537  1.17024484  1.30859853  1.27171460  0.98340315  0.84936334  1.42267775  1.03484893  0.00000000  1.26973143  1.24163093  1.25064167  0.94495974  1.22709688
9    1.42220670  1.28876974  1.28562185  1.12560753  1.11313332  0.92650578  1.42005595  1.04012343  1.26973143  0.00000000  1.24629144  1.30191136  1.01879598  1.26267710
10    1.31980315  1.27742774  1.29888408  1.31405679  1.07638068  0.91659211  1.36107070  0.84316653  1.24163093  1.24629144  0.00000000  1.31498629  1.01522442  1.20410782
11    1.43413745  1.23761907  1.27970963  1.21675225  1.11059609  0.55071312  1.42970114  1.11690618  1.25064167  1.30191136  1.31498629  0.00000000  0.98193240  0.66147229
12    1.04528452  0.70099911  0.65576408  0.95759283  0.82737472  0.58660687  1.02473406  0.82983822  0.94495974  1.01879598  1.01522442  0.98193240  0.00000000  0.98011590
16    1.42749077  1.23179329  1.28657878  1.23826641  1.07790327  0.65725212  1.42478465  0.80514171  1.22709688  1.26267710  1.20410782  0.66147229  0.98011590  0.00000000

--------------------------------------------------------------------------------
n=13
(result of R-step: (1,2:12)0.68418264)
V=[0, 1, 2, 3, 4, 5, 6, 7, 8, 9, 10, 11, 16]
total successes of this branch: 3
Matrix on 13 elements:

0    0.00000000  1.02899140  1.00509554  1.31335151  1.26793056  1.05145441  0.73958042  1.26788312  1.42185537  1.42220670  1.31980315  1.43413745  1.42749077
1    1.02899140  0.00000000  0.85630177  0.85667079  0.65952233  0.42899993  1.02810537  0.66704700  0.76352053  0.88204544  0.87070343  0.83089476  0.82506898
2    1.00509554  0.85630177  0.00000000  1.10074286  1.11552179  0.85255834  0.94194430  1.10702084  1.26254111  1.23956442  1.25282666  1.23365221  1.24052136
3    1.31335151  0.85667079  1.10074286  0.00000000  1.12924088  0.89457363  1.30736670  1.13305412  1.27171460  1.12560753  1.31405679  1.21675225  1.23826641
4    1.26793056  0.65952233  1.11552179  1.12924088  0.00000000  0.70963605  1.26963497  0.86798501  0.98340315  1.11313332  1.07638068  1.11059609  1.07790327
5    1.05145441  0.42899993  0.85255834  0.89457363  0.70963605  0.00000000  1.04722108  0.71627342  0.84936334  0.92650578  0.91659211  0.55071312  0.65725212
6    0.73958042  1.02810537  0.94194430  1.30736670  1.26963497  1.04722108  0.00000000  1.26851904  1.42267775  1.42005595  1.36107070  1.42970114  1.42478465
7    1.26788312  0.66704700  1.10702084  1.13305412  0.86798501  0.71627342  1.26851904  0.00000000  1.03484893  1.04012343  0.84316653  1.11690618  0.80514171
8    1.42185537  0.76352053  1.26254111  1.27171460  0.98340315  0.84936334  1.42267775  1.03484893  0.00000000  1.26973143  1.24163093  1.25064167  1.22709688
9    1.42220670  0.88204544  1.23956442  1.12560753  1.11313332  0.92650578  1.42005595  1.04012343  1.26973143  0.00000000  1.24629144  1.30191136  1.26267710
10    1.31980315  0.87070343  1.25282666  1.31405679  1.07638068  0.91659211  1.36107070  0.84316653  1.24163093  1.24629144  0.00000000  1.31498629  1.20410782
11    1.43413745  0.83089476  1.23365221  1.21675225  1.11059609  0.55071312  1.42970114  1.11690618  1.25064167  1.30191136  1.31498629  0.00000000  0.66147229
16    1.42749077  0.82506898  1.24052136  1.23826641  1.07790327  0.65725212  1.42478465  0.80514171  1.22709688  1.26267710  1.20410782  0.66147229  0.00000000

--------------------------------------------------------------------------------
n=12
(result of R-step: (1,4:8)0.34049275)
V=[0, 1, 2, 3, 4, 5, 6, 7, 9, 10, 11, 16]
total successes of this branch: 3
Matrix on 12 elements:

0    0.00000000  0.89201503  1.00509554  1.31335151  0.87099882  1.05145441  0.73958042  1.26788312  1.42220670  1.31980315  1.43413745  1.42749077
1    0.89201503  0.00000000  0.71932540  0.71969442  0.12561422  0.29202356  0.89112900  0.53007063  0.74506907  0.73372706  0.69391839  0.68809261
2    1.00509554  0.71932540  0.00000000  1.10074286  0.71859005  0.85255834  0.94194430  1.10702084  1.23956442  1.25282666  1.23365221  1.24052136
3    1.31335151  0.71969442  1.10074286  0.00000000  0.73230914  0.89457363  1.30736670  1.13305412  1.12560753  1.31405679  1.21675225  1.23826641
4    0.87099882  0.12561422  0.71859005  0.73230914  0.00000000  0.31270431  0.87270323  0.47105328  0.71620158  0.67944895  0.71366435  0.68097153
5    1.05145441  0.29202356  0.85255834  0.89457363  0.31270431  0.00000000  1.04722108  0.71627342  0.92650578  0.91659211  0.55071312  0.65725212
6    0.73958042  0.89112900  0.94194430  1.30736670  0.87270323  1.04722108  0.00000000  1.26851904  1.42005595  1.36107070  1.42970114  1.42478465
7    1.26788312  0.53007063  1.10702084  1.13305412  0.47105328  0.71627342  1.26851904  0.00000000  1.04012343  0.84316653  1.11690618  0.80514171
9    1.42220670  0.74506907  1.23956442  1.12560753  0.71620158  0.92650578  1.42005595  1.04012343  0.00000000  1.24629144  1.30191136  1.26267710
10    1.31980315  0.73372706  1.25282666  1.31405679  0.67944895  0.91659211  1.36107070  0.84316653  1.24629144  0.00000000  1.31498629  1.20410782
11    1.43413745  0.69391839  1.23365221  1.21675225  0.71366435  0.55071312  1.42970114  1.11690618  1.30191136  1.31498629  0.00000000  0.66147229
16    1.42749077  0.68809261  1.24052136  1.23826641  0.68097153  0.65725212  1.42478465  0.80514171  1.26267710  1.20410782  0.66147229  0.00000000

--------------------------------------------------------------------------------
n=11
(result of R-step: (7,11:16)0.34111119)
V=[0, 1, 2, 3, 4, 5, 6, 7, 9, 10, 11]
total successes of this branch: 3
Matrix on 11 elements:

0    0.00000000  0.89201503  1.00509554  1.31335151  0.87099882  1.05145441  0.73958042  1.23979815  1.42220670  1.31980315  1.25928354
1    0.89201503  0.00000000  0.71932540  0.71969442  0.12561422  0.29202356  0.89112900  0.50198566  0.74506907  0.73372706  0.51906448
2    1.00509554  0.71932540  0.00000000  1.10074286  0.71859005  0.85255834  0.94194430  1.07893587  1.23956442  1.25282666  1.05879830
3    1.31335151  0.71969442  1.10074286  0.00000000  0.73230914  0.89457363  1.30736670  1.10496915  1.12560753  1.31405679  1.04189834
4    0.87099882  0.12561422  0.71859005  0.73230914  0.00000000  0.31270431  0.87270323  0.44296830  0.71620158  0.67944895  0.53881044
5    1.05145441  0.29202356  0.85255834  0.89457363  0.31270431  0.00000000  1.04722108  0.68818845  0.92650578  0.91659211  0.37585921
6    0.73958042  0.89112900  0.94194430  1.30736670  0.87270323  1.04722108  0.00000000  1.24043406  1.42005595  1.36107070  1.25484723
7    1.23979815  0.50198566  1.07893587  1.10496915  0.44296830  0.68818845  1.24043406  0.00000000  1.01203846  0.81508156  0.91396729
9    1.42220670  0.74506907  1.23956442  1.12560753  0.71620158  0.92650578  1.42005595  1.01203846  0.00000000  1.24629144  1.12705745
10    1.31980315  0.73372706  1.25282666  1.31405679  0.67944895  0.91659211  1.36107070  0.81508156  1.24629144  0.00000000  1.14013239
11    1.25928354  0.51906448  1.05879830  1.04189834  0.53881044  0.37585921  1.25484723  0.91396729  1.12705745  1.14013239  0.00000000

--------------------------------------------------------------------------------
n=10
(result of R-step: (0,7:10)0.12471308)
V=[0, 1, 2, 3, 4, 5, 6, 7, 9, 11]
total successes of this branch: 3
Matrix on 10 elements:

0    0.00000000  0.68544327  0.79852377  1.10677974  0.66442706  0.84488264  0.53300865  0.76053701  1.21563493  1.05271178
1    0.68544327  0.00000000  0.71932540  0.71969442  0.12561422  0.29202356  0.89112900  0.22929629  0.74506907  0.51906448
2    0.79852377  0.71932540  0.00000000  1.10074286  0.71859005  0.85255834  0.94194430  0.80624650  1.23956442  1.05879830
3    1.10677974  0.71969442  1.10074286  0.00000000  0.73230914  0.89457363  1.30736670  0.83227978  1.12560753  1.04189834
4    0.66442706  0.12561422  0.71859005  0.73230914  0.00000000  0.31270431  0.87270323  0.17027894  0.71620158  0.53881044
5    0.84488264  0.29202356  0.85255834  0.89457363  0.31270431  0.00000000  1.04722108  0.41549908  0.92650578  0.37585921
6    0.53300865  0.89112900  0.94194430  1.30736670  0.87270323  1.04722108  0.00000000  0.96774469  1.42005595  1.25484723
7    0.76053701  0.22929629  0.80624650  0.83227978  0.17027894  0.41549908  0.96774469  0.00000000  0.73934909  0.64127792
9    1.21563493  0.74506907  1.23956442  1.12560753  0.71620158  0.92650578  1.42005595  0.73934909  0.00000000  1.12705745
11    1.05271178  0.51906448  1.05879830  1.04189834  0.53881044  0.37585921  1.25484723  0.64127792  1.12705745  0.00000000

--------------------------------------------------------------------------------
n=9
(result of R-step: (3,5:11)0.11589161)
V=[0, 1, 2, 3, 4, 5, 6, 7, 9]
total successes of this branch: 3
Matrix on 9 elements:

0    0.00000000  0.68544327  0.79852377  0.78958324  0.66442706  0.79132124  0.53300865  0.76053701  1.21563493
1    0.68544327  0.00000000  0.71932540  0.40249791  0.12561422  0.23846216  0.89112900  0.22929629  0.74506907
2    0.79852377  0.71932540  0.00000000  0.78354635  0.71859005  0.79899693  0.94194430  0.80624650  1.23956442
3    0.78958324  0.40249791  0.78354635  0.00000000  0.41511264  0.52381572  0.99017019  0.51508327  0.80841103
4    0.66442706  0.12561422  0.71859005  0.41511264  0.00000000  0.25914290  0.87270323  0.17027894  0.71620158
5    0.79132124  0.23846216  0.79899693  0.52381572  0.25914290  0.00000000  0.99365968  0.36193768  0.87294437
6    0.53300865  0.89112900  0.94194430  0.99017019  0.87270323  0.99365968  0.00000000  0.96774469  1.42005595
7    0.76053701  0.22929629  0.80624650  0.51508327  0.17027894  0.36193768  0.96774469  0.00000000  0.73934909
9    1.21563493  0.74506907  1.23956442  0.80841103  0.71620158  0.87294437  1.42005595  0.73934909  0.00000000

--------------------------------------------------------------------------------
n=8
(result of R-step: (3,7:9)0.42089898)
V=[0, 1, 2, 3, 4, 5, 6, 7]
total successes of this branch: 3
Matrix on 8 elements:

0    0.00000000  0.68544327  0.79852377  0.70969069  0.66442706  0.79132124  0.53300865  0.69174187
1    0.68544327  0.00000000  0.71932540  0.32260536  0.12561422  0.23846216  0.89112900  0.16050115
2    0.79852377  0.71932540  0.00000000  0.70365380  0.71859005  0.79899693  0.94194430  0.73745136
3    0.70969069  0.32260536  0.70365380  0.00000000  0.33522009  0.44392317  0.91027764  0.36639558
4    0.66442706  0.12561422  0.71859005  0.33522009  0.00000000  0.25914290  0.87270323  0.10148380
5    0.79132124  0.23846216  0.79899693  0.44392317  0.25914290  0.00000000  0.99365968  0.29314254
6    0.53300865  0.89112900  0.94194430  0.91027764  0.87270323  0.99365968  0.00000000  0.89894955
7    0.69174187  0.16050115  0.73745136  0.36639558  0.10148380  0.29314254  0.89894955  0.00000000

--------------------------------------------------------------------------------
n=7
(result of R-step: (2,4:7)0.01647492)
V=[0, 1, 2, 3, 4, 5, 6]
total successes of this branch: 3
Matrix on 7 elements:

0    0.00000000  0.68544327  0.62873711  0.70969069  0.63161676  0.79132124  0.53300865
1    0.68544327  0.00000000  0.54953874  0.32260536  0.09280393  0.23846216  0.89112900
2    0.62873711  0.54953874  0.00000000  0.53386714  0.51599309  0.62921027  0.77215763
3    0.70969069  0.32260536  0.53386714  0.00000000  0.30240979  0.44392317  0.91027764
4    0.63161676  0.09280393  0.51599309  0.30240979  0.00000000  0.22633261  0.83989293
5    0.79132124  0.23846216  0.62921027  0.44392317  0.22633261  0.00000000  0.99365968
6    0.53300865  0.89112900  0.77215763  0.91027764  0.83989293  0.99365968  0.00000000

--------------------------------------------------------------------------------
n=6
(result of R-step: (0,2:6)0.87227185)
V=[0, 1, 2, 3, 4, 5]
total successes of this branch: 3
Matrix on 6 elements:

0    0.00000000  0.55380045  0.49441916  0.57804787  0.49997394  0.65967842
1    0.55380045  0.00000000  0.54686361  0.32260536  0.09280393  0.23846216
2    0.49441916  0.54686361  0.00000000  0.53119201  0.51331796  0.62653514
3    0.57804787  0.32260536  0.53119201  0.00000000  0.30240979  0.44392317
4    0.49997394  0.09280393  0.51331796  0.30240979  0.00000000  0.22633261
5    0.65967842  0.23846216  0.62653514  0.44392317  0.22633261  0.00000000

--------------------------------------------------------------------------------
n=5
(result of R-step: (0,4:3)0.44161170)
V=[0, 1, 2, 4, 5]
total successes of this branch: 0
Matrix on 5 elements:

0    0.00000000  0.24510359  0.18572230  0.14167408  0.35098156
1    0.24510359  0.00000000  0.54686361  0.04320093  0.23846216
2    0.18572230  0.54686361  0.00000000  0.46371497  0.62653514
4    0.14167408  0.04320093  0.46371497  0.00000000  0.17672961
5    0.35098156  0.23846216  0.62653514  0.17672961  0.00000000
reason of abort: no pseudometric

--------------------------------------------------------------------------------
n=5
(result of R-step: (1,2:5)0.94238179)
V=[0, 1, 2, 3, 4]
total successes of this branch: 3
Matrix on 5 elements:

0    0.00000000  0.50198841  0.47809255  0.57804787  0.49997394
1    0.50198841  0.00000000  0.47872496  0.27079333  0.04099189
2    0.47809255  0.47872496  0.00000000  0.51486540  0.49699135
3    0.57804787  0.27079333  0.51486540  0.00000000  0.30240979
4    0.49997394  0.04099189  0.49699135  0.30240979  0.00000000

--------------------------------------------------------------------------------
n=4
(result of R-step: (0,1:3)0.49014441)
V=[0, 1, 2, 4]
total successes of this branch: 0
reason of abort: negative delta/dxy

--------------------------------------------------------------------------------
n=4
(result of R-step: (0,1:4)0.04336030)
V=[0, 1, 2, 3]
total successes of this branch: 1
Matrix on 4 elements:

0    0.00000000  0.48468786  0.46127896  0.56123428
1    0.48468786  0.00000000  0.47823799  0.27030636
2    0.46127896  0.47823799  0.00000000  0.51486540
3    0.56123428  0.27030636  0.51486540  0.00000000

--------------------------------------------------------------------------------
n=4
(result of R-step: (0,3:2)0.39695808)
V=[0, 1, 3, 4]
total successes of this branch: 1
Matrix on 4 elements:

0    0.00000000  0.48517483  0.42090594  0.48316036
1    0.48517483  0.00000000  0.13046498  0.04099189
3    0.42090594  0.13046498  0.00000000  0.16208144
4    0.48316036  0.04099189  0.16208144  0.00000000

--------------------------------------------------------------------------------
n=4
(result of R-step: (0,4:3)0.44161170)
V=[0, 1, 2, 4]
total successes of this branch: 0
Matrix on 4 elements:

0    0.00000000  0.19329155  0.16939569  0.14167408
1    0.19329155  0.00000000  0.47872496 -0.00861111
2    0.16939569  0.47872496  0.00000000  0.44738835
4    0.14167408 -0.00861111  0.44738835  0.00000000
reason of abort: no pseudometric

--------------------------------------------------------------------------------
n=4
(result of R-step: (1,2:0)0.28405899)
V=[1, 2, 3, 4]
total successes of this branch: 0
Matrix on 4 elements:

1    0.00000000  0.28528794  0.22373225 -0.00606919
2    0.28528794  0.00000000  0.36848945  0.35061541
3    0.22373225  0.36848945  0.00000000  0.30240979
4   -0.00606919  0.35061541  0.30240979  0.00000000
reason of abort: no pseudometric

--------------------------------------------------------------------------------
n=4
(result of R-step: (1,2:3)0.61375235)
V=[0, 1, 2, 4]
total successes of this branch: 1
Matrix on 4 elements:

0    0.00000000  0.50150144  0.30235342  0.49997394
1    0.50150144  0.00000000  0.30249886  0.04050492
2    0.30235342  0.30249886  0.00000000  0.32125222
4    0.49997394  0.04050492  0.32125222  0.00000000

--------------------------------------------------------------------------------
n=4
(result of R-step: (1,2:4)0.87449643)
V=[0, 1, 2, 3]
total successes of this branch: 0
reason of abort: negative delta/dxy

--------------------------------------------------------------------------------
n=4
(result of R-step: (2,4:0)0.82280065)
V=[1, 2, 3, 4]
total successes of this branch: 0
reason of abort: negative delta/dxy

--------------------------------------------------------------------------------
n=4
(result of R-step: (2,4:3)0.33011909)
V=[0, 1, 2, 4]
total successes of this branch: 0
Matrix on 4 elements:

0    0.00000000  0.50198841  0.33171661  0.46038029
1    0.50198841  0.00000000  0.33234902  0.00139824
2    0.33171661  0.33234902  0.00000000  0.31102176
4    0.46038029  0.00139824  0.31102176  0.00000000
reason of abort: no pseudometric

--------------------------------------------------------------------------------
n=4
(result of R-step: (3,4:1)0.33689205)
V=[0, 2, 3, 4]
total successes of this branch: 0
reason of abort: negative delta/dxy
