n=20
V=[0, 1, 2, 3, 4, 5, 6, 7, 8, 9, 10, 11, 12, 13, 14, 15, 16, 17, 18, 19]
total successes of this branch: 3
Matrix on 20 elements:

0    0.00000000  2.07309962  2.02718098  1.99539098  2.02324059  1.73149240  1.57673284  1.63613295  1.42774896  1.72439362  1.33671371  1.77657244  2.01844768  1.59218135  1.65990528  1.74886449  1.35729386  1.60963099  1.84104984  1.65091649
1    2.07309962  0.00000000  2.04925565  2.05768107  2.05029999  2.06822952  2.06743168  1.98064635  2.06736193  2.06170962  2.00924911  1.55760444  2.05157027  2.06455761  2.06802504  2.06711478  2.01232380  2.03124322  1.24531572  2.03498544
2    2.02718098  2.04925565  0.00000000  1.96900520  1.69392925  1.95599701  1.94433531  1.95689111  1.94331579  1.95606357  1.97863706  1.98657673  1.74126976  1.95075740  1.95300827  1.86678870  1.97745681  1.95319260  1.99520316  1.95447645
3    1.99539098  2.05768107  1.96900520  0.00000000  1.93008522  1.98144139  1.97915610  1.98855317  1.97895631  1.98197081  1.99066862  2.01077063  1.68272380  1.54641887  1.98085570  1.98071075  1.99018760  1.72195475  2.01453597  1.98376627
4    2.02324059  2.05029999  1.69392925  1.93008522  0.00000000  1.94399470  1.87551561  1.89643202  1.82298513  1.94045402  1.93566346  1.94588462  0.74013277  1.85400948  1.91547482  1.92930303  1.93609777  1.87085205  1.97458222  1.90827436
5    1.73149240  2.06822952  1.95599701  1.98144139  1.94399470  0.00000000  1.78432002  1.81829541  1.78497013  1.02467269  1.79144070  1.89862332  1.95043927  1.84188318  0.77763397  0.52679985  1.71377800  1.83251838  1.34343157  1.17112858
6    1.57673284  2.06743168  1.94433531  1.97915610  1.87551561  1.78432002  0.00000000  1.42901036  1.65192367  1.75786993  1.47471205  1.63419664  1.89335212  1.74671512  1.75311647  1.79372112  1.49085217  1.62058018  1.89091238  1.63056556
7    1.63613295  1.98064635  1.95689111  1.98855317  1.89643202  1.81829541  1.42901036  0.00000000  1.70163908  1.75446456  0.96773330  1.08742590  1.91228605  1.78475127  1.79080151  1.82643809  1.01207382  1.17574375  1.87402956  1.12837146
8    1.42774896  2.06736193  1.94331579  1.97895631  1.82298513  1.78497013  1.65192367  1.70163908  0.00000000  1.77876677  1.61690425  1.81918106  1.84982774  0.91831819  1.47435056  1.79427314  1.62566566  1.22931175  1.73432698  1.56029283
9    1.72439362  2.06170962  1.95606357  1.98197081  1.94045402  1.02467269  1.75786993  1.75446456  1.77876677  0.00000000  1.74516135  1.85321200  1.94759905  1.83763015  1.20239974  1.07939313  1.70760167  1.80461180  1.57912153  1.41114633
10    1.33671371  2.00924911  1.97863706  1.99066862  1.93566346  1.79144070  1.47471205  0.96773330  1.61690425  1.74516135  0.00000000  1.30247267  1.94512983  1.72517489  1.75030545  1.80243873  0.37933865  1.42445591  1.86382645  1.45439949
11    1.77657244  1.55760444  1.98657673  2.01077063  1.94588462  1.89862332  1.63419664  1.08742590  1.81918106  1.85321200  1.30247267  0.00000000  1.95705149  1.87468000  1.87990014  1.90379070  1.33355051  1.56212488  1.73860558  1.58025000
12    2.01844768  2.05157027  1.74126976  1.68272380  0.74013277  1.95043927  1.89335212  1.91228605  1.84982774  1.94759905  1.94512983  1.95705149  0.00000000  1.80142170  1.92672686  1.93815029  1.94540662  1.84543699  1.98145826  1.92126650
13    1.59218135  2.06455761  1.95075740  1.54641887  1.85400948  1.84188318  1.74671512  1.78475127  0.91831819  1.83763015  1.72517489  1.87468000  1.80142170  0.00000000  1.62421475  1.84827968  1.73125900  0.85980962  1.81726123  1.68491677
14    1.65990528  2.06802504  1.95300827  1.98085570  1.91547482  0.77763397  1.75311647  1.79080151  1.47435056  1.20239974  1.75030545  1.87990014  1.92672686  1.62421475  0.00000000  0.84668875  1.69959926  1.69035292  1.01411806  0.70132595
15    1.74886449  2.06711478  1.86678870  1.98071075  1.92930303  0.52679985  1.79372112  1.82643809  1.79427314  1.07939313  1.80243873  1.90379070  1.93815029  1.84827968  0.84668875  0.00000000  1.73593860  1.83960815  1.38172400  1.21715129
16    1.35729386  2.01232380  1.97745681  1.99018760  1.93609777  1.71377800  1.49085217  1.01207382  1.62566566  1.70760167  0.37933865  1.33355051  1.94540662  1.73125900  1.69959926  1.73593860  0.00000000  1.44572856  1.83669782  1.43963234
17    1.60963099  2.03124322  1.95319260  1.72195475  1.87085205  1.83251838  1.62058018  1.17574375  1.22931175  1.80461180  1.42445591  1.56212488  1.84543699  0.85980962  1.69035292  1.83960815  1.44572856  0.00000000  1.83979936  1.49576904
18    1.84104984  1.24531572  1.99520316  2.01453597  1.97458222  1.34343157  1.89091238  1.87402956  1.73432698  1.57912153  1.86382645  1.73860558  1.98145826  1.81726123  1.01411806  1.38172400  1.83669782  1.83979936  0.00000000  1.33926756
19    1.65091649  2.03498544  1.95447645  1.98376627  1.90827436  1.17112858  1.63056556  1.12837146  1.56029283  1.41114633  1.45439949  1.58025000  1.92126650  1.68491677  0.70132595  1.21715129  1.43963234  1.49576904  1.33926756  0.00000000

--------------------------------------------------------------------------------
n=19
(result of R-step: (5,10:16)0.05213085)
V=[0, 1, 2, 3, 4, 5, 6, 7, 8, 9, 10, 11, 12, 13, 14, 15, 17, 18, 19]
total successes of this branch: 3
Matrix on 19 elements:

0    0.00000000  2.07309962  2.02718098  1.99539098  2.02324059  1.58065443  1.57673284  1.63613295  1.42774896  1.72439362  1.18587574  1.77657244  2.01844768  1.59218135  1.65990528  1.74886449  1.60963099  1.84104984  1.65091649
1    2.07309962  0.00000000  2.04925565  2.05768107  2.05029999  1.91739155  2.06743168  1.98064635  2.06736193  2.06170962  1.85841113  1.55760444  2.05157027  2.06455761  2.06802504  2.06711478  2.03124322  1.24531572  2.03498544
2    2.02718098  2.04925565  0.00000000  1.96900520  1.69392925  1.80515904  1.94433531  1.95689111  1.94331579  1.95606357  1.82779908  1.98657673  1.74126976  1.95075740  1.95300827  1.86678870  1.95319260  1.99520316  1.95447645
3    1.99539098  2.05768107  1.96900520  0.00000000  1.93008522  1.83060342  1.97915610  1.98855317  1.97895631  1.98197081  1.83983064  2.01077063  1.68272380  1.54641887  1.98085570  1.98071075  1.72195475  2.01453597  1.98376627
4    2.02324059  2.05029999  1.69392925  1.93008522  0.00000000  1.79315672  1.87551561  1.89643202  1.82298513  1.94045402  1.78482548  1.94588462  0.74013277  1.85400948  1.91547482  1.92930303  1.87085205  1.97458222  1.90827436
5    1.58065443  1.91739155  1.80515904  1.83060342  1.79315672  0.00000000  1.63348204  1.66745743  1.63413215  0.87383472  1.48976475  1.74778534  1.79960129  1.69104520  0.62679599  0.37596187  1.68168040  1.19259359  1.02029060
6    1.57673284  2.06743168  1.94433531  1.97915610  1.87551561  1.63348204  0.00000000  1.42901036  1.65192367  1.75786993  1.32387407  1.63419664  1.89335212  1.74671512  1.75311647  1.79372112  1.62058018  1.89091238  1.63056556
7    1.63613295  1.98064635  1.95689111  1.98855317  1.89643202  1.66745743  1.42901036  0.00000000  1.70163908  1.75446456  0.81689532  1.08742590  1.91228605  1.78475127  1.79080151  1.82643809  1.17574375  1.87402956  1.12837146
8    1.42774896  2.06736193  1.94331579  1.97895631  1.82298513  1.63413215  1.65192367  1.70163908  0.00000000  1.77876677  1.46606627  1.81918106  1.84982774  0.91831819  1.47435056  1.79427314  1.22931175  1.73432698  1.56029283
9    1.72439362  2.06170962  1.95606357  1.98197081  1.94045402  0.87383472  1.75786993  1.75446456  1.77876677  0.00000000  1.59432338  1.85321200  1.94759905  1.83763015  1.20239974  1.07939313  1.80461180  1.57912153  1.41114633
10    1.18587574  1.85841113  1.82779908  1.83983064  1.78482548  1.48976475  1.32387407  0.81689532  1.46606627  1.59432338  0.00000000  1.15163470  1.79429186  1.57433692  1.59946748  1.65160076  1.27361794  1.71298848  1.30356152
11    1.77657244  1.55760444  1.98657673  2.01077063  1.94588462  1.74778534  1.63419664  1.08742590  1.81918106  1.85321200  1.15163470  0.00000000  1.95705149  1.87468000  1.87990014  1.90379070  1.56212488  1.73860558  1.58025000
12    2.01844768  2.05157027  1.74126976  1.68272380  0.74013277  1.79960129  1.89335212  1.91228605  1.84982774  1.94759905  1.79429186  1.95705149  0.00000000  1.80142170  1.92672686  1.93815029  1.84543699  1.98145826  1.92126650
13    1.59218135  2.06455761  1.95075740  1.54641887  1.85400948  1.69104520  1.74671512  1.78475127  0.91831819  1.83763015  1.57433692  1.87468000  1.80142170  0.00000000  1.62421475  1.84827968  0.85980962  1.81726123  1.68491677
14    1.65990528  2.06802504  1.95300827  1.98085570  1.91547482  0.62679599  1.75311647  1.79080151  1.47435056  1.20239974  1.59946748  1.87990014  1.92672686  1.62421475  0.00000000  0.84668875  1.69035292  1.01411806  0.70132595
15    1.74886449  2.06711478  1.86678870  1.98071075  1.92930303  0.37596187  1.79372112  1.82643809  1.79427314  1.07939313  1.65160076  1.90379070  1.93815029  1.84827968  0.84668875  0.00000000  1.83960815  1.38172400  1.21715129
17    1.60963099  2.03124322  1.95319260  1.72195475  1.87085205  1.68168040  1.62058018  1.17574375  1.22931175  1.80461180  1.27361794  1.56212488  1.84543699  0.85980962  1.69035292  1.83960815  0.00000000  1.83979936  1.49576904
18    1.84104984  1.24531572  1.99520316  2.01453597  1.97458222  1.19259359  1.89091238  1.87402956  1.73432698  1.57912153  1.71298848  1.73860558  1.98145826  1.81726123  1.01411806  1.38172400  1.83979936  0.00000000  1.33926756
19    1.65091649  2.03498544  1.95447645  1.98376627  1.90827436  1.02029060  1.63056556  1.12837146  1.56029283  1.41114633  1.30356152  1.58025000  1.92126650  1.68491677  0.70132595  1.21715129  1.49576904  1.33926756  0.00000000

--------------------------------------------------------------------------------
n=18
(result of R-step: (2,5:15)0.05875131)
V=[0, 1, 2, 3, 4, 5, 6, 7, 8, 9, 10, 11, 12, 13, 14, 17, 18, 19]
total successes of this branch: 3
Matrix on 18 elements:

0    0.00000000  2.07309962  1.80838521  1.99539098  2.02324059  1.51269663  1.57673284  1.63613295  1.42774896  1.72439362  1.18587574  1.77657244  2.01844768  1.59218135  1.65990528  1.60963099  1.84104984  1.65091649
1    2.07309962  0.00000000  1.83045988  2.05768107  2.05029999  1.84943376  2.06743168  1.98064635  2.06736193  2.06170962  1.85841113  1.55760444  2.05157027  2.06455761  2.06802504  2.03124322  1.24531572  2.03498544
2    1.80838521  1.83045988  0.00000000  1.75020943  1.47513348  1.51840548  1.72553955  1.73809534  1.72452002  1.73726781  1.60900331  1.76778097  1.52247400  1.73196164  1.73421250  1.73439684  1.77640739  1.73568068
3    1.99539098  2.05768107  1.75020943  0.00000000  1.93008522  1.76264563  1.97915610  1.98855317  1.97895631  1.98197081  1.83983064  2.01077063  1.68272380  1.54641887  1.98085570  1.72195475  2.01453597  1.98376627
4    2.02324059  2.05029999  1.47513348  1.93008522  0.00000000  1.72519893  1.87551561  1.89643202  1.82298513  1.94045402  1.78482548  1.94588462  0.74013277  1.85400948  1.91547482  1.87085205  1.97458222  1.90827436
5    1.51269663  1.84943376  1.51840548  1.76264563  1.72519893  0.00000000  1.56552425  1.59949964  1.56617436  0.80587693  1.42180696  1.67982755  1.73164350  1.62308741  0.55883820  1.61372261  1.12463580  0.95233281
6    1.57673284  2.06743168  1.72553955  1.97915610  1.87551561  1.56552425  0.00000000  1.42901036  1.65192367  1.75786993  1.32387407  1.63419664  1.89335212  1.74671512  1.75311647  1.62058018  1.89091238  1.63056556
7    1.63613295  1.98064635  1.73809534  1.98855317  1.89643202  1.59949964  1.42901036  0.00000000  1.70163908  1.75446456  0.81689532  1.08742590  1.91228605  1.78475127  1.79080151  1.17574375  1.87402956  1.12837146
8    1.42774896  2.06736193  1.72452002  1.97895631  1.82298513  1.56617436  1.65192367  1.70163908  0.00000000  1.77876677  1.46606627  1.81918106  1.84982774  0.91831819  1.47435056  1.22931175  1.73432698  1.56029283
9    1.72439362  2.06170962  1.73726781  1.98197081  1.94045402  0.80587693  1.75786993  1.75446456  1.77876677  0.00000000  1.59432338  1.85321200  1.94759905  1.83763015  1.20239974  1.80461180  1.57912153  1.41114633
10    1.18587574  1.85841113  1.60900331  1.83983064  1.78482548  1.42180696  1.32387407  0.81689532  1.46606627  1.59432338  0.00000000  1.15163470  1.79429186  1.57433692  1.59946748  1.27361794  1.71298848  1.30356152
11    1.77657244  1.55760444  1.76778097  2.01077063  1.94588462  1.67982755  1.63419664  1.08742590  1.81918106  1.85321200  1.15163470  0.00000000  1.95705149  1.87468000  1.87990014  1.56212488  1.73860558  1.58025000
12    2.01844768  2.05157027  1.52247400  1.68272380  0.74013277  1.73164350  1.89335212  1.91228605  1.84982774  1.94759905  1.79429186  1.95705149  0.00000000  1.80142170  1.92672686  1.84543699  1.98145826  1.92126650
13    1.59218135  2.06455761  1.73196164  1.54641887  1.85400948  1.62308741  1.74671512  1.78475127  0.91831819  1.83763015  1.57433692  1.87468000  1.80142170  0.00000000  1.62421475  0.85980962  1.81726123  1.68491677
14    1.65990528  2.06802504  1.73421250  1.98085570  1.91547482  0.55883820  1.75311647  1.79080151  1.47435056  1.20239974  1.59946748  1.87990014  1.92672686  1.62421475  0.00000000  1.69035292  1.01411806  0.70132595
17    1.60963099  2.03124322  1.73439684  1.72195475  1.87085205  1.61372261  1.62058018  1.17574375  1.22931175  1.80461180  1.27361794  1.56212488  1.84543699  0.85980962  1.69035292  0.00000000  1.83979936  1.49576904
18    1.84104984  1.24531572  1.77640739  2.01453597  1.97458222  1.12463580  1.89091238  1.87402956  1.73432698  1.57912153  1.71298848  1.73860558  1.98145826  1.81726123  1.01411806  1.83979936  0.00000000  1.33926756
19    1.65091649  2.03498544  1.73568068  1.98376627  1.90827436  0.95233281  1.63056556  1.12837146  1.56029283  1.41114633  1.30356152  1.58025000  1.92126650  1.68491677  0.70132595  1.49576904  1.33926756  0.00000000

--------------------------------------------------------------------------------
n=17
(result of R-step: (7,14:19)0.37811972)
V=[0, 1, 2, 3, 4, 5, 6, 7, 8, 9, 10, 11, 12, 13, 14, 17, 18]
total successes of this branch: 3
Matrix on 17 elements:

0    0.00000000  2.07309962  1.80838521  1.99539098  2.02324059  1.51269663  1.57673284  1.61668500  1.42774896  1.72439362  1.18587574  1.77657244  2.01844768  1.59218135  1.64045733  1.60963099  1.84104984
1    2.07309962  0.00000000  1.83045988  2.05768107  2.05029999  1.84943376  2.06743168  1.96119840  2.06736193  2.06170962  1.85841113  1.55760444  2.05157027  2.06455761  2.04857710  2.03124322  1.24531572
2    1.80838521  1.83045988  0.00000000  1.75020943  1.47513348  1.51840548  1.72553955  1.71864740  1.72452002  1.73726781  1.60900331  1.76778097  1.52247400  1.73196164  1.71476455  1.73439684  1.77640739
3    1.99539098  2.05768107  1.75020943  0.00000000  1.93008522  1.76264563  1.97915610  1.96910522  1.97895631  1.98197081  1.83983064  2.01077063  1.68272380  1.54641887  1.96140776  1.72195475  2.01453597
4    2.02324059  2.05029999  1.47513348  1.93008522  0.00000000  1.72519893  1.87551561  1.87698407  1.82298513  1.94045402  1.78482548  1.94588462  0.74013277  1.85400948  1.89602687  1.87085205  1.97458222
5    1.51269663  1.84943376  1.51840548  1.76264563  1.72519893  0.00000000  1.56552425  1.58005169  1.56617436  0.80587693  1.42180696  1.67982755  1.73164350  1.62308741  0.53939026  1.61372261  1.12463580
6    1.57673284  2.06743168  1.72553955  1.97915610  1.87551561  1.56552425  0.00000000  1.40956242  1.65192367  1.75786993  1.32387407  1.63419664  1.89335212  1.74671512  1.73366852  1.62058018  1.89091238
7    1.61668500  1.96119840  1.71864740  1.96910522  1.87698407  1.58005169  1.40956242  0.00000000  1.68219113  1.73501661  0.79744738  1.06797795  1.89283810  1.76530332  1.75190562  1.15629580  1.85458162
8    1.42774896  2.06736193  1.72452002  1.97895631  1.82298513  1.56617436  1.65192367  1.68219113  0.00000000  1.77876677  1.46606627  1.81918106  1.84982774  0.91831819  1.45490262  1.22931175  1.73432698
9    1.72439362  2.06170962  1.73726781  1.98197081  1.94045402  0.80587693  1.75786993  1.73501661  1.77876677  0.00000000  1.59432338  1.85321200  1.94759905  1.83763015  1.18295179  1.80461180  1.57912153
10    1.18587574  1.85841113  1.60900331  1.83983064  1.78482548  1.42180696  1.32387407  0.79744738  1.46606627  1.59432338  0.00000000  1.15163470  1.79429186  1.57433692  1.58001953  1.27361794  1.71298848
11    1.77657244  1.55760444  1.76778097  2.01077063  1.94588462  1.67982755  1.63419664  1.06797795  1.81918106  1.85321200  1.15163470  0.00000000  1.95705149  1.87468000  1.86045219  1.56212488  1.73860558
12    2.01844768  2.05157027  1.52247400  1.68272380  0.74013277  1.73164350  1.89335212  1.89283810  1.84982774  1.94759905  1.79429186  1.95705149  0.00000000  1.80142170  1.90727891  1.84543699  1.98145826
13    1.59218135  2.06455761  1.73196164  1.54641887  1.85400948  1.62308741  1.74671512  1.76530332  0.91831819  1.83763015  1.57433692  1.87468000  1.80142170  0.00000000  1.60476680  0.85980962  1.81726123
14    1.64045733  2.04857710  1.71476455  1.96140776  1.89602687  0.53939026  1.73366852  1.75190562  1.45490262  1.18295179  1.58001953  1.86045219  1.90727891  1.60476680  0.00000000  1.67090497  0.99467012
17    1.60963099  2.03124322  1.73439684  1.72195475  1.87085205  1.61372261  1.62058018  1.15629580  1.22931175  1.80461180  1.27361794  1.56212488  1.84543699  0.85980962  1.67090497  0.00000000  1.83979936
18    1.84104984  1.24531572  1.77640739  2.01453597  1.97458222  1.12463580  1.89091238  1.85458162  1.73432698  1.57912153  1.71298848  1.73860558  1.98145826  1.81726123  0.99467012  1.83979936  0.00000000

--------------------------------------------------------------------------------
n=16
(result of R-step: (1,14:18)0.43840039)
V=[0, 1, 2, 3, 4, 5, 6, 7, 8, 9, 10, 11, 12, 13, 14, 17]
total successes of this branch: 3
Matrix on 16 elements:

0    0.00000000  1.97739525  1.80838521  1.99539098  2.02324059  1.51269663  1.57673284  1.61668500  1.42774896  1.72439362  1.18587574  1.77657244  2.01844768  1.59218135  1.56420091  1.60963099
1    1.97739525  0.00000000  1.73475551  1.96197670  1.95459562  1.75372939  1.97172731  1.86549403  1.97165756  1.96600526  1.76270676  1.46190007  1.95586590  1.96885324  1.87661631  1.93553885
2    1.80838521  1.73475551  0.00000000  1.75020943  1.47513348  1.51840548  1.72553955  1.71864740  1.72452002  1.73726781  1.60900331  1.76778097  1.52247400  1.73196164  1.63850813  1.73439684
3    1.99539098  1.96197670  1.75020943  0.00000000  1.93008522  1.76264563  1.97915610  1.96910522  1.97895631  1.98197081  1.83983064  2.01077063  1.68272380  1.54641887  1.88515133  1.72195475
4    2.02324059  1.95459562  1.47513348  1.93008522  0.00000000  1.72519893  1.87551561  1.87698407  1.82298513  1.94045402  1.78482548  1.94588462  0.74013277  1.85400948  1.81977045  1.87085205
5    1.51269663  1.75372939  1.51840548  1.76264563  1.72519893  0.00000000  1.56552425  1.58005169  1.56617436  0.80587693  1.42180696  1.67982755  1.73164350  1.62308741  0.46313383  1.61372261
6    1.57673284  1.97172731  1.72553955  1.97915610  1.87551561  1.56552425  0.00000000  1.40956242  1.65192367  1.75786993  1.32387407  1.63419664  1.89335212  1.74671512  1.65741210  1.62058018
7    1.61668500  1.86549403  1.71864740  1.96910522  1.87698407  1.58005169  1.40956242  0.00000000  1.68219113  1.73501661  0.79744738  1.06797795  1.89283810  1.76530332  1.67564919  1.15629580
8    1.42774896  1.97165756  1.72452002  1.97895631  1.82298513  1.56617436  1.65192367  1.68219113  0.00000000  1.77876677  1.46606627  1.81918106  1.84982774  0.91831819  1.37864619  1.22931175
9    1.72439362  1.96600526  1.73726781  1.98197081  1.94045402  0.80587693  1.75786993  1.73501661  1.77876677  0.00000000  1.59432338  1.85321200  1.94759905  1.83763015  1.10669537  1.80461180
10    1.18587574  1.76270676  1.60900331  1.83983064  1.78482548  1.42180696  1.32387407  0.79744738  1.46606627  1.59432338  0.00000000  1.15163470  1.79429186  1.57433692  1.50376311  1.27361794
11    1.77657244  1.46190007  1.76778097  2.01077063  1.94588462  1.67982755  1.63419664  1.06797795  1.81918106  1.85321200  1.15163470  0.00000000  1.95705149  1.87468000  1.78419577  1.56212488
12    2.01844768  1.95586590  1.52247400  1.68272380  0.74013277  1.73164350  1.89335212  1.89283810  1.84982774  1.94759905  1.79429186  1.95705149  0.00000000  1.80142170  1.83102249  1.84543699
13    1.59218135  1.96885324  1.73196164  1.54641887  1.85400948  1.62308741  1.74671512  1.76530332  0.91831819  1.83763015  1.57433692  1.87468000  1.80142170  0.00000000  1.52851038  0.85980962
14    1.56420091  1.87661631  1.63850813  1.88515133  1.81977045  0.46313383  1.65741210  1.67564919  1.37864619  1.10669537  1.50376311  1.78419577  1.83102249  1.52851038  0.00000000  1.59464855
17    1.60963099  1.93553885  1.73439684  1.72195475  1.87085205  1.61372261  1.62058018  1.15629580  1.22931175  1.80461180  1.27361794  1.56212488  1.84543699  0.85980962  1.59464855  0.00000000

--------------------------------------------------------------------------------
n=15
(result of R-step: (5,8:14)0.76431715)
V=[0, 1, 2, 3, 4, 5, 6, 7, 8, 9, 10, 11, 12, 13, 17]
total successes of this branch: 3
Matrix on 15 elements:

0    0.00000000  1.97739525  1.80838521  1.99539098  2.02324059  1.49798520  1.57673284  1.61668500  1.19424176  1.72439362  1.18587574  1.77657244  2.01844768  1.59218135  1.60963099
1    1.97739525  0.00000000  1.73475551  1.96197670  1.95459562  1.73901795  1.97172731  1.86549403  1.73815035  1.96600526  1.76270676  1.46190007  1.95586590  1.96885324  1.93553885
2    1.80838521  1.73475551  0.00000000  1.75020943  1.47513348  1.50369404  1.72553955  1.71864740  1.49101282  1.73726781  1.60900331  1.76778097  1.52247400  1.73196164  1.73439684
3    1.99539098  1.96197670  1.75020943  0.00000000  1.93008522  1.74793419  1.97915610  1.96910522  1.74544911  1.98197081  1.83983064  2.01077063  1.68272380  1.54641887  1.72195475
4    2.02324059  1.95459562  1.47513348  1.93008522  0.00000000  1.71048750  1.87551561  1.87698407  1.58947792  1.94045402  1.78482548  1.94588462  0.74013277  1.85400948  1.87085205
5    1.49798520  1.73901795  1.50369404  1.74793419  1.71048750  0.00000000  1.55081281  1.56534026  1.31795572  0.79116549  1.40709552  1.66511611  1.71693207  1.60837598  1.59901117
6    1.57673284  1.97172731  1.72553955  1.97915610  1.87551561  1.55081281  0.00000000  1.40956242  1.41841646  1.75786993  1.32387407  1.63419664  1.89335212  1.74671512  1.62058018
7    1.61668500  1.86549403  1.71864740  1.96910522  1.87698407  1.56534026  1.40956242  0.00000000  1.44868393  1.73501661  0.79744738  1.06797795  1.89283810  1.76530332  1.15629580
8    1.19424176  1.73815035  1.49101282  1.74544911  1.58947792  1.31795572  1.41841646  1.44868393  0.00000000  1.54525957  1.23255907  1.58567386  1.61632053  0.68481099  0.99580455
9    1.72439362  1.96600526  1.73726781  1.98197081  1.94045402  0.79116549  1.75786993  1.73501661  1.54525957  0.00000000  1.59432338  1.85321200  1.94759905  1.83763015  1.80461180
10    1.18587574  1.76270676  1.60900331  1.83983064  1.78482548  1.40709552  1.32387407  0.79744738  1.23255907  1.59432338  0.00000000  1.15163470  1.79429186  1.57433692  1.27361794
11    1.77657244  1.46190007  1.76778097  2.01077063  1.94588462  1.66511611  1.63419664  1.06797795  1.58567386  1.85321200  1.15163470  0.00000000  1.95705149  1.87468000  1.56212488
12    2.01844768  1.95586590  1.52247400  1.68272380  0.74013277  1.71693207  1.89335212  1.89283810  1.61632053  1.94759905  1.79429186  1.95705149  0.00000000  1.80142170  1.84543699
13    1.59218135  1.96885324  1.73196164  1.54641887  1.85400948  1.60837598  1.74671512  1.76530332  0.68481099  1.83763015  1.57433692  1.87468000  1.80142170  0.00000000  0.85980962
17    1.60963099  1.93553885  1.73439684  1.72195475  1.87085205  1.59901117  1.62058018  1.15629580  0.99580455  1.80461180  1.27361794  1.56212488  1.84543699  0.85980962  0.00000000

--------------------------------------------------------------------------------
n=14
(result of R-step: (7,13:17)0.39701936)
V=[0, 1, 2, 3, 4, 5, 6, 7, 8, 9, 10, 11, 12, 13]
total successes of this branch: 3
Matrix on 14 elements:

0    0.00000000  1.97739525  1.80838521  1.99539098  2.02324059  1.49798520  1.57673284  1.51073190  1.19424176  1.72439362  1.18587574  1.77657244  2.01844768  1.46678030
1    1.97739525  0.00000000  1.73475551  1.96197670  1.95459562  1.73901795  1.97172731  1.75954093  1.73815035  1.96600526  1.76270676  1.46190007  1.95586590  1.84345219
2    1.80838521  1.73475551  0.00000000  1.75020943  1.47513348  1.50369404  1.72553955  1.61269429  1.49101282  1.73726781  1.60900331  1.76778097  1.52247400  1.60656058
3    1.99539098  1.96197670  1.75020943  0.00000000  1.93008522  1.74793419  1.97915610  1.86315212  1.74544911  1.98197081  1.83983064  2.01077063  1.68272380  1.42101781
4    2.02324059  1.95459562  1.47513348  1.93008522  0.00000000  1.71048750  1.87551561  1.77103097  1.58947792  1.94045402  1.78482548  1.94588462  0.74013277  1.72860842
5    1.49798520  1.73901795  1.50369404  1.74793419  1.71048750  0.00000000  1.55081281  1.45938715  1.31795572  0.79116549  1.40709552  1.66511611  1.71693207  1.48297493
6    1.57673284  1.97172731  1.72553955  1.97915610  1.87551561  1.55081281  0.00000000  1.30360931  1.41841646  1.75786993  1.32387407  1.63419664  1.89335212  1.62131407
7    1.51073190  1.75954093  1.61269429  1.86315212  1.77103097  1.45938715  1.30360931  0.00000000  1.34273082  1.62906350  0.69149427  0.96202484  1.78688500  1.53394916
8    1.19424176  1.73815035  1.49101282  1.74544911  1.58947792  1.31795572  1.41841646  1.34273082  0.00000000  1.54525957  1.23255907  1.58567386  1.61632053  0.55940994
9    1.72439362  1.96600526  1.73726781  1.98197081  1.94045402  0.79116549  1.75786993  1.62906350  1.54525957  0.00000000  1.59432338  1.85321200  1.94759905  1.71222909
10    1.18587574  1.76270676  1.60900331  1.83983064  1.78482548  1.40709552  1.32387407  0.69149427  1.23255907  1.59432338  0.00000000  1.15163470  1.79429186  1.44893587
11    1.77657244  1.46190007  1.76778097  2.01077063  1.94588462  1.66511611  1.63419664  0.96202484  1.58567386  1.85321200  1.15163470  0.00000000  1.95705149  1.74927895
12    2.01844768  1.95586590  1.52247400  1.68272380  0.74013277  1.71693207  1.89335212  1.78688500  1.61632053  1.94759905  1.79429186  1.95705149  0.00000000  1.67602065
13    1.46678030  1.84345219  1.60656058  1.42101781  1.72860842  1.48297493  1.62131407  1.53394916  0.55940994  1.71222909  1.44893587  1.74927895  1.67602065  0.00000000

--------------------------------------------------------------------------------
n=13
(result of R-step: (1,7:11)0.32139634)
V=[0, 1, 2, 3, 4, 5, 6, 7, 8, 9, 10, 12, 13]
total successes of this branch: 3
Matrix on 13 elements:

0    0.00000000  1.74090763  1.80838521  1.99539098  2.02324059  1.49798520  1.57673284  1.30394096  1.19424176  1.72439362  1.18587574  2.01844768  1.46678030
1    1.74090763  0.00000000  1.49826789  1.72548908  1.71810799  1.50253033  1.73523969  1.31626237  1.50166273  1.72951763  1.52621914  1.71937828  1.60696457
2    1.80838521  1.49826789  0.00000000  1.75020943  1.47513348  1.50369404  1.72553955  1.40590335  1.49101282  1.73726781  1.60900331  1.52247400  1.60656058
3    1.99539098  1.72548908  1.75020943  0.00000000  1.93008522  1.74793419  1.97915610  1.65636118  1.74544911  1.98197081  1.83983064  1.68272380  1.42101781
4    2.02324059  1.71810799  1.47513348  1.93008522  0.00000000  1.71048750  1.87551561  1.56424003  1.58947792  1.94045402  1.78482548  0.74013277  1.72860842
5    1.49798520  1.50253033  1.50369404  1.74793419  1.71048750  0.00000000  1.55081281  1.25259621  1.31795572  0.79116549  1.40709552  1.71693207  1.48297493
6    1.57673284  1.73523969  1.72553955  1.97915610  1.87551561  1.55081281  0.00000000  1.09681837  1.41841646  1.75786993  1.32387407  1.89335212  1.62131407
7    1.30394096  1.31626237  1.40590335  1.65636118  1.56424003  1.25259621  1.09681837  0.00000000  1.13593988  1.42227256  0.48470333  1.58009406  1.32715822
8    1.19424176  1.50166273  1.49101282  1.74544911  1.58947792  1.31795572  1.41841646  1.13593988  0.00000000  1.54525957  1.23255907  1.61632053  0.55940994
9    1.72439362  1.72951763  1.73726781  1.98197081  1.94045402  0.79116549  1.75786993  1.42227256  1.54525957  0.00000000  1.59432338  1.94759905  1.71222909
10    1.18587574  1.52621914  1.60900331  1.83983064  1.78482548  1.40709552  1.32387407  0.48470333  1.23255907  1.59432338  0.00000000  1.79429186  1.44893587
12    2.01844768  1.71937828  1.52247400  1.68272380  0.74013277  1.71693207  1.89335212  1.58009406  1.61632053  1.94759905  1.79429186  0.00000000  1.67602065
13    1.46678030  1.60696457  1.60656058  1.42101781  1.72860842  1.48297493  1.62131407  1.32715822  0.55940994  1.71222909  1.44893587  1.67602065  0.00000000

--------------------------------------------------------------------------------
n=12
(result of R-step: (0,7:10)0.30937528)
V=[0, 1, 2, 3, 4, 5, 6, 7, 8, 9, 12, 13]
total successes of this branch: 3
Matrix on 12 elements:

0    0.00000000  1.40675059  1.47422818  1.66123394  1.68908356  1.16382817  1.24257581  0.96781888  0.86008472  1.39023659  1.68429064  1.13262327
1    1.40675059  0.00000000  1.49826789  1.72548908  1.71810799  1.50253033  1.73523969  1.31429733  1.50166273  1.72951763  1.71937828  1.60696457
2    1.47422818  1.49826789  0.00000000  1.75020943  1.47513348  1.50369404  1.72553955  1.40393831  1.49101282  1.73726781  1.52247400  1.60656058
3    1.66123394  1.72548908  1.75020943  0.00000000  1.93008522  1.74793419  1.97915610  1.65439614  1.74544911  1.98197081  1.68272380  1.42101781
4    1.68908356  1.71810799  1.47513348  1.93008522  0.00000000  1.71048750  1.87551561  1.56227499  1.58947792  1.94045402  0.74013277  1.72860842
5    1.16382817  1.50253033  1.50369404  1.74793419  1.71048750  0.00000000  1.55081281  1.25063117  1.31795572  0.79116549  1.71693207  1.48297493
6    1.24257581  1.73523969  1.72553955  1.97915610  1.87551561  1.55081281  0.00000000  1.09485333  1.41841646  1.75786993  1.89335212  1.62131407
7    0.96781888  1.31429733  1.40393831  1.65439614  1.56227499  1.25063117  1.09485333  0.00000000  1.13397484  1.42030752  1.57812902  1.32519318
8    0.86008472  1.50166273  1.49101282  1.74544911  1.58947792  1.31795572  1.41841646  1.13397484  0.00000000  1.54525957  1.61632053  0.55940994
9    1.39023659  1.72951763  1.73726781  1.98197081  1.94045402  0.79116549  1.75786993  1.42030752  1.54525957  0.00000000  1.94759905  1.71222909
12    1.68429064  1.71937828  1.52247400  1.68272380  0.74013277  1.71693207  1.89335212  1.57812902  1.61632053  1.94759905  0.00000000  1.67602065
13    1.13262327  1.60696457  1.60656058  1.42101781  1.72860842  1.48297493  1.62131407  1.32519318  0.55940994  1.71222909  1.67602065  0.00000000

--------------------------------------------------------------------------------
n=11
(result of R-step: (3,8:13)0.28967622)
V=[0, 1, 2, 3, 4, 5, 6, 7, 8, 9, 12]
total successes of this branch: 3
Matrix on 11 elements:

0    0.00000000  1.40675059  1.47422818  1.41834357  1.68908356  1.16382817  1.24257581  0.96781888  0.85070155  1.39023659  1.68429064
1    1.40675059  0.00000000  1.49826789  1.48259871  1.71810799  1.50253033  1.73523969  1.31429733  1.49227956  1.72951763  1.71937828
2    1.47422818  1.49826789  0.00000000  1.50731906  1.47513348  1.50369404  1.72553955  1.40393831  1.48162965  1.73726781  1.52247400
3    1.41834357  1.48259871  1.50731906  0.00000000  1.68719485  1.50504382  1.73626573  1.41150577  1.49317557  1.73908044  1.43983343
4    1.68908356  1.71810799  1.47513348  1.68719485  0.00000000  1.71048750  1.87551561  1.56227499  1.58009475  1.94045402  0.74013277
5    1.16382817  1.50253033  1.50369404  1.50504382  1.71048750  0.00000000  1.55081281  1.25063117  1.30857255  0.79116549  1.71693207
6    1.24257581  1.73523969  1.72553955  1.73626573  1.87551561  1.55081281  0.00000000  1.09485333  1.40903329  1.75786993  1.89335212
7    0.96781888  1.31429733  1.40393831  1.41150577  1.56227499  1.25063117  1.09485333  0.00000000  1.12459167  1.42030752  1.57812902
8    0.85070155  1.49227956  1.48162965  1.49317557  1.58009475  1.30857255  1.40903329  1.12459167  0.00000000  1.53587640  1.60693736
9    1.39023659  1.72951763  1.73726781  1.73908044  1.94045402  0.79116549  1.75786993  1.42030752  1.53587640  0.00000000  1.94759905
12    1.68429064  1.71937828  1.52247400  1.43983343  0.74013277  1.71693207  1.89335212  1.57812902  1.60693736  1.94759905  0.00000000

--------------------------------------------------------------------------------
n=10
(result of R-step: (3,4:12)0.17209979)
V=[0, 1, 2, 3, 4, 5, 6, 7, 8, 9]
total successes of this branch: 3
Matrix on 10 elements:

0    0.00000000  1.40675059  1.47422818  1.41484827  1.44269788  1.16382817  1.24257581  0.96781888  0.85070155  1.39023659
1    1.40675059  0.00000000  1.49826789  1.47910341  1.47172232  1.50253033  1.73523969  1.31429733  1.49227956  1.72951763
2    1.47422818  1.49826789  0.00000000  1.50382376  1.22874780  1.50369404  1.72553955  1.40393831  1.48162965  1.73726781
3    1.41484827  1.47910341  1.50382376  0.00000000  1.43731387  1.50154851  1.73277043  1.40801046  1.48968026  1.73558513
4    1.44269788  1.47172232  1.22874780  1.43731387  0.00000000  1.46410182  1.62912993  1.31588931  1.33370908  1.69406835
5    1.16382817  1.50253033  1.50369404  1.50154851  1.46410182  0.00000000  1.55081281  1.25063117  1.30857255  0.79116549
6    1.24257581  1.73523969  1.72553955  1.73277043  1.62912993  1.55081281  0.00000000  1.09485333  1.40903329  1.75786993
7    0.96781888  1.31429733  1.40393831  1.40801046  1.31588931  1.25063117  1.09485333  0.00000000  1.12459167  1.42030752
8    0.85070155  1.49227956  1.48162965  1.48968026  1.33370908  1.30857255  1.40903329  1.12459167  0.00000000  1.53587640
9    1.39023659  1.72951763  1.73726781  1.73558513  1.69406835  0.79116549  1.75786993  1.42030752  1.53587640  0.00000000

--------------------------------------------------------------------------------
n=9
(result of R-step: (0,4:8)0.74834283)
V=[0, 1, 2, 3, 4, 5, 6, 7, 9]
total successes of this branch: 3
Matrix on 9 elements:

0    0.00000000  1.12716088  1.19463846  1.13525855  0.79574709  0.88423845  0.96298609  0.68822917  1.11064687
1    1.12716088  0.00000000  1.49826789  1.47910341  1.10436125  1.50253033  1.73523969  1.31429733  1.72951763
2    1.19463846  1.49826789  0.00000000  1.50382376  0.86138673  1.50369404  1.72553955  1.40393831  1.73726781
3    1.13525855  1.47910341  1.50382376  0.00000000  1.06995279  1.50154851  1.73277043  1.40801046  1.73558513
4    0.79574709  1.10436125  0.86138673  1.06995279  0.00000000  1.09674075  1.26176886  0.94852824  1.32670727
5    0.88423845  1.50253033  1.50369404  1.50154851  1.09674075  0.00000000  1.55081281  1.25063117  0.79116549
6    0.96298609  1.73523969  1.72553955  1.73277043  1.26176886  1.55081281  0.00000000  1.09485333  1.75786993
7    0.68822917  1.31429733  1.40393831  1.40801046  0.94852824  1.25063117  1.09485333  0.00000000  1.42030752
9    1.11064687  1.72951763  1.73726781  1.73558513  1.32670727  0.79116549  1.75786993  1.42030752  0.00000000

--------------------------------------------------------------------------------
n=8
(result of R-step: (5,7:9)0.92555766)
V=[0, 1, 2, 3, 4, 5, 6, 7]
total successes of this branch: 3
Matrix on 8 elements:

0    0.00000000  1.12716088  1.19463846  1.13525855  0.79574709  0.63732473  0.96298609  0.54196528
1    1.12716088  0.00000000  1.49826789  1.47910341  1.10436125  1.25561661  1.73523969  1.16803344
2    1.19463846  1.49826789  0.00000000  1.50382376  0.86138673  1.25678033  1.72553955  1.25767442
3    1.13525855  1.47910341  1.50382376  0.00000000  1.06995279  1.25463480  1.73277043  1.26174658
4    0.79574709  1.10436125  0.86138673  1.06995279  0.00000000  0.84982703  1.26176886  0.80226435
5    0.63732473  1.25561661  1.25678033  1.25463480  0.84982703  0.00000000  1.30389910  0.85745357
6    0.96298609  1.73523969  1.72553955  1.73277043  1.26176886  1.30389910  0.00000000  0.94858944
7    0.54196528  1.16803344  1.25767442  1.26174658  0.80226435  0.85745357  0.94858944  0.00000000

--------------------------------------------------------------------------------
n=7
(result of R-step: (1,6:7)0.11966979)
V=[0, 1, 2, 3, 4, 5, 6]
total successes of this branch: 3
Matrix on 7 elements:

0    0.00000000  0.78824035  1.19463846  1.13525855  0.79574709  0.63732473  0.29187357
1    0.78824035  0.00000000  1.15934737  1.14018288  0.76544072  0.91669608  0.72520664
2    1.19463846  1.15934737  0.00000000  1.50382376  0.86138673  1.25678033  1.05442703
3    1.13525855  1.14018288  1.50382376  0.00000000  1.06995279  1.25463480  1.06165791
4    0.79574709  0.76544072  0.86138673  1.06995279  0.00000000  0.84982703  0.59065634
5    0.63732473  0.91669608  1.25678033  1.25463480  0.84982703  0.00000000  0.63278658
6    0.29187357  0.72520664  1.05442703  1.06165791  0.59065634  0.63278658  0.00000000

--------------------------------------------------------------------------------
n=6
(result of R-step: (0,4:6)0.75140215)
V=[0, 1, 2, 3, 4, 5]
total successes of this branch: 3
Matrix on 6 elements:

0    0.00000000  0.68748317  1.09388128  1.03450137  0.59423273  0.53656755
1    0.68748317  0.00000000  1.15934737  1.14018288  0.66468354  0.91669608
2    1.09388128  1.15934737  0.00000000  1.50382376  0.76062955  1.25678033
3    1.03450137  1.14018288  1.50382376  0.00000000  0.96919561  1.25463480
4    0.59423273  0.66468354  0.76062955  0.96919561  0.00000000  0.74906985
5    0.53656755  0.91669608  1.25678033  1.25463480  0.74906985  0.00000000

--------------------------------------------------------------------------------
n=5
(result of R-step: (0,4:5)0.78639581)
V=[0, 1, 2, 3, 4]
total successes of this branch: 3
Matrix on 5 elements:

0    0.00000000  0.57586384  0.98226196  0.92288204  0.37099408
1    0.57586384  0.00000000  1.15934737  1.14018288  0.55306421
2    0.98226196  1.15934737  0.00000000  1.50382376  0.64901022
3    0.92288204  1.14018288  1.50382376  0.00000000  0.85757629
4    0.37099408  0.55306421  0.64901022  0.85757629  0.00000000

--------------------------------------------------------------------------------
n=4
(result of R-step: (0,2:1)0.88369849)
V=[0, 2, 3, 4]
total successes of this branch: 1
Matrix on 4 elements:

0    0.00000000  0.19708517  0.74641413  0.19452616
2    0.19708517  0.00000000  0.89511489  0.04030136
3    0.74641413  0.89511489  0.00000000  0.85757629
4    0.19452616  0.04030136  0.85757629  0.00000000

--------------------------------------------------------------------------------
n=4
(result of R-step: (0,2:3)0.74551513)
V=[0, 1, 2, 4]
total successes of this branch: 0
Matrix on 4 elements:

0    0.00000000  0.40344620  0.11097899  0.19857643
1    0.40344620  0.00000000  0.46048204  0.55306421
2    0.11097899  0.46048204  0.00000000 -0.04985510
4    0.19857643  0.55306421 -0.04985510  0.00000000
reason of abort: no pseudometric

--------------------------------------------------------------------------------
n=4
(result of R-step: (0,4:1)0.84991218)
V=[0, 2, 3, 4]
total successes of this branch: 0
Matrix on 4 elements:

0    0.00000000  0.80984431  0.75046440  0.16309923
2    0.80984431  0.00000000  1.50382376  0.61353302
3    0.75046440  1.50382376  0.00000000  0.82209908
4    0.16309923  0.61353302  0.82209908  0.00000000
reason of abort: no pseudometric

--------------------------------------------------------------------------------
n=4
(result of R-step: (0,4:2)0.94020140)
V=[0, 1, 3, 4]
total successes of this branch: 0
reason of abort: negative delta/dxy

--------------------------------------------------------------------------------
n=4
(result of R-step: (0,4:3)0.86227430)
V=[0, 1, 2, 4]
total successes of this branch: 0
reason of abort: negative delta/dxy

--------------------------------------------------------------------------------
n=4
(result of R-step: (1,2:3)0.86308315)
V=[0, 1, 2, 4]
total successes of this branch: 0
reason of abort: negative delta/dxy

--------------------------------------------------------------------------------
n=4
(result of R-step: (1,3:0)0.87527059)
V=[1, 2, 3, 4]
total successes of this branch: 1
Matrix on 4 elements:

1    0.00000000  0.78591927  0.18563583  0.17963612
2    0.78591927  0.00000000  0.92270480  0.64901022
3    0.18563583  0.92270480  0.00000000  0.27645733
4    0.17963612  0.64901022  0.27645733  0.00000000

--------------------------------------------------------------------------------
n=4
(result of R-step: (1,4:2)0.44997454)
V=[0, 1, 3, 4]
total successes of this branch: 0
reason of abort: negative delta/dxy

--------------------------------------------------------------------------------
n=4
(result of R-step: (1,4:3)0.99167896)
V=[0, 1, 2, 4]
total successes of this branch: 0
reason of abort: negative delta/dxy

--------------------------------------------------------------------------------
n=4
(result of R-step: (2,3:4)0.87604941)
V=[0, 1, 2, 3]
total successes of this branch: 1
Matrix on 4 elements:

0    0.00000000  0.57586384  0.37355309  0.34176309
1    0.57586384  0.00000000  0.55063850  0.55906392
2    0.37355309  0.55063850  0.00000000  0.31399593
3    0.34176309  0.55906392  0.31399593  0.00000000
