n=7
V=[0, 1, 2, 3, 4, 5, 6]
total successes of this branch: 0
Matrix on 7 elements:

0    0.00000000  1.45282499  1.39184136  1.51708483  0.67498037  1.79330832  1.41712025
1    1.45282499  0.00000000  1.32147973  0.92020729  1.14258487  1.05170165  1.17536133
2    1.39184136  1.32147973  0.00000000  1.28151845  1.30508292  1.59550593  0.44589478
3    1.51708483  0.92020729  1.28151845  0.00000000  1.26806074  0.90098539  0.86533559
4    0.67498037  1.14258487  1.30508292  1.26806074  0.00000000  1.52210293  1.27753930
5    1.79330832  1.05170165  1.59550593  0.90098539  1.52210293  0.00000000  1.35392616
6    1.41712025  1.17536133  0.44589478  0.86533559  1.27753930  1.35392616  0.00000000
reason of abort: 

--------------------------------------------------------------------------------
n=6
(result of R-step: (2,3:6)0.67446893)
V=[0, 1, 2, 3, 4, 5]
total successes of this branch: 0
Matrix on 6 elements:

0    0.00000000  1.45282499  1.35906561  1.49176780  0.67498037  1.79330832
1    1.45282499  0.00000000  1.28870397  0.89489026  1.14258487  1.05170165
2    1.35906561  1.28870397  0.00000000  1.22342567  1.27230717  1.56273017
3    1.49176780  0.89489026  1.22342567  0.00000000  1.24274371  0.87566836
4    0.67498037  1.14258487  1.27230717  1.24274371  0.00000000  1.52210293
5    1.79330832  1.05170165  1.56273017  0.87566836  1.52210293  0.00000000
reason of abort: no candidate

--------------------------------------------------------------------------------
n=5
(result of R-step: (2,4:0)0.37002597)
V=[1, 2, 3, 4, 5]
total successes of this branch: 0
reason of abort: negative delta/dxy
