n=7
V=[0, 1, 2, 3, 4, 5, 6]
total successes of this branch: 0
Matrix on 7 elements:

0    0.00000000  2.17613311  1.26922755  1.30935300  1.63559157  2.00268931  2.21321020
1    2.17613311  0.00000000  1.95068128  2.41116383  1.13681200  0.49810710  0.40117501
2    1.26922755  1.95068128  0.00000000  1.48027002  1.21093878  1.82476015  1.96273085
3    1.30935300  2.41116383  1.48027002  0.00000000  1.85946508  2.26970914  2.44683913
4    1.63559157  1.13681200  1.21093878  1.85946508  0.00000000  1.05450432  1.10770981
5    2.00268931  0.49810710  1.82476015  2.26970914  1.05450432  0.00000000  0.67300310
6    2.21321020  0.40117501  1.96273085  2.44683913  1.10770981  0.67300310  0.00000000
reason of abort: 

--------------------------------------------------------------------------------
n=6
(result of R-step: (1,4:6)0.87436043)
V=[0, 1, 2, 3, 4, 5]
total successes of this branch: 0
Matrix on 6 elements:

0    0.00000000  2.08843704  1.26922755  1.30935300  1.60082591  2.00268931
1    2.08843704  0.00000000  1.86298521  2.32346776  1.01435027  0.41041103
2    1.26922755  1.86298521  0.00000000  1.48027002  1.17617312  1.82476015
3    1.30935300  2.32346776  1.48027002  0.00000000  1.82469942  2.26970914
4    1.60082591  1.01435027  1.17617312  1.82469942  0.00000000  1.01973866
5    2.00268931  0.41041103  1.82476015  2.26970914  1.01973866  0.00000000
reason of abort: no candidate

--------------------------------------------------------------------------------
n=5
(result of R-step: (3,4:2)0.73737372)
V=[0, 1, 3, 4, 5]
total successes of this branch: 0
reason of abort: negative delta/dxy
