n=6
V=[0, 1, 2, 3, 4, 5]
total successes of this branch: 2
Matrix on 6 elements:

0    0.00000000  1.10598738  1.25835526  1.19076056  1.41181470  1.35554055
1    1.10598738  0.00000000  1.19008339  1.28930150  1.02474989  1.20495338
2    1.25835526  1.19008339  0.00000000  1.57244532  0.90090152  1.27929985
3    1.19076056  1.28930150  1.57244532  0.00000000  1.67291109  1.08182424
4    1.41181470  1.02474989  0.90090152  1.67291109  0.00000000  1.16934357
5    1.35554055  1.20495338  1.27929985  1.08182424  1.16934357  0.00000000

--------------------------------------------------------------------------------
n=5
(result of R-step: (3,4:5)0.48697455)
V=[0, 1, 2, 3, 4]
total successes of this branch: 2
Matrix on 5 elements:

0    0.00000000  1.10598738  1.25835526  1.01394980  1.11621060
1    1.10598738  0.00000000  1.19008339  1.11249074  0.72914578
2    1.25835526  1.19008339  0.00000000  1.39563456  0.60529742
3    1.01394980  1.11249074  1.39563456  0.00000000  1.20049623
4    1.11621060  0.72914578  0.60529742  1.20049623  0.00000000

--------------------------------------------------------------------------------
n=4
(result of R-step: (0,1:3)0.83376773)
V=[0, 1, 2, 4]
total successes of this branch: 1
Matrix on 4 elements:

0    0.00000000  0.57181326  0.84968586  0.70754120
1    0.57181326  0.00000000  1.06457868  0.60364107
2    0.84968586  1.06457868  0.00000000  0.60529742
4    0.70754120  0.60364107  0.60529742  0.00000000

--------------------------------------------------------------------------------
n=4
(result of R-step: (1,2:4)0.40522497)
V=[0, 1, 2, 3]
total successes of this branch: 1
Matrix on 4 elements:

0    0.00000000  0.98048266  1.08732647  1.01394980
1    0.98048266  0.00000000  0.89354989  0.98698603
2    1.08732647  0.89354989  0.00000000  1.22460577
3    1.01394980  0.98698603  1.22460577  0.00000000
