n=6
V=[0, 1, 2, 3, 4, 5]
total successes of this branch: 1
Matrix on 6 elements:

0    0.00000000  1.41429775  1.26786449  1.31924737  1.58699445  1.02812990
1    1.41429775  0.00000000  1.49249787  1.47581953  1.78081160  1.53859678
2    1.26786449  1.49249787  0.00000000  1.51669835  1.23606624  0.52218604
3    1.31924737  1.47581953  1.51669835  0.00000000  1.44134276  1.52663080
4    1.58699445  1.78081160  1.23606624  1.44134276  0.00000000  1.41231143
5    1.02812990  1.53859678  0.52218604  1.52663080  1.41231143  0.00000000

--------------------------------------------------------------------------------
n=5
(result of R-step: (0,2:5)0.30328054)
V=[0, 1, 2, 3, 4]
total successes of this branch: 1
Matrix on 5 elements:

0    0.00000000  1.29070171  1.09557458  1.19565133  1.46339841
1    1.29070171  0.00000000  1.44380400  1.47581953  1.78081160
2    1.09557458  1.44380400  0.00000000  1.46800448  1.18737237
3    1.19565133  1.47581953  1.46800448  0.00000000  1.44134276
4    1.46339841  1.78081160  1.18737237  1.44134276  0.00000000

--------------------------------------------------------------------------------
n=4
(result of R-step: (2,3:4)0.54722765)
V=[0, 1, 2, 3]
total successes of this branch: 1
Matrix on 4 elements:

0    0.00000000  1.29070171  0.91266287  0.84724416
1    1.29070171  0.00000000  1.26089229  1.12741236
2    0.91266287  1.26089229  0.00000000  0.93668560
3    0.84724416  1.12741236  0.93668560  0.00000000
