n=6
V=[0, 1, 2, 3, 4, 5]
total successes of this branch: 1
Matrix on 6 elements:

0    0.00000000  1.04903649  1.34642006  1.28036413  1.02827748  1.31919315
1    1.04903649  0.00000000  1.00734682  0.96118309  1.02197625  0.99870005
2    1.34642006  1.00734682  0.00000000  1.17013501  0.76834646  1.14016959
3    1.28036413  0.96118309  1.17013501  0.00000000  1.20782475  0.13659824
4    1.02827748  1.02197625  0.76834646  1.20782475  0.00000000  1.21330948
5    1.31919315  0.99870005  1.14016959  0.13659824  1.21330948  0.00000000

--------------------------------------------------------------------------------
n=5
(result of R-step: (2,3:5)0.06595854)
V=[0, 1, 2, 3, 4]
total successes of this branch: 1
Matrix on 5 elements:

0    0.00000000  1.04903649  1.24982223  1.26701045  1.02827748
1    1.04903649  0.00000000  0.91074899  0.94782941  1.02197625
2    1.24982223  0.91074899  0.00000000  1.06018350  0.67174863
3    1.26701045  0.94782941  1.06018350  0.00000000  1.19447107
4    1.02827748  1.02197625  0.67174863  1.19447107  0.00000000

--------------------------------------------------------------------------------
n=4
(result of R-step: (0,2:4)0.33645309)
V=[0, 1, 2, 3]
total successes of this branch: 1
Matrix on 4 elements:

0    0.00000000  0.84951121  0.90973260  1.06748517
1    0.84951121  0.00000000  0.77018464  0.94782941
2    0.90973260  0.77018464  0.00000000  0.91961916
3    1.06748517  0.94782941  0.91961916  0.00000000
