n=6
V=[0, 1, 2, 3, 4, 5]
total successes of this branch: 2
Matrix on 6 elements:

0    0.00000000  1.13737431  1.81038521  1.41702679  0.53373417  1.09263755
1    1.13737431  0.00000000  1.74365853  1.18287054  0.85491287  0.28264633
2    1.81038521  1.74365853  0.00000000  2.18742209  1.60434305  1.74354771
3    1.41702679  1.18287054  2.18742209  0.00000000  1.08430286  1.18667597
4    0.53373417  0.85491287  1.60434305  1.08430286  0.00000000  0.79307341
5    1.09263755  0.28264633  1.74354771  1.18667597  0.79307341  0.00000000

--------------------------------------------------------------------------------
n=5
(result of R-step: (1,4:5)0.90389065)
V=[0, 1, 2, 3, 4]
total successes of this branch: 2
Matrix on 5 elements:

0    0.00000000  1.03382057  1.81038521  1.41702679  0.49707302
1    1.03382057  0.00000000  1.64010479  1.07931680  0.71469799
2    1.81038521  1.64010479  0.00000000  2.18742209  1.56768191
3    1.41702679  1.07931680  2.18742209  0.00000000  1.04764171
4    0.49707302  0.71469799  1.56768191  1.04764171  0.00000000

--------------------------------------------------------------------------------
n=4
(result of R-step: (2,3:1)0.39676188)
V=[0, 2, 3, 4]
total successes of this branch: 1
Matrix on 4 elements:

0    0.00000000  0.72680802  0.79479576  0.49707302
2    0.72680802  0.00000000  0.48161386  0.48410472
3    0.79479576  0.48161386  0.00000000  0.42541068
4    0.49707302  0.48410472  0.42541068  0.00000000

--------------------------------------------------------------------------------
n=4
(result of R-step: (2,4:0)0.23446221)
V=[1, 2, 3, 4]
total successes of this branch: 1
Matrix on 4 elements:

1    0.00000000  0.55652759  1.07931680  0.69682741
2    0.55652759  0.00000000  1.10384489  0.46623414
3    1.07931680  1.10384489  0.00000000  1.02977114
4    0.69682741  0.46623414  1.02977114  0.00000000
