n=6
V=[0, 1, 2, 3, 4, 5]
total successes of this branch: 1
Matrix on 6 elements:

0    0.00000000  1.11280238  0.81413952  1.03792537  0.64305981  0.97483677
1    1.11280238  0.00000000  1.42473424  1.23178613  1.07941000  0.47579677
2    0.81413952  1.42473424  0.00000000  1.34331476  1.05853388  1.39656553
3    1.03792537  1.23178613  1.34331476  0.00000000  0.74621002  1.30886340
4    0.64305981  1.07941000  1.05853388  0.74621002  0.00000000  1.09524667
5    0.97483677  0.47579677  1.39656553  1.30886340  1.09524667  0.00000000

--------------------------------------------------------------------------------
n=5
(result of R-step: (0,1:5)0.25254957)
V=[0, 1, 2, 3, 4]
total successes of this branch: 1
Matrix on 5 elements:

0    0.00000000  1.03310435  0.78041261  1.00419846  0.60933291
1    1.03310435  0.00000000  1.37876312  1.18581500  1.03343887
2    0.78041261  1.37876312  0.00000000  1.34331476  1.05853388
3    1.00419846  1.18581500  1.34331476  0.00000000  0.74621002
4    0.60933291  1.03343887  1.05853388  0.74621002  0.00000000

--------------------------------------------------------------------------------
n=4
(result of R-step: (0,3:4)0.32278766)
V=[0, 1, 2, 3]
total successes of this branch: 1
Matrix on 4 elements:

0    0.00000000  0.98297800  0.73028626  0.56634278
1    0.98297800  0.00000000  1.37876312  0.79808568
2    0.73028626  1.37876312  0.00000000  0.95558544
3    0.56634278  0.79808568  0.95558544  0.00000000

--------------------------------------------------------------------------------
n=4
(result of R-step: (2,3:4)0.58188063)
V=[0, 1, 2, 3]
total successes of this branch: 0
Matrix on 4 elements:

0    0.00000000  1.03310435  0.12605430  0.73010200
1    1.03310435  0.00000000  0.72440480  0.91171854
2    0.12605430  0.72440480  0.00000000  0.41485998
3    0.73010200  0.91171854  0.41485998  0.00000000
reason of abort: no pseudometric
