n=6
V=[0, 1, 2, 3, 4, 5]
total successes of this branch: 2
Matrix on 6 elements:

0    0.00000000  1.93500301  1.86939173  1.85470351  2.19077771  1.83296433
1    1.93500301  0.00000000  0.92771904  1.05412032  1.22665888  0.59468817
2    1.86939173  0.92771904  0.00000000  0.97683668  1.05407891  0.37407532
3    1.85470351  1.05412032  0.97683668  0.00000000  1.29875843  0.94413562
4    2.19077771  1.22665888  1.05407891  1.29875843  0.00000000  1.05180072
5    1.83296433  0.59468817  0.37407532  0.94413562  1.05180072  0.00000000

--------------------------------------------------------------------------------
n=5
(result of R-step: (1,2:5)0.31924488)
V=[0, 1, 2, 3, 4]
total successes of this branch: 2
Matrix on 5 elements:

0    0.00000000  1.90287697  1.77003203  1.85470351  2.19077771
1    1.90287697  0.00000000  0.79623332  1.02199429  1.19453285
2    1.77003203  0.79623332  0.00000000  0.87747699  0.95471922
3    1.85470351  1.02199429  0.87747699  0.00000000  1.29875843
4    2.19077771  1.19453285  0.95471922  1.29875843  0.00000000

--------------------------------------------------------------------------------
n=4
(result of R-step: (1,2:4)0.04590028)
V=[0, 1, 2, 3]
total successes of this branch: 1
Matrix on 4 elements:

0    0.00000000  1.68284769  1.50615824  1.85470351
1    1.68284769  0.00000000  0.31233024  0.80196500
2    1.50615824  0.31233024  0.00000000  0.61360319
3    1.85470351  0.80196500  0.61360319  0.00000000

--------------------------------------------------------------------------------
n=4
(result of R-step: (1,3:0)0.02331245)
V=[1, 2, 3, 4]
total successes of this branch: 1
Matrix on 4 elements:

1    0.00000000  0.57620403  0.32257460  0.97450356
2    0.57620403  0.00000000  0.39808658  0.95471922
3    0.32257460  0.39808658  0.00000000  0.81936802
4    0.97450356  0.95471922  0.81936802  0.00000000
