n=6
V=[0, 1, 2, 3, 4, 5]
total successes of this branch: 2
Matrix on 6 elements:

0    0.00000000  2.15256990  2.27187548  2.02695544  1.23234259  0.72823298
1    2.15256990  0.00000000  1.47149073  1.08123985  1.50024283  2.18678145
2    2.27187548  1.47149073  0.00000000  1.11575052  1.86143529  2.29257025
3    2.02695544  1.08123985  1.11575052  0.00000000  1.54989184  1.95138401
4    1.23234259  1.50024283  1.86143529  1.54989184  0.00000000  1.48794924
5    0.72823298  2.18678145  2.29257025  1.95138401  1.48794924  0.00000000

--------------------------------------------------------------------------------
n=5
(result of R-step: (0,3:5)0.84059443)
V=[0, 1, 2, 3, 4]
total successes of this branch: 2
Matrix on 5 elements:

0    0.00000000  2.03352469  2.15283028  1.77444871  1.11329739
1    2.03352469  0.00000000  1.47149073  0.94777832  1.50024283
2    2.15283028  1.47149073  0.00000000  0.98228899  1.86143529
3    1.77444871  0.94777832  0.98228899  0.00000000  1.41643032
4    1.11329739  1.50024283  1.86143529  1.41643032  0.00000000

--------------------------------------------------------------------------------
n=4
(result of R-step: (0,1:4)0.54157422)
V=[0, 1, 2, 3]
total successes of this branch: 1
Matrix on 4 elements:

0    0.00000000  1.47341923  2.00499401  1.62661245
1    1.47341923  0.00000000  1.05922153  0.53550912
2    2.00499401  1.05922153  0.00000000  0.98228899
3    1.62661245  0.53550912  0.98228899  0.00000000

--------------------------------------------------------------------------------
n=4
(result of R-step: (1,2:3)0.27543209)
V=[0, 1, 2, 4]
total successes of this branch: 1
Matrix on 4 elements:

0    0.00000000  1.62125549  1.51623418  1.11329739
1    1.62125549  0.00000000  0.42262544  1.08797363
2    1.51623418  0.42262544  0.00000000  1.22483919
4    1.11329739  1.08797363  1.22483919  0.00000000
