n=6
V=[0, 1, 2, 3, 4, 5]
total successes of this branch: 2
Matrix on 6 elements:

0    0.00000000  1.48243564  0.71880941  1.19378244  1.31135504  0.36365863
1    1.48243564  0.00000000  1.85753437  2.15009070  2.52598715  1.63308387
2    0.71880941  1.85753437  0.00000000  0.90474411  1.16036001  0.39437411
3    1.19378244  2.15009070  0.90474411  0.00000000  1.78567870  1.00686982
4    1.31135504  2.52598715  1.16036001  1.78567870  0.00000000  1.19460567
5    0.36365863  1.63308387  0.39437411  1.00686982  1.19460567  0.00000000

--------------------------------------------------------------------------------
n=5
(result of R-step: (0,2:5)0.49173013)
V=[0, 1, 2, 3, 4]
total successes of this branch: 2
Matrix on 5 elements:

0    0.00000000  1.44347869  0.60025202  1.15482549  1.27239809
1    1.44347869  0.00000000  1.77793393  2.15009070  2.52598715
2    0.60025202  1.77793393  0.00000000  0.82514367  1.08075957
3    1.15482549  2.15009070  0.82514367  0.00000000  1.78567870
4    1.27239809  2.52598715  1.08075957  1.78567870  0.00000000

--------------------------------------------------------------------------------
n=4
(result of R-step: (0,3:1)0.73678900)
V=[0, 2, 3, 4]
total successes of this branch: 1
Matrix on 4 elements:

0    0.00000000  0.58598201  0.79721873  1.25812809
2    0.58598201  0.00000000  0.48180691  1.08075957
3    0.79721873  0.48180691  0.00000000  1.44234194
4    1.25812809  1.08075957  1.44234194  0.00000000

--------------------------------------------------------------------------------
n=4
(result of R-step: (1,4:0)0.45181089)
V=[1, 2, 3, 4]
total successes of this branch: 1
Matrix on 4 elements:

1    0.00000000  0.83256211  1.20471888  0.73544339
2    0.83256211  0.00000000  0.82514367  0.23558763
3    1.20471888  0.82514367  0.00000000  0.94050676
4    0.73544339  0.23558763  0.94050676  0.00000000
