n=6
V=[0, 1, 2, 3, 4, 5]
total successes of this branch: 2
Matrix on 6 elements:

0    0.00000000  1.49654855  0.86396426  1.05412047  1.70874141  1.47802699
1    1.49654855  0.00000000  1.01938907  1.22591935  1.78337548  0.73796445
2    0.86396426  1.01938907  0.00000000  0.58652382  1.19497762  0.99637578
3    1.05412047  1.22591935  0.58652382  0.00000000  1.43275073  1.20698709
4    1.70874141  1.78337548  1.19497762  1.43275073  0.00000000  1.76751829
5    1.47802699  0.73796445  0.99637578  1.20698709  1.76751829  0.00000000

--------------------------------------------------------------------------------
n=5
(result of R-step: (1,2:5)0.93970174)
V=[0, 1, 2, 3, 4]
total successes of this branch: 2
Matrix on 5 elements:

0    0.00000000  1.14703611  0.70780785  1.05412047  1.70874141
1    1.14703611  0.00000000  0.51372023  0.87640691  1.43386304
2    0.70780785  0.51372023  0.00000000  0.43036741  1.03882121
3    1.05412047  0.87640691  0.43036741  0.00000000  1.43275073
4    1.70874141  1.43386304  1.03882121  1.43275073  0.00000000

--------------------------------------------------------------------------------
n=4
(result of R-step: (0,2:3)0.85352861)
V=[0, 1, 2, 4]
total successes of this branch: 1
Matrix on 4 elements:

0    0.00000000  0.48606623  0.03284306  1.04777153
1    0.48606623  0.00000000  0.49972533  1.43386304
2    0.03284306  0.49972533  0.00000000  1.02482631
4    1.04777153  1.43386304  1.02482631  0.00000000

--------------------------------------------------------------------------------
n=4
(result of R-step: (1,2:4)0.21284696)
V=[0, 1, 2, 3]
total successes of this branch: 1
Matrix on 4 elements:

0    0.00000000  0.86034787  0.69381295  1.05412047
1    0.86034787  0.00000000  0.21303708  0.58971867
2    0.69381295  0.21303708  0.00000000  0.41637251
3    1.05412047  0.58971867  0.41637251  0.00000000
