n=6
V=[0, 1, 2, 3, 4, 5]
total successes of this branch: 2
Matrix on 6 elements:

0    0.00000000  1.70703676  1.94592776  1.43065488  1.30201645  2.22047252
1    1.70703676  0.00000000  1.07156101  0.65289923  0.75488304  0.77684513
2    1.94592776  1.07156101  0.00000000  0.88951816  0.99221088  1.40299539
3    1.43065488  0.65289923  0.88951816  0.00000000  0.32305249  1.16570552
4    1.30201645  0.75488304  0.99221088  0.32305249  0.00000000  1.26788574
5    2.22047252  0.77684513  1.40299539  1.16570552  1.26788574  0.00000000

--------------------------------------------------------------------------------
n=5
(result of R-step: (0,3:4)0.31201254)
V=[0, 1, 2, 3, 5]
total successes of this branch: 2
Matrix on 5 elements:

0    0.00000000  0.83421262  1.07310362  0.48254554  1.34764838
1    0.83421262  0.00000000  1.07156101  0.57761403  0.77684513
2    1.07310362  1.07156101  0.00000000  0.81423295  1.40299539
3    0.48254554  0.57761403  0.81423295  0.00000000  1.09042032
5    1.34764838  0.77684513  1.40299539  1.09042032  0.00000000

--------------------------------------------------------------------------------
n=4
(result of R-step: (0,2:3)0.99654142)
V=[0, 1, 2, 5]
total successes of this branch: 1
Matrix on 4 elements:

0    0.00000000  0.46480821  0.37694291  0.97824397
1    0.46480821  0.00000000  0.74480471  0.77684513
2    0.37694291  0.74480471  0.00000000  1.07623909
5    0.97824397  0.77684513  1.07623909  0.00000000

--------------------------------------------------------------------------------
n=4
(result of R-step: (1,2:5)0.72295561)
V=[0, 1, 2, 3]
total successes of this branch: 1
Matrix on 4 elements:

0    0.00000000  0.81158134  0.74634733  0.48254554
1    0.81158134  0.00000000  0.72217343  0.55498275
2    0.74634733  0.72217343  0.00000000  0.48747666
3    0.48254554  0.55498275  0.48747666  0.00000000
