n=6
V=[0, 1, 2, 3, 4, 5]
total successes of this branch: 2
Matrix on 6 elements:

0    0.00000000  1.60142092  1.09631662  1.52504334  1.48468826  1.44175437
1    1.60142092  0.00000000  1.25336772  1.79046314  1.06713605  0.22524822
2    1.09631662  1.25336772  0.00000000  1.23720508  0.80578133  1.13958643
3    1.52504334  1.79046314  1.23720508  0.00000000  1.64512059  1.67236122
4    1.48468826  1.06713605  0.80578133  1.64512059  0.00000000  0.97626404
5    1.44175437  0.22524822  1.13958643  1.67236122  0.97626404  0.00000000

--------------------------------------------------------------------------------
n=5
(result of R-step: (0,1:5)0.03986975)
V=[0, 1, 2, 3, 4]
total successes of this branch: 2
Matrix on 5 elements:

0    0.00000000  1.31463234  0.94957136  1.37829809  1.33794301
1    1.31463234  0.00000000  1.11332439  1.65041980  0.92709271
2    0.94957136  1.11332439  0.00000000  1.23720508  0.80578133
3    1.37829809  1.65041980  1.23720508  0.00000000  1.64512059
4    1.33794301  0.92709271  0.80578133  1.64512059  0.00000000

--------------------------------------------------------------------------------
n=4
(result of R-step: (0,2:3)0.91352709)
V=[0, 1, 2, 4]
total successes of this branch: 1
Matrix on 4 elements:

0    0.00000000  0.79850603  0.33774592  0.82181670
1    0.79850603  0.00000000  1.01762526  0.92709271
2    0.33774592  1.01762526  0.00000000  0.71008221
4    0.82181670  0.92709271  0.71008221  0.00000000

--------------------------------------------------------------------------------
n=4
(result of R-step: (1,2:4)0.40586384)
V=[0, 1, 2, 3]
total successes of this branch: 1
Matrix on 4 elements:

0    0.00000000  1.28331661  0.85387224  1.37829809
1    1.28331661  0.00000000  0.98630954  1.61910408
2    0.85387224  0.98630954  0.00000000  1.14150595
3    1.37829809  1.61910408  1.14150595  0.00000000
