n=7
V=[0, 1, 2, 3, 4, 5, 6]
total successes of this branch: 2
Matrix on 7 elements:

0    0.00000000  1.43574771  1.30619524  1.28191146  1.36673124  1.38486055  1.18829598
1    1.43574771  0.00000000  1.42557653  1.42915502  1.32513821  0.92909980  1.43040865
2    1.30619524  1.42557653  0.00000000  1.26145701  1.31106784  1.41468040  1.26996417
3    1.28191146  1.42915502  1.26145701  0.00000000  1.33981729  1.41571586  0.88321336
4    1.36673124  1.32513821  1.31106784  1.33981729  0.00000000  1.32893447  1.34493509
5    1.38486055  0.92909980  1.41468040  1.41571586  1.32893447  0.00000000  1.40984859
6    1.18829598  1.43040865  1.26996417  0.88321336  1.34493509  1.40984859  0.00000000

--------------------------------------------------------------------------------
n=6
(result of R-step: (0,3:6)0.19015417)
V=[0, 1, 2, 3, 4, 5]
total successes of this branch: 2
Matrix on 6 elements:

0    0.00000000  1.04094877  0.91139630  0.49231358  0.97193230  0.99006161
1    1.04094877  0.00000000  1.42557653  1.03435608  1.32513821  0.92909980
2    0.91139630  1.42557653  0.00000000  0.86665807  1.31106784  1.41468040
3    0.49231358  1.03435608  0.86665807  0.00000000  0.94501835  1.02091692
4    0.97193230  1.32513821  1.31106784  0.94501835  0.00000000  1.32893447
5    0.99006161  0.92909980  1.41468040  1.02091692  1.32893447  0.00000000

--------------------------------------------------------------------------------
n=5
(result of R-step: (3,4:2)0.85245300)
V=[0, 1, 3, 4, 5]
total successes of this branch: 2
Matrix on 5 elements:

0    0.00000000  1.04094877  0.27006846  0.43933015  0.99006161
1    1.04094877  0.00000000  0.81211097  0.79253606  0.92909980
3    0.27006846  0.81211097  0.00000000  0.19017108  0.79867180
4    0.43933015  0.79253606  0.19017108  0.00000000  0.79633232
5    0.99006161  0.92909980  0.79867180  0.79633232  0.00000000

--------------------------------------------------------------------------------
n=4
(result of R-step: (0,4:3)0.31518568)
V=[0, 1, 4, 5]
total successes of this branch: 1
Matrix on 4 elements:

0    0.00000000  0.99664139  0.31440112  0.94575423
1    0.99664139  0.00000000  0.71191440  0.92909980
4    0.31440112  0.71191440  0.00000000  0.71571067
5    0.94575423  0.92909980  0.71571067  0.00000000

--------------------------------------------------------------------------------
n=4
(result of R-step: (1,3:0)0.12240885)
V=[1, 3, 4, 5]
total successes of this branch: 0
reason of abort: negative delta/dxy

--------------------------------------------------------------------------------
n=4
(result of R-step: (3,5:0)0.95845786)
V=[1, 3, 4, 5]
total successes of this branch: 1
Matrix on 4 elements:

1    0.00000000  0.80537510  0.79253606  0.92199246
3    0.80537510  0.00000000  0.18343521  0.78482859
4    0.79253606  0.18343521  0.00000000  0.78922498
5    0.92199246  0.78482859  0.78922498  0.00000000
