n=7
V=[0, 1, 2, 3, 4, 5, 6]
total successes of this branch: 2
Matrix on 7 elements:

0    0.00000000  1.12314536  0.72664202  0.80903104  1.08202112  0.47389604  0.78877924
1    1.12314536  0.00000000  1.05653503  0.96782843  0.60348694  1.09307473  0.76352713
2    0.72664202  1.05653503  0.00000000  0.71833446  1.01225738  0.74124499  0.89415934
3    0.80903104  0.96782843  0.71833446  0.00000000  0.91294267  0.81606033  0.88966722
4    1.08202112  0.60348694  1.01225738  0.91294267  0.00000000  1.06083843  0.83902487
5    0.47389604  1.09307473  0.74124499  0.81606033  1.06083843  0.00000000  0.74313686
6    0.78877924  0.76352713  0.89415934  0.88966722  0.83902487  0.74313686  0.00000000

--------------------------------------------------------------------------------
n=6
(result of R-step: (1,5:6)0.48499581)
V=[0, 1, 2, 3, 4, 5]
total successes of this branch: 2
Matrix on 6 elements:

0    0.00000000  0.91635073  0.72664202  0.80903104  1.08202112  0.26710141
1    0.91635073  0.00000000  0.84974040  0.76103380  0.39669231  0.67948547
2    0.72664202  0.84974040  0.00000000  0.71833446  1.01225738  0.53445036
3    0.80903104  0.76103380  0.71833446  0.00000000  0.91294267  0.60926570
4    1.08202112  0.39669231  1.01225738  0.91294267  0.00000000  0.85404380
5    0.26710141  0.67948547  0.53445036  0.60926570  0.85404380  0.00000000

--------------------------------------------------------------------------------
n=5
(result of R-step: (0,1:5)0.95573421)
V=[0, 1, 2, 3, 4]
total successes of this branch: 2
Matrix on 5 elements:

0    0.00000000  0.67931995  0.50472932  0.58711833  0.86010842
1    0.67931995  0.00000000  0.83462232  0.74591573  0.38157424
2    0.50472932  0.83462232  0.00000000  0.71833446  1.01225738
3    0.58711833  0.74591573  0.71833446  0.00000000  0.91294267
4    0.86010842  0.38157424  1.01225738  0.91294267  0.00000000

--------------------------------------------------------------------------------
n=4
(result of R-step: (0,4:1)0.05838138)
V=[0, 2, 3, 4]
total successes of this branch: 1
Matrix on 4 elements:

0    0.00000000  0.35544605  0.43783507  0.45628218
2    0.35544605  0.00000000  0.71833446  0.75771442
3    0.43783507  0.71833446  0.00000000  0.65839971
4    0.45628218  0.75771442  0.65839971  0.00000000

--------------------------------------------------------------------------------
n=4
(result of R-step: (1,3:4)0.86907875)
V=[0, 1, 2, 3]
total successes of this branch: 1
Matrix on 4 elements:

0    0.00000000  0.62693207  0.50472932  0.31281774
1    0.62693207  0.00000000  0.78223443  0.41922724
2    0.50472932  0.78223443  0.00000000  0.44403386
3    0.31281774  0.41922724  0.44403386  0.00000000

--------------------------------------------------------------------------------
n=4
(result of R-step: (2,4:1)0.08559706)
V=[0, 2, 3, 4]
total successes of this branch: 0
Matrix on 4 elements:

0    0.00000000  0.15787014  0.58711833  0.61661782
2    0.15787014  0.00000000  0.37147528  0.42190761
3    0.58711833  0.37147528  0.00000000  0.66945208
4    0.61661782  0.42190761  0.66945208  0.00000000
reason of abort: no pseudometric
