n=7
V=[0, 1, 2, 3, 4, 5, 6]
total successes of this branch: 2
Matrix on 7 elements:

0    0.00000000  0.77887891  0.67425086  0.76354793  0.69950869  0.73406864  0.72085814
1    0.77887891  0.00000000  0.72137125  0.39441009  0.29128047  0.50234849  0.55071874
2    0.67425086  0.72137125  0.00000000  0.66523690  0.71477485  0.48316554  0.39593441
3    0.76354793  0.39441009  0.66523690  0.00000000  0.44608588  0.29578751  0.37737885
4    0.69950869  0.29128047  0.71477485  0.44608588  0.00000000  0.53478710  0.57453664
5    0.73406864  0.50234849  0.48316554  0.29578751  0.53478710  0.00000000  0.17541003
6    0.72085814  0.55071874  0.39593441  0.37737885  0.57453664  0.17541003  0.00000000

--------------------------------------------------------------------------------
n=6
(result of R-step: (0,1:4)0.13999048)
V=[0, 1, 2, 3, 5, 6]
total successes of this branch: 2
Matrix on 6 elements:

0    0.00000000  0.56696865  0.56829574  0.65759281  0.62811352  0.61490301
1    0.56696865  0.00000000  0.61541613  0.28845497  0.39639336  0.44476361
2    0.56829574  0.61541613  0.00000000  0.66523690  0.48316554  0.39593441
3    0.65759281  0.28845497  0.66523690  0.00000000  0.29578751  0.37737885
5    0.62811352  0.39639336  0.48316554  0.29578751  0.00000000  0.17541003
6    0.61490301  0.44476361  0.39593441  0.37737885  0.17541003  0.00000000

--------------------------------------------------------------------------------
n=5
(result of R-step: (0,3:1)0.35042658)
V=[0, 2, 3, 5, 6]
total successes of this branch: 2
Matrix on 5 elements:

0    0.00000000  0.34618950  0.37862849  0.40600728  0.39279677
2    0.34618950  0.00000000  0.60837883  0.48316554  0.39593441
3    0.37862849  0.60837883  0.00000000  0.23892944  0.32052077
5    0.40600728  0.48316554  0.23892944  0.00000000  0.17541003
6    0.39279677  0.39593441  0.32052077  0.17541003  0.00000000

--------------------------------------------------------------------------------
n=4
(result of R-step: (0,2:5)0.65717859)
V=[0, 2, 3, 6]
total successes of this branch: 0
reason of abort: negative delta/dxy

--------------------------------------------------------------------------------
n=4
(result of R-step: (2,3:0)0.56154754)
V=[2, 3, 5, 6]
total successes of this branch: 1
Matrix on 4 elements:

2    0.00000000  0.55623013  0.43907609  0.35184496
3    0.55623013  0.00000000  0.23087018  0.31246152
5    0.43907609  0.23087018  0.00000000  0.17541003
6    0.35184496  0.31246152  0.17541003  0.00000000

--------------------------------------------------------------------------------
n=4
(result of R-step: (3,6:5)0.32663936)
V=[0, 2, 3, 6]
total successes of this branch: 1
Matrix on 4 elements:

0    0.00000000  0.34618950  0.37056924  0.35353334
2    0.34618950  0.00000000  0.60031958  0.35667097
3    0.37056924  0.60031958  0.00000000  0.27319808
6    0.35353334  0.35667097  0.27319808  0.00000000
