n=7
V=[0, 1, 2, 3, 4, 5, 6]
total successes of this branch: 2
Matrix on 7 elements:

0    0.00000000  1.09241755  0.92807479  1.01420425  0.88509114  0.83164172  1.03770275
1    1.09241755  0.00000000  0.88128530  0.67522961  0.89783207  0.53546415  0.52278346
2    0.92807479  0.88128530  0.00000000  0.69416819  0.42259876  0.89620658  0.75038588
3    1.01420425  0.67522961  0.69416819  0.00000000  0.71924992  0.78332944  0.32026813
4    0.88509114  0.89783207  0.42259876  0.71924992  0.00000000  0.89376896  0.77290335
5    0.83164172  0.53546415  0.89620658  0.78332944  0.89376896  0.00000000  0.70886050
6    1.03770275  0.52278346  0.75038588  0.32026813  0.77290335  0.70886050  0.00000000

--------------------------------------------------------------------------------
n=6
(result of R-step: (1,3:6)0.30044119)
V=[0, 1, 2, 3, 4, 5]
total successes of this branch: 2
Matrix on 6 elements:

0    0.00000000  1.00850656  0.92807479  0.93029326  0.88509114  0.83164172
1    1.00850656  0.00000000  0.79737431  0.50740763  0.81392108  0.45155316
2    0.92807479  0.79737431  0.00000000  0.61025720  0.42259876  0.89620658
3    0.93029326  0.50740763  0.61025720  0.00000000  0.63533893  0.69941845
4    0.88509114  0.81392108  0.42259876  0.63533893  0.00000000  0.89376896
5    0.83164172  0.45155316  0.89620658  0.69941845  0.89376896  0.00000000

--------------------------------------------------------------------------------
n=5
(result of R-step: (0,1:5)0.31890242)
V=[0, 1, 2, 3, 4]
total successes of this branch: 2
Matrix on 5 elements:

0    0.00000000  0.81772922  0.79073063  0.79294910  0.74774698
1    0.81772922  0.00000000  0.74394114  0.45397446  0.76048791
2    0.79073063  0.74394114  0.00000000  0.61025720  0.42259876
3    0.79294910  0.45397446  0.61025720  0.00000000  0.63533893
4    0.74774698  0.76048791  0.42259876  0.63533893  0.00000000

--------------------------------------------------------------------------------
n=4
(result of R-step: (0,2:4)0.07837157)
V=[0, 1, 2, 3]
total successes of this branch: 1
Matrix on 4 elements:

0    0.00000000  0.76526583  0.54845968  0.74048570
1    0.76526583  0.00000000  0.55413358  0.45397446
2    0.54845968  0.55413358  0.00000000  0.42044964
3    0.74048570  0.45397446  0.42044964  0.00000000

--------------------------------------------------------------------------------
n=4
(result of R-step: (1,4:2)0.27080273)
V=[0, 1, 3, 4]
total successes of this branch: 0
Matrix on 4 elements:

0    0.00000000  0.51240887  0.79294910  0.61566729
1    0.51240887  0.00000000  0.14865410  0.32308787
3    0.79294910  0.14865410  0.00000000  0.50325924
4    0.61566729  0.32308787  0.50325924  0.00000000
reason of abort: no pseudometric

--------------------------------------------------------------------------------
n=4
(result of R-step: (3,4:2)0.16925726)
V=[0, 1, 3, 4]
total successes of this branch: 1
Matrix on 4 elements:

0    0.00000000  0.81772922  0.65374935  0.57938549
1    0.81772922  0.00000000  0.31477471  0.59212642
3    0.65374935  0.31477471  0.00000000  0.32777769
4    0.57938549  0.59212642  0.32777769  0.00000000
