n=7
V=[0, 1, 2, 3, 4, 5, 6]
total successes of this branch: 1
Matrix on 7 elements:

0    0.00000000  3.01246722  2.94483414  2.95025059  2.37378623  3.00688923  2.68239682
1    3.01246722  0.00000000  2.90534518  2.85618080  2.70691462  1.82741780  2.91917439
2    2.94483414  2.90534518  0.00000000  2.34061313  2.93205557  2.85471445  1.17441355
3    2.95025059  2.85618080  2.34061313  0.00000000  2.91980975  2.75486415  2.41931593
4    2.37378623  2.70691462  2.93205557  2.91980975  0.00000000  2.72600161  2.85998427
5    3.00688923  1.82741780  2.85471445  2.75486415  2.72600161  0.00000000  2.87435987
6    2.68239682  2.91917439  1.17441355  2.41931593  2.85998427  2.87435987  0.00000000

--------------------------------------------------------------------------------
n=6
(result of R-step: (1,3:5)0.91034557)
V=[0, 1, 2, 3, 4, 6]
total successes of this branch: 1
Matrix on 6 elements:

0    0.00000000  2.14941665  2.94483414  2.08720002  2.37378623  2.68239682
1    2.14941665  0.00000000  2.04229461  1.13007966  1.84386405  2.05612382
2    2.94483414  2.04229461  0.00000000  1.47756256  2.93205557  1.17441355
3    2.08720002  1.13007966  1.47756256  0.00000000  2.05675917  1.55626536
4    2.37378623  1.84386405  2.93205557  2.05675917  0.00000000  2.85998427
6    2.68239682  2.05612382  1.17441355  1.55626536  2.85998427  0.00000000

--------------------------------------------------------------------------------
n=5
(result of R-step: (3,4:1)0.56972986)
V=[0, 2, 3, 4, 6]
total successes of this branch: 1
Matrix on 5 elements:

0    0.00000000  2.94483414  1.81846699  1.52181009  2.68239682
2    2.94483414  0.00000000  1.20882953  2.08007943  1.17441355
3    1.81846699  1.20882953  0.00000000  0.93605001  1.28753233
4    1.52181009  2.08007943  0.93605001  0.00000000  2.00800813
6    2.68239682  1.17441355  1.28753233  2.00800813  0.00000000

--------------------------------------------------------------------------------
n=4
(result of R-step: (0,3:4)0.44197118)
V=[0, 2, 3, 6]
total successes of this branch: 1
Matrix on 4 elements:

0    0.00000000  2.48884603  1.33707328  2.22640871
2    2.48884603  0.00000000  1.18342393  1.17441355
3    1.33707328  1.18342393  0.00000000  1.26212674
6    2.22640871  1.17441355  1.26212674  0.00000000

--------------------------------------------------------------------------------
n=4
(result of R-step: (3,6:2)0.91509676)
V=[0, 3, 4, 6]
total successes of this branch: 0
reason of abort: negative delta/dxy
