n=7
V=[0, 1, 2, 3, 4, 5, 6]
total successes of this branch: 2
Matrix on 7 elements:

0    0.00000000  1.60209308  1.56226961  1.58699899  1.15629713  1.58870249  1.60102231
1    1.60209308  0.00000000  1.54697922  1.50370442  1.42620390  1.41074850  0.44763908
2    1.56226961  1.54697922  0.00000000  1.52056555  1.55794361  1.52354657  1.54510545
3    1.58699899  1.50370442  1.52056555  0.00000000  1.56343302  0.77301228  1.44527523
4    1.15629713  1.42620390  1.55794361  1.56343302  0.00000000  1.54794551  1.43593887
5    1.58870249  1.41074850  1.52354657  0.77301228  1.54794551  0.00000000  1.32704063
6    1.60102231  0.44763908  1.54510545  1.44527523  1.43593887  1.32704063  0.00000000

--------------------------------------------------------------------------------
n=6
(result of R-step: (1,5:6)0.92003583)
V=[0, 1, 2, 3, 4, 5]
total successes of this branch: 2
Matrix on 6 elements:

0    0.00000000  1.42012748  1.56226961  1.58699899  1.15629713  1.40673689
1    1.42012748  0.00000000  1.36501362  1.32173882  1.24423830  1.04681729
2    1.56226961  1.36501362  0.00000000  1.52056555  1.55794361  1.34158096
3    1.58699899  1.32173882  1.52056555  0.00000000  1.56343302  0.59104668
4    1.15629713  1.24423830  1.55794361  1.56343302  0.00000000  1.36597991
5    1.40673689  1.04681729  1.34158096  0.59104668  1.36597991  0.00000000

--------------------------------------------------------------------------------
n=5
(result of R-step: (1,3:5)0.11285879)
V=[0, 1, 2, 3, 4]
total successes of this branch: 2
Matrix on 5 elements:

0    0.00000000  1.26206490  1.56226961  1.24697081  1.15629713
1    1.26206490  0.00000000  1.20695104  0.82364805  1.08617572
2    1.56226961  1.20695104  0.00000000  1.18053737  1.55794361
3    1.24697081  0.82364805  1.18053737  0.00000000  1.22340484
4    1.15629713  1.08617572  1.55794361  1.22340484  0.00000000

--------------------------------------------------------------------------------
n=4
(result of R-step: (0,1:4)0.71707675)
V=[0, 1, 2, 3]
total successes of this branch: 1
Matrix on 4 elements:

0    0.00000000  0.62168513  1.07206564  0.75676683
1    0.62168513  0.00000000  1.05677524  0.67347226
2    1.07206564  1.05677524  0.00000000  1.18053737
3    0.75676683  0.67347226  1.18053737  0.00000000

--------------------------------------------------------------------------------
n=4
(result of R-step: (0,4:3)0.66959924)
V=[0, 1, 2, 4]
total successes of this branch: 0
reason of abort: negative delta/dxy

--------------------------------------------------------------------------------
n=4
(result of R-step: (1,2:3)0.11214507)
V=[0, 1, 2, 4]
total successes of this branch: 1
Matrix on 4 elements:

0    0.00000000  1.11188910  0.81506642  1.15629713
1    1.11188910  0.00000000  0.30957205  0.93599993
2    0.81506642  0.30957205  0.00000000  0.81074041
4    1.15629713  0.93599993  0.81074041  0.00000000
