n=7
V=[0, 1, 2, 3, 4, 5, 6]
total successes of this branch: 2
Matrix on 7 elements:

0    0.00000000  2.65092410  2.59568270  1.55289448  1.61334461  2.63449819  2.59636356
1    2.65092410  0.00000000  2.63327917  2.64904463  2.64813071  1.10256931  0.17549866
2    2.59568270  2.63327917  0.00000000  2.47136735  2.38816928  1.98551460  2.63246838
3    1.55289448  2.64904463  2.47136735  0.00000000  1.11936642  2.59621268  2.62540555
4    1.61334461  2.64813071  2.38816928  1.11936642  0.00000000  2.57083175  2.62581498
5    2.63449819  1.10256931  1.98551460  2.59621268  2.57083175  0.00000000  1.13560620
6    2.59636356  0.17549866  2.63246838  2.62540555  2.62581498  1.13560620  0.00000000

--------------------------------------------------------------------------------
n=6
(result of R-step: (0,1:6)0.02156555)
V=[0, 1, 2, 3, 4, 5]
total successes of this branch: 2
Matrix on 6 elements:

0    0.00000000  2.52998598  2.53521364  1.49242542  1.55287555  2.57402913
1    2.52998598  0.00000000  2.57281011  2.58857557  2.58766165  1.04210026
2    2.53521364  2.57281011  0.00000000  2.47136735  2.38816928  1.98551460
3    1.49242542  2.58857557  2.47136735  0.00000000  1.11936642  2.59621268
4    1.55287555  2.58766165  2.38816928  1.11936642  0.00000000  2.57083175
5    2.57402913  1.04210026  1.98551460  2.59621268  2.57083175  0.00000000

--------------------------------------------------------------------------------
n=5
(result of R-step: (1,2:5)0.70265221)
V=[0, 1, 2, 3, 4]
total successes of this branch: 2
Matrix on 5 elements:

0    0.00000000  2.36305267  2.30781126  1.49242542  1.55287555
1    2.36305267  0.00000000  2.17847441  2.42164225  2.42072833
2    2.30781126  2.17847441  0.00000000  2.24396497  2.16076691
3    1.49242542  2.42164225  2.24396497  0.00000000  1.11936642
4    1.55287555  2.42072833  2.16076691  1.11936642  0.00000000

--------------------------------------------------------------------------------
n=4
(result of R-step: (1,3:2)0.52471894)
V=[0, 1, 3, 4]
total successes of this branch: 0
Matrix on 4 elements:

0    0.00000000  1.72560427  0.84572158  1.55287555
1    1.72560427  0.00000000  1.13749002  1.78327994
3    0.84572158  1.13749002  0.00000000  0.47266258
4    1.55287555  1.78327994  0.47266258  0.00000000
reason of abort: no pseudometric

--------------------------------------------------------------------------------
n=4
(result of R-step: (1,3:4)0.15345098)
V=[0, 1, 2, 3]
total successes of this branch: 0
Matrix on 4 elements:

0    0.00000000  0.91686466  2.30781126  1.00756778
1    0.91686466  0.00000000  0.73228641  0.49059661
2    2.30781126  0.73228641  0.00000000  1.75910733
3    1.00756778  0.49059661  1.75910733  0.00000000
reason of abort: no pseudometric

--------------------------------------------------------------------------------
n=4
(result of R-step: (1,4:2)0.75119650)
V=[0, 1, 3, 4]
total successes of this branch: 1
Matrix on 4 elements:

0    0.00000000  1.41133415  1.49242542  1.15900901
1    1.41133415  0.00000000  1.46992374  1.07514327
3    1.49242542  1.46992374  0.00000000  0.72549988
4    1.15900901  1.07514327  0.72549988  0.00000000

--------------------------------------------------------------------------------
n=4
(result of R-step: (2,3:4)0.05796971)
V=[0, 1, 2, 3]
total successes of this branch: 1
Matrix on 4 elements:

0    0.00000000  2.36305267  2.01712946  0.97434124
1    2.36305267  0.00000000  1.88779261  1.90355808
2    2.01712946  1.88779261  0.00000000  1.43519899
3    0.97434124  1.90355808  1.43519899  0.00000000
