n=7
V=[0, 1, 2, 3, 4, 5, 6]
total successes of this branch: 2
Matrix on 7 elements:

0    0.00000000  1.96477365  1.35640233  1.26688956  1.80370013  1.79743827  1.89344300
1    1.96477365  0.00000000  1.84677490  1.87088831  0.65748861  0.67413779  0.35327977
2    1.35640233  1.84677490  0.00000000  1.00788525  1.41850869  1.40049962  1.65711922
3    1.26688956  1.87088831  1.00788525  0.00000000  1.64239801  1.63351528  1.76970246
4    1.80370013  0.65748861  1.41850869  1.64239801  0.00000000  0.15009125  0.41569319
5    1.79743827  0.67413779  1.40049962  1.63351528  0.15009125  0.00000000  0.44206624
6    1.89344300  0.35327977  1.65711922  1.76970246  0.41569319  0.44206624  0.00000000

--------------------------------------------------------------------------------
n=6
(result of R-step: (1,4:6)0.55715470)
V=[0, 1, 2, 3, 4, 5]
total successes of this branch: 2
Matrix on 6 elements:

0    0.00000000  1.90903148  1.35640233  1.26688956  1.74795795  1.79743827
1    1.90903148  0.00000000  1.79103273  1.81514614  0.54600427  0.61839562
2    1.35640233  1.79103273  0.00000000  1.00788525  1.36276651  1.40049962
3    1.26688956  1.81514614  1.00788525  0.00000000  1.58665584  1.63351528
4    1.74795795  0.54600427  1.36276651  1.58665584  0.00000000  0.09434907
5    1.79743827  0.61839562  1.40049962  1.63351528  0.09434907  0.00000000

--------------------------------------------------------------------------------
n=5
(result of R-step: (1,3:0)0.10265110)
V=[1, 2, 3, 4, 5]
total successes of this branch: 2
Matrix on 5 elements:

1    0.00000000  1.73216370  1.30358994  0.48713524  0.55952659
2    1.73216370  0.00000000  0.55519807  1.36276651  1.40049962
3    1.30358994  0.55519807  0.00000000  1.13396866  1.18082810
4    0.48713524  1.36276651  1.13396866  0.00000000  0.09434907
5    0.55952659  1.40049962  1.18082810  0.09434907  0.00000000

--------------------------------------------------------------------------------
n=4
(result of R-step: (1,5:4)0.04368711)
V=[1, 2, 3, 5]
total successes of this branch: 1
Matrix on 4 elements:

1    0.00000000  1.68323278  1.25465902  0.44674234
2    1.68323278  0.00000000  0.55519807  1.33664629
3    1.25465902  0.55519807  0.00000000  1.11697477
5    0.44674234  1.33664629  1.11697477  0.00000000

--------------------------------------------------------------------------------
n=4
(result of R-step: (2,4:5)0.01399930)
V=[1, 2, 3, 4]
total successes of this branch: 1
Matrix on 4 elements:

1    0.00000000  1.66612261  1.30358994  0.47683632
2    1.66612261  0.00000000  0.48915698  1.28642651
3    1.30358994  0.48915698  0.00000000  1.12366975
4    0.47683632  1.28642651  1.12366975  0.00000000

--------------------------------------------------------------------------------
n=4
(result of R-step: (3,4:5)0.02134098)
V=[1, 2, 3, 4]
total successes of this branch: 0
Matrix on 4 elements:

1    0.00000000  1.73216370  0.92656797  0.47937888
2    1.73216370  0.00000000  0.17817611  1.35501015
3    0.92656797  0.17817611  0.00000000  0.74919034
4    0.47937888  1.35501015  0.74919034  0.00000000
reason of abort: no pseudometric
