n=7
V=[0, 1, 2, 3, 4, 5, 6]
total successes of this branch: 2
Matrix on 7 elements:

0    0.00000000  1.48976516  1.43114364  1.46934616  1.48749421  1.48849380  0.84540381
1    1.48976516  0.00000000  1.47389293  1.37969113  1.15850849  0.74472890  0.70159055
2    1.43114364  1.47389293  0.00000000  1.42354268  1.46829311  1.47075796  1.45466410
3    1.46934616  1.37969113  1.42354268  0.00000000  1.35201358  1.36419630  1.42001838
4    1.48749421  1.15850849  1.46829311  1.35201358  0.00000000  0.63223461  1.30648780
5    1.48849380  0.74472890  1.47075796  1.36419630  0.63223461  0.00000000  1.07927782
6    0.84540381  0.70159055  1.45466410  1.42001838  1.30648780  1.07927782  0.00000000

--------------------------------------------------------------------------------
n=6
(result of R-step: (0,1:6)0.44980466)
V=[0, 1, 2, 3, 4, 5]
total successes of this branch: 2
Matrix on 6 elements:

0    0.00000000  1.43253595  1.40252904  1.44073156  1.45887961  1.45987920
1    1.43253595  0.00000000  1.44527833  1.35107653  1.12989389  0.71611430
2    1.40252904  1.44527833  0.00000000  1.42354268  1.46829311  1.47075796
3    1.44073156  1.35107653  1.42354268  0.00000000  1.35201358  1.36419630
4    1.45887961  1.12989389  1.46829311  1.35201358  0.00000000  0.63223461
5    1.45987920  0.71611430  1.47075796  1.36419630  0.63223461  0.00000000

--------------------------------------------------------------------------------
n=5
(result of R-step: (1,4:5)0.44016601)
V=[0, 1, 2, 3, 4]
total successes of this branch: 2
Matrix on 5 elements:

0    0.00000000  1.35192304  1.40252904  1.44073156  1.34965210
1    1.35192304  0.00000000  1.36466542  1.27046362  0.94005347
2    1.40252904  1.36466542  0.00000000  1.42354268  1.35906560
3    1.44073156  1.27046362  1.42354268  0.00000000  1.24278607
4    1.34965210  0.94005347  1.35906560  1.24278607  0.00000000

--------------------------------------------------------------------------------
n=4
(result of R-step: (1,2:0)0.10003411)
V=[1, 2, 3, 4]
total successes of this branch: 1
Matrix on 4 elements:

1    0.00000000  0.22316596  0.81427567  0.48386551
2    0.22316596  0.00000000  0.73823118  0.67375410
3    0.81427567  0.73823118  0.00000000  1.24278607
4    0.48386551  0.67375410  1.24278607  0.00000000

--------------------------------------------------------------------------------
n=4
(result of R-step: (1,3:4)0.88878271)
V=[0, 1, 2, 3]
total successes of this branch: 1
Matrix on 4 elements:

0    0.00000000  0.89573509  1.40252904  0.87531609
1    0.89573509  0.00000000  0.90847746  0.24886020
2    1.40252904  0.90847746  0.00000000  0.85812721
3    0.87531609  0.24886020  0.85812721  0.00000000

--------------------------------------------------------------------------------
n=4
(result of R-step: (2,4:0)0.87725816)
V=[1, 2, 3, 4]
total successes of this branch: 0
Matrix on 4 elements:

1    0.00000000  0.68280254  1.27046362  0.45926618
2    0.68280254  0.00000000  0.74167980  0.19641543
3    1.27046362  0.74167980  0.00000000  0.76199877
4    0.45926618  0.19641543  0.76199877  0.00000000
reason of abort: no pseudometric
