n=7
V=[0, 1, 2, 3, 4, 5, 6]
total successes of this branch: 2
Matrix on 7 elements:

0    0.00000000  1.12874574  1.09821123  1.04228512  0.74478629  1.11160908  0.88979731
1    1.12874574  0.00000000  1.09321611  0.58634904  1.11239976  0.78343243  1.10452867
2    1.09821123  1.09321611  0.00000000  1.09390288  0.79706539  0.69698427  0.52550335
3    1.04228512  0.58634904  1.09390288  0.00000000  1.06603270  0.87119971  1.07746790
4    0.74478629  1.11239976  0.79706539  1.06603270  0.00000000  0.93542700  0.40676880
5    1.11160908  0.78343243  0.69698427  0.87119971  0.93542700  0.00000000  0.83759342
6    0.88979731  1.10452867  0.52550335  1.07746790  0.40676880  0.83759342  0.00000000

--------------------------------------------------------------------------------
n=6
(result of R-step: (2,4:6)0.41030219)
V=[0, 1, 2, 3, 4, 5]
total successes of this branch: 2
Matrix on 6 elements:

0    0.00000000  1.12874574  1.03060785  1.04228512  0.67718291  1.11160908
1    1.12874574  0.00000000  1.02561273  0.58634904  1.04479638  0.78343243
2    1.03060785  1.02561273  0.00000000  1.02629950  0.66185864  0.62938089
3    1.04228512  0.58634904  1.02629950  0.00000000  0.99842932  0.87119971
4    0.67718291  1.04479638  0.66185864  0.99842932  0.00000000  0.86782362
5    1.11160908  0.78343243  0.62938089  0.87119971  0.86782362  0.00000000

--------------------------------------------------------------------------------
n=5
(result of R-step: (1,2:5)0.43877743)
V=[0, 1, 2, 3, 4]
total successes of this branch: 2
Matrix on 5 elements:

0    0.00000000  0.93514544  0.90461093  1.04228512  0.67718291
1    0.93514544  0.00000000  0.70601552  0.39274875  0.85119609
2    0.90461093  0.70601552  0.00000000  0.90030259  0.53586172
3    1.04228512  0.39274875  0.90030259  0.00000000  0.99842932
4    0.67718291  0.85119609  0.53586172  0.99842932  0.00000000

--------------------------------------------------------------------------------
n=4
(result of R-step: (0,2:4)0.53993388)
V=[0, 1, 2, 3]
total successes of this branch: 1
Matrix on 4 elements:

0    0.00000000  0.71332522  0.65457078  0.82046489
1    0.71332522  0.00000000  0.67779559  0.39274875
2    0.65457078  0.67779559  0.00000000  0.87208266
3    0.82046489  0.39274875  0.87208266  0.00000000

--------------------------------------------------------------------------------
n=4
(result of R-step: (2,3:1)0.12340527)
V=[0, 2, 3, 4]
total successes of this branch: 1
Matrix on 4 elements:

0    0.00000000  0.87639100  0.83021642  0.67718291
2    0.87639100  0.00000000  0.66001395  0.50764179
3    0.83021642  0.66001395  0.00000000  0.78636062
4    0.67718291  0.50764179  0.78636062  0.00000000
