n=7
V=[0, 1, 2, 3, 4, 5, 6]
total successes of this branch: 1
Matrix on 7 elements:

0    0.00000000  1.54829225  1.26033970  1.53971426  1.43465243  1.27989986  0.93713862
1    1.54829225  0.00000000  1.40628334  1.12047337  1.22795530  1.38627260  1.44616209
2    1.26033970  1.40628334  0.00000000  1.39750776  1.12216596  0.69583346  0.43261633
3    1.53971426  1.12047337  1.39750776  0.00000000  0.94067599  1.34624527  1.43744200
4    1.43465243  1.22795530  1.12216596  0.94067599  0.00000000  1.06827907  1.20991800
5    1.27989986  1.38627260  0.69583346  1.34624527  1.06827907  0.00000000  0.85985021
6    0.93713862  1.44616209  0.43261633  1.43744200  1.20991800  0.85985021  0.00000000

--------------------------------------------------------------------------------
n=6
(result of R-step: (0,2:6)0.28081868)
V=[0, 1, 2, 3, 4, 5]
total successes of this branch: 1
Matrix on 6 elements:

0    0.00000000  1.49358462  1.15092445  1.48500664  1.37994481  1.22519224
1    1.49358462  0.00000000  1.35157571  1.12047337  1.22795530  1.38627260
2    1.15092445  1.35157571  0.00000000  1.34280014  1.06745834  0.64112584
3    1.48500664  1.12047337  1.34280014  0.00000000  0.94067599  1.34624527
4    1.37994481  1.22795530  1.06745834  0.94067599  0.00000000  1.06827907
5    1.22519224  1.38627260  0.64112584  1.34624527  1.06827907  0.00000000

--------------------------------------------------------------------------------
n=5
(result of R-step: (0,3:1)0.44126778)
V=[0, 2, 3, 4, 5]
total successes of this branch: 1
Matrix on 5 elements:

0    0.00000000  0.50458287  0.50599796  0.73360323  0.57885066
2    0.50458287  0.00000000  1.01013304  1.06745834  0.64112584
3    0.50599796  1.01013304  0.00000000  0.60800889  1.01357817
4    0.73360323  1.06745834  0.60800889  0.00000000  1.06827907
5    0.57885066  0.64112584  1.01357817  1.06827907  0.00000000

--------------------------------------------------------------------------------
n=4
(result of R-step: (0,4:3)0.03573182)
V=[0, 2, 4, 5]
total successes of this branch: 0
reason of abort: negative delta/dxy

--------------------------------------------------------------------------------
n=4
(result of R-step: (2,3:5)0.84063201)
V=[0, 2, 3, 4]
total successes of this branch: 0
Matrix on 4 elements:

0    0.00000000  0.26303800  0.22242240  0.73360323
2    0.26303800  0.00000000  0.48501261  0.82591347
3    0.22242240  0.48501261  0.00000000  0.32443333
4    0.73360323  0.82591347  0.32443333  0.00000000
reason of abort: no pseudometric

--------------------------------------------------------------------------------
n=4
(result of R-step: (2,4:5)0.88778694)
V=[0, 2, 3, 4]
total successes of this branch: 1
Matrix on 4 elements:

0    0.00000000  0.23831721  0.50599796  0.41262994
2    0.23831721  0.00000000  0.74386738  0.48021939
3    0.50599796  0.74386738  0.00000000  0.28703561
4    0.41262994  0.48021939  0.28703561  0.00000000
