n=7
V=[0, 1, 2, 3, 4, 5, 6]
total successes of this branch: 2
Matrix on 7 elements:

0    0.00000000  2.20953977  2.20902549  2.20914890  2.20944617  1.95388077  2.20908811
1    2.20953977  0.00000000  2.20634057  2.09089420  1.76210429  2.20725183  2.14775973
2    2.20902549  2.20634057  0.00000000  1.84066754  2.11877369  1.56842744  0.99796230
3    2.20914890  2.09089420  1.84066754  0.00000000  1.98736860  1.94562632  0.97254275
4    2.20944617  1.76210429  2.11877369  1.98736860  0.00000000  2.14460097  2.05209493
5    1.95388077  2.20725183  1.56842744  1.94562632  2.14460097  0.00000000  1.75982910
6    2.20908811  2.14775973  0.99796230  0.97254275  2.05209493  1.75982910  0.00000000

--------------------------------------------------------------------------------
n=6
(result of R-step: (2,3:6)0.49257099)
V=[0, 1, 2, 3, 4, 5]
total successes of this branch: 2
Matrix on 6 elements:

0    0.00000000  2.20953977  2.14410674  2.14423014  2.20944617  1.95388077
1    2.20953977  0.00000000  2.14142181  2.02597545  1.76210429  2.20725183
2    2.14410674  2.14142181  0.00000000  1.71083002  2.05385493  1.50350868
3    2.14423014  2.02597545  1.71083002  0.00000000  1.92244984  1.88070757
4    2.20944617  1.76210429  2.05385493  1.92244984  0.00000000  2.14460097
5    1.95388077  2.20725183  1.50350868  1.88070757  2.14460097  0.00000000

--------------------------------------------------------------------------------
n=5
(result of R-step: (1,3:4)0.76053230)
V=[0, 1, 2, 3, 5]
total successes of this branch: 2
Matrix on 5 elements:

0    0.00000000  1.38025043  2.14410674  1.37985955  1.95388077
1    1.38025043  0.00000000  1.31213247  0.43231552  1.37796249
2    2.14410674  1.31213247  0.00000000  0.94645944  1.50350868
3    1.37985955  0.43231552  0.94645944  0.00000000  1.11633698
5    1.95388077  1.37796249  1.50350868  1.11633698  0.00000000

--------------------------------------------------------------------------------
n=4
(result of R-step: (0,3:1)0.28893781)
V=[0, 2, 3, 5]
total successes of this branch: 1
Matrix on 4 elements:

0    0.00000000  1.48746538  0.71337766  1.29723941
2    1.48746538  0.00000000  0.93661890  1.50350868
3    0.71337766  0.93661890  0.00000000  1.10649644
5    1.29723941  1.50350868  1.10649644  0.00000000

--------------------------------------------------------------------------------
n=4
(result of R-step: (2,5:1)0.30655386)
V=[0, 2, 3, 5]
total successes of this branch: 0
reason of abort: negative delta/dxy

--------------------------------------------------------------------------------
n=4
(result of R-step: (3,5:2)0.68901572)
V=[0, 1, 3, 5]
total successes of this branch: 1
Matrix on 4 elements:

0    0.00000000  1.38025043  1.37001901  1.71496300
1    1.38025043  0.00000000  0.42247497  1.13904472
3    1.37001901  0.42247497  0.00000000  0.86757867
5    1.71496300  1.13904472  0.86757867  0.00000000
