n=7
V=[0, 1, 2, 3, 4, 5, 6]
total successes of this branch: 1
Matrix on 7 elements:

0    0.00000000  2.99662801  2.22875225  2.92082759  2.96160104  2.18933645  2.93323824
1    2.99662801  0.00000000  2.87057650  1.91114074  1.80506547  2.87526992  1.87885346
2    2.22875225  2.87057650  0.00000000  2.76549308  2.82201802  1.20957409  2.78269819
3    2.92082759  1.91114074  2.76549308  0.00000000  1.82001539  2.77127683  1.35482298
4    2.96160104  1.80506547  2.82201802  1.82001539  0.00000000  2.82721527  1.61646197
5    2.18933645  2.87526992  1.20957409  2.77127683  2.82721527  0.00000000  2.78830342
6    2.93323824  1.87885346  2.78269819  1.35482298  1.61646197  2.78830342  0.00000000

--------------------------------------------------------------------------------
n=6
(result of R-step: (0,2:5)0.03723411)
V=[0, 1, 2, 3, 4, 6]
total successes of this branch: 1
Matrix on 6 elements:

0    0.00000000  2.41154887  1.05859397  2.33574844  2.37652190  2.34815910
1    2.41154887  0.00000000  2.28549736  1.91114074  1.80506547  1.87885346
2    1.05859397  2.28549736  0.00000000  2.18041394  2.23693888  2.19761905
3    2.33574844  1.91114074  2.18041394  0.00000000  1.82001539  1.35482298
4    2.37652190  1.80506547  2.23693888  1.82001539  0.00000000  1.61646197
6    2.34815910  1.87885346  2.19761905  1.35482298  1.61646197  0.00000000

--------------------------------------------------------------------------------
n=5
(result of R-step: (1,2:0)0.09687243)
V=[1, 2, 3, 4, 6]
total successes of this branch: 1
Matrix on 5 elements:

1    0.00000000  1.06547083  1.05417068  0.94809541  1.02188340
2    1.06547083  0.00000000  1.81735746  1.87388240  1.83456257
3    1.05417068  1.81735746  0.00000000  1.82001539  1.35482298
4    0.94809541  1.87388240  1.82001539  0.00000000  1.61646197
6    1.02188340  1.83456257  1.35482298  1.61646197  0.00000000

--------------------------------------------------------------------------------
n=4
(result of R-step: (2,6:3)0.80093406)
V=[1, 2, 4, 6]
total successes of this branch: 0
reason of abort: negative delta/dxy

--------------------------------------------------------------------------------
n=4
(result of R-step: (3,4:6)0.69561916)
V=[1, 2, 3, 4]
total successes of this branch: 1
Matrix on 4 elements:

1    0.00000000  1.06547083  0.47853590  0.37246063
2    1.06547083  0.00000000  1.24172268  1.29824761
3    0.47853590  1.24172268  0.00000000  0.66874582
4    0.37246063  1.29824761  0.66874582  0.00000000
