n=7
V=[0, 1, 2, 3, 4, 5, 6]
total successes of this branch: 1
Matrix on 7 elements:

0    0.00000000  2.42254119  2.10954592  2.36750707  2.38981820  2.41184293  2.40475878
1    2.42254119  0.00000000  2.33577791  2.02617708  1.34306058  0.97223831  0.94629738
2    2.10954592  2.33577791  0.00000000  2.30819588  2.21987392  2.29788497  2.32686571
3    2.36750707  2.02617708  2.30819588  0.00000000  2.05566154  2.03581655  1.51068774
4    2.38981820  1.34306058  2.21987392  2.05566154  0.00000000  1.16293809  1.57331338
5    2.41184293  0.97223831  2.29788497  2.03581655  1.16293809  0.00000000  1.31589751
6    2.40475878  0.94629738  2.32686571  1.51068774  1.57331338  1.31589751  0.00000000

--------------------------------------------------------------------------------
n=6
(result of R-step: (1,3:6)0.67688395)
V=[0, 1, 2, 3, 4, 5]
total successes of this branch: 1
Matrix on 6 elements:

0    0.00000000  2.20713716  2.10954592  2.15210304  2.38981820  2.41184293
1    2.20713716  0.00000000  2.12037388  1.59536903  1.12765655  0.75683429
2    2.10954592  2.12037388  0.00000000  2.09279186  2.21987392  2.29788497
3    2.15210304  1.59536903  2.09279186  0.00000000  1.84025752  1.82041252
4    2.38981820  1.12765655  2.21987392  1.84025752  0.00000000  1.16293809
5    2.41184293  0.75683429  2.29788497  1.82041252  1.16293809  0.00000000

--------------------------------------------------------------------------------
n=5
(result of R-step: (1,4:5)0.67306616)
V=[0, 1, 2, 3, 4]
total successes of this branch: 1
Matrix on 5 elements:

0    0.00000000  2.02648327  2.10954592  2.15210304  1.99376029
1    2.02648327  0.00000000  1.93971999  1.41471514  0.55094475
2    2.10954592  1.93971999  0.00000000  2.09279186  1.82381601
3    2.15210304  1.41471514  2.09279186  0.00000000  1.44419960
4    1.99376029  0.55094475  1.82381601  1.44419960  0.00000000

--------------------------------------------------------------------------------
n=4
(result of R-step: (0,1:2)0.84316876)
V=[0, 1, 3, 4]
total successes of this branch: 0
Matrix on 4 elements:

0    0.00000000  0.44036511  1.12301145  0.96466870
1    0.44036511  0.00000000  0.85768857 -0.00608182
3    1.12301145  0.85768857  0.00000000  1.44419960
4    0.96466870 -0.00608182  1.44419960  0.00000000
reason of abort: no pseudometric

--------------------------------------------------------------------------------
n=4
(result of R-step: (0,4:2)0.96423810)
V=[0, 1, 3, 4]
total successes of this branch: 0
reason of abort: negative delta/dxy

--------------------------------------------------------------------------------
n=4
(result of R-step: (2,3:0)0.42787064)
V=[1, 2, 3, 4]
total successes of this branch: 1
Matrix on 4 elements:

1    0.00000000  1.32614170  0.65481280  0.55094475
2    1.32614170  0.00000000  0.71931121  1.21023771
3    0.65481280  0.71931121  0.00000000  0.68429726
4    0.55094475  1.21023771  0.68429726  0.00000000
