n=7
V=[0, 1, 2, 3, 4, 5, 6]
total successes of this branch: 2
Matrix on 7 elements:

0    0.00000000  1.21734464  1.08942408  0.91365308  1.16650129  1.05153852  1.07348473
1    1.21734464  0.00000000  0.87950479  0.97462581  0.42507319  0.90000711  0.88813060
2    1.08942408  0.87950479  0.00000000  0.64091191  0.57974271  0.21845312  0.14786531
3    0.91365308  0.97462581  0.64091191  0.00000000  0.84198777  0.52483667  0.59207631
4    1.16650129  0.42507319  0.57974271  0.84198777  0.00000000  0.63626682  0.60352374
5    1.05153852  0.90000711  0.21845312  0.52483667  0.63626682  0.00000000  0.16718577
6    1.07348473  0.88813060  0.14786531  0.59207631  0.60352374  0.16718577  0.00000000

--------------------------------------------------------------------------------
n=6
(result of R-step: (2,5:6)0.57927632)
V=[0, 1, 2, 3, 4, 5]
total successes of this branch: 2
Matrix on 6 elements:

0    0.00000000  1.21734464  1.04112511  0.91365308  1.16650129  1.00323955
1    1.21734464  0.00000000  0.83120582  0.97462581  0.42507319  0.85170813
2    1.04112511  0.83120582  0.00000000  0.59261293  0.53144373  0.12185517
3    0.91365308  0.97462581  0.59261293  0.00000000  0.84198777  0.47653769
4    1.16650129  0.42507319  0.53144373  0.84198777  0.00000000  0.58796785
5    1.00323955  0.85170813  0.12185517  0.47653769  0.58796785  0.00000000

--------------------------------------------------------------------------------
n=5
(result of R-step: (2,3:5)0.78446071)
V=[0, 1, 2, 3, 4]
total successes of this branch: 2
Matrix on 5 elements:

0    0.00000000  1.21734464  1.03823514  0.86246414  1.16650129
1    1.21734464  0.00000000  0.82831585  0.92343687  0.42507319
2    1.03823514  0.82831585  0.00000000  0.53853403  0.52855377
3    0.86246414  0.92343687  0.53853403  0.00000000  0.79079883
4    1.16650129  0.42507319  0.52855377  0.79079883  0.00000000

--------------------------------------------------------------------------------
n=4
(result of R-step: (0,2:3)0.67140002)
V=[0, 1, 2, 4]
total successes of this branch: 1
Matrix on 4 elements:

0    0.00000000  0.70544935  0.51487324  0.65460600
1    0.70544935  0.00000000  0.81684924  0.42507319
2    0.51487324  0.81684924  0.00000000  0.51708716
4    0.65460600  0.42507319  0.51708716  0.00000000

--------------------------------------------------------------------------------
n=4
(result of R-step: (1,3:0)0.18916436)
V=[1, 2, 3, 4]
total successes of this branch: 1
Matrix on 4 elements:

1    0.00000000  0.76566030  0.71099875  0.36241763
2    0.76566030  0.00000000  0.38875147  0.52855377
3    0.71099875  0.38875147  0.00000000  0.64101627
4    0.36241763  0.52855377  0.64101627  0.00000000

--------------------------------------------------------------------------------
n=4
(result of R-step: (3,4:0)0.57862341)
V=[1, 2, 3, 4]
total successes of this branch: 0
Matrix on 4 elements:

1    0.00000000  0.82831585  0.90154571  0.18179909
2    0.82831585  0.00000000  0.51664288  0.28527968
3    0.90154571  0.51664288  0.00000000  0.52563358
4    0.18179909  0.28527968  0.52563358  0.00000000
reason of abort: no pseudometric
