n=7
V=[0, 1, 2, 3, 4, 5, 6]
total successes of this branch: 2
Matrix on 7 elements:

0    0.00000000  2.39841019  2.05478386  2.37536308  2.10026540  1.72368718  1.54661869
1    2.39841019  0.00000000  2.29790946  1.95412259  2.20794027  2.28427888  2.34795736
2    2.05478386  2.29790946  0.00000000  2.28591946  1.70813518  2.11415938  2.08103137
3    2.37536308  1.95412259  2.28591946  0.00000000  2.24200364  2.15008607  2.27577726
4    2.10026540  2.20794027  1.70813518  2.24200364  0.00000000  2.13667598  2.11636104
5    1.72368718  2.28427888  2.11415938  2.15008607  2.13667598  0.00000000  1.58339482
6    1.54661869  2.34795736  2.08103137  2.27577726  2.11636104  1.58339482  0.00000000

--------------------------------------------------------------------------------
n=6
(result of R-step: (0,5:6)0.55794056)
V=[0, 1, 2, 3, 4, 5]
total successes of this branch: 2
Matrix on 6 elements:

0    0.00000000  1.69524702  1.35162069  1.67219992  1.39710224  0.31736085
1    1.69524702  0.00000000  2.29790946  1.95412259  2.20794027  1.58111572
2    1.35162069  2.29790946  0.00000000  2.28591946  1.70813518  1.41099622
3    1.67219992  1.95412259  2.28591946  0.00000000  2.24200364  1.44692291
4    1.39710224  2.20794027  1.70813518  2.24200364  0.00000000  1.43351282
5    0.31736085  1.58111572  1.41099622  1.44692291  1.43351282  0.00000000

--------------------------------------------------------------------------------
n=5
(result of R-step: (0,3:5)0.74311390)
V=[0, 1, 2, 3, 4]
total successes of this branch: 2
Matrix on 5 elements:

0    0.00000000  1.64920510  1.30557877  0.87695291  1.35106031
1    1.64920510  0.00000000  2.29790946  1.20491750  2.20794027
2    1.30557877  2.29790946  0.00000000  1.53671438  1.70813518
3    0.87695291  1.20491750  1.53671438  0.00000000  1.49279856
4    1.35106031  2.20794027  1.70813518  1.49279856  0.00000000

--------------------------------------------------------------------------------
n=4
(result of R-step: (1,2:4)0.13235756)
V=[0, 1, 2, 3]
total successes of this branch: 1
Matrix on 4 elements:

0    0.00000000  0.84012210  0.49649578  0.87695291
1    0.84012210  0.00000000  0.67974347  0.39583451
2    0.49649578  0.67974347  0.00000000  0.72763138
3    0.87695291  0.39583451  0.72763138  0.00000000

--------------------------------------------------------------------------------
n=4
(result of R-step: (2,3:1)0.26776066)
V=[0, 2, 3, 4]
total successes of this branch: 0
Matrix on 4 elements:

0    0.00000000  0.34355602  0.78411251  1.35106031
2    0.34355602  0.00000000  0.48185122  0.74611243
3    0.78411251  0.48185122  0.00000000  1.39995815
4    1.35106031  0.74611243  1.39995815  0.00000000
reason of abort: no pseudometric

--------------------------------------------------------------------------------
n=4
(result of R-step: (2,3:4)0.79612035)
V=[0, 1, 2, 3]
total successes of this branch: 0
Matrix on 4 elements:

0    0.00000000  1.64920510  0.51300969  0.54214919
1    1.64920510  0.00000000  1.50534037  0.87011378
2    0.51300969  1.50534037  0.00000000  0.40934157
3    0.54214919  0.87011378  0.40934157  0.00000000
reason of abort: no pseudometric

--------------------------------------------------------------------------------
n=4
(result of R-step: (3,4:1)0.96347011)
V=[0, 2, 3, 4]
total successes of this branch: 1
Matrix on 4 elements:

0    0.00000000  1.30557877  0.67172982  1.14930247
2    1.30557877  0.00000000  1.33149128  1.50637733
3    0.67172982  1.33149128  0.00000000  1.08581761
4    1.14930247  1.50637733  1.08581761  0.00000000
