n=7
V=[0, 1, 2, 3, 4, 5, 6]
total successes of this branch: 2
Matrix on 7 elements:

0    0.00000000  1.16801798  1.09430038  0.86888161  1.12440693  1.11694386  1.13730800
1    1.16801798  0.00000000  1.14032254  1.16067492  0.95818545  1.00333513  0.79262483
2    1.09430038  1.14032254  0.00000000  1.01297006  0.87648652  0.78122773  0.95453477
3    0.86888161  1.16067492  1.01297006  0.00000000  1.07329328  1.05833985  1.09914261
4    1.12440693  0.95818545  0.87648652  1.07329328  0.00000000  0.58746439  0.56408132
5    1.11694386  1.00333513  0.78122773  1.05833985  0.58746439  0.00000000  0.71048772
6    1.13730800  0.79262483  0.95453477  1.09914261  0.56408132  0.71048772  0.00000000

--------------------------------------------------------------------------------
n=6
(result of R-step: (1,4:6)0.29582107)
V=[0, 1, 2, 3, 4, 5]
total successes of this branch: 2
Matrix on 6 elements:

0    0.00000000  0.96875764  1.09430038  0.86888161  0.92514658  1.11694386
1    0.96875764  0.00000000  0.94106220  0.96141457  0.55966476  0.80407478
2    1.09430038  0.94106220  0.00000000  1.01297006  0.67722617  0.78122773
3    0.86888161  0.96141457  1.01297006  0.00000000  0.87403293  1.05833985
4    0.92514658  0.55966476  0.67722617  0.87403293  0.00000000  0.38820404
5    1.11694386  0.80407478  0.78122773  1.05833985  0.38820404  0.00000000

--------------------------------------------------------------------------------
n=5
(result of R-step: (2,4:5)0.24788842)
V=[0, 1, 2, 3, 4]
total successes of this branch: 2
Matrix on 5 elements:

0    0.00000000  0.96875764  0.84819758  0.86888161  0.87830413
1    0.96875764  0.00000000  0.69495939  0.96141457  0.51282230
2    0.84819758  0.69495939  0.00000000  0.76686726  0.38428091
3    0.86888161  0.96141457  0.76686726  0.00000000  0.82719048
4    0.87830413  0.51282230  0.38428091  0.82719048  0.00000000

--------------------------------------------------------------------------------
n=4
(result of R-step: (0,2:3)0.80124605)
V=[0, 1, 2, 4]
total successes of this branch: 1
Matrix on 4 elements:

0    0.00000000  0.56112782  0.33949585  0.47067430
1    0.56112782  0.00000000  0.59388749  0.51282230
2    0.33949585  0.59388749  0.00000000  0.28320900
4    0.47067430  0.51282230  0.28320900  0.00000000

--------------------------------------------------------------------------------
n=4
(result of R-step: (0,3:4)0.89212555)
V=[0, 1, 2, 3]
total successes of this branch: 0
reason of abort: negative delta/dxy

--------------------------------------------------------------------------------
n=4
(result of R-step: (1,2:4)0.40840374)
V=[0, 1, 2, 3]
total successes of this branch: 1
Matrix on 4 elements:

0    0.00000000  0.82084327  0.74712567  0.86888161
1    0.82084327  0.00000000  0.44597312  0.81350021
2    0.74712567  0.44597312  0.00000000  0.66579535
3    0.86888161  0.81350021  0.66579535  0.00000000
