n=7
V=[0, 1, 2, 3, 4, 5, 6]
total successes of this branch: 2
Matrix on 7 elements:

0    0.00000000  3.59957282  3.59198901  3.59478036  0.66870747  0.62471612  0.20382897
1    3.59957282  0.00000000  3.55784895  3.16328501  3.59470598  3.59641614  3.59894636
2    3.59198901  3.55784895  0.00000000  2.88042117  3.59193241  3.59195230  3.54034234
3    3.59478036  3.16328501  2.88042117  0.00000000  3.59406503  3.59431639  3.58405468
4    0.66870747  3.59470598  3.59193241  3.59406503  0.00000000  0.58750669  0.71259797
5    0.62471612  3.59641614  3.59195230  3.59431639  0.58750669  0.00000000  0.66926742
6    0.20382897  3.59894636  3.54034234  3.58405468  0.71259797  0.66926742  0.00000000

--------------------------------------------------------------------------------
n=6
(result of R-step: (0,2:6)0.98498559)
V=[0, 1, 2, 3, 4, 5]
total successes of this branch: 2
Matrix on 6 elements:

0    0.00000000  3.52348167  3.43980671  3.51868921  0.59261632  0.54862497
1    3.52348167  0.00000000  3.48175780  3.16328501  3.59470598  3.59641614
2    3.43980671  3.48175780  0.00000000  2.80433001  3.51584126  3.51586115
3    3.51868921  3.16328501  2.80433001  0.00000000  3.59406503  3.59431639
4    0.59261632  3.59470598  3.51584126  3.59406503  0.00000000  0.58750669
5    0.54862497  3.59641614  3.51586115  3.59431639  0.58750669  0.00000000

--------------------------------------------------------------------------------
n=5
(result of R-step: (0,4:5)0.35139068)
V=[0, 1, 2, 3, 4]
total successes of this branch: 2
Matrix on 5 elements:

0    0.00000000  3.32781515  3.24414019  3.32302268  0.12519212
1    3.32781515  0.00000000  3.48175780  3.16328501  3.32294831
2    3.24414019  3.48175780  0.00000000  2.80433001  3.24408359
3    3.32302268  3.16328501  2.80433001  0.00000000  3.32230735
4    0.12519212  3.32294831  3.24408359  3.32230735  0.00000000

--------------------------------------------------------------------------------
n=4
(result of R-step: (0,3:2)0.11800666)
V=[0, 1, 3, 4]
total successes of this branch: 1
Matrix on 4 elements:

0    0.00000000  3.26765251  2.06492919  0.06502948
1    3.26765251  0.00000000  1.96535415  3.32294831
3    2.06492919  1.96535415  0.00000000  2.12437650
4    0.06502948  3.32294831  2.12437650  0.00000000

--------------------------------------------------------------------------------
n=4
(result of R-step: (2,4:0)0.00613415)
V=[1, 2, 3, 4]
total successes of this branch: 1
Matrix on 4 elements:

1    0.00000000  2.17239864  3.16328501  3.27193551
2    2.17239864  0.00000000  1.49497086  1.88371164
3    3.16328501  1.49497086  0.00000000  3.27129456
4    3.27193551  1.88371164  3.27129456  0.00000000

--------------------------------------------------------------------------------
n=4
(result of R-step: (3,4:0)0.01717391)
V=[1, 2, 3, 4]
total successes of this branch: 0
Matrix on 4 elements:

1    0.00000000  3.48175780  1.70282979  3.29215638
2    3.48175780  0.00000000  1.34387480  3.21329166
3    1.70282979  1.34387480  0.00000000  1.83106021
4    3.29215638  3.21329166  1.83106021  0.00000000
reason of abort: no pseudometric

--------------------------------------------------------------------------------
n=4
(result of R-step: (3,4:2)0.88165122)
V=[0, 1, 3, 4]
total successes of this branch: 0
Matrix on 4 elements:

0    0.00000000  3.32781515  2.12551844  0.06017071
1    3.32781515  0.00000000  1.96578076  3.25792689
3    2.12551844  1.96578076  0.00000000  2.05978169
4    0.06017071  3.25792689  2.05978169  0.00000000
reason of abort: no pseudometric
