n=7
V=[0, 1, 2, 3, 4, 5, 6]
total successes of this branch: 0
Matrix on 7 elements:

0    0.00000000  1.00004895  0.96824493  0.58128866  0.66044154  0.97004310  0.30214472
1    1.00004895  0.00000000  0.93374701  0.66873736  0.95646656  0.88449063  0.98097997
2    0.96824493  0.93374701  0.00000000  0.95300697  0.37779278  0.11181508  0.70989925
3    0.58128866  0.66873736  0.95300697  0.00000000  0.82563102  0.93693457  0.68819790
4    0.66044154  0.95646656  0.37779278  0.82563102  0.00000000  0.41051059  0.38172240
5    0.97004310  0.88449063  0.11181508  0.93693457  0.41051059  0.00000000  0.72522597
6    0.30214472  0.98097997  0.70989925  0.68819790  0.38172240  0.72522597  0.00000000
reason of abort: 

--------------------------------------------------------------------------------
n=6
(result of R-step: (0,4:6)0.56246128)
V=[0, 1, 2, 3, 4, 5]
total successes of this branch: 0
Matrix on 6 elements:

0    0.00000000  0.98833617  0.95653214  0.56957587  0.63701597  0.95833031
1    0.98833617  0.00000000  0.93374701  0.66873736  0.94475377  0.88449063
2    0.95653214  0.93374701  0.00000000  0.95300697  0.36607999  0.11181508
3    0.56957587  0.66873736  0.95300697  0.00000000  0.81391823  0.93693457
4    0.63701597  0.94475377  0.36607999  0.81391823  0.00000000  0.39879780
5    0.95833031  0.88449063  0.11181508  0.93693457  0.39879780  0.00000000
reason of abort: no candidate

--------------------------------------------------------------------------------
n=5
(result of R-step: (3,4:0)0.63372610)
V=[1, 2, 3, 4, 5]
total successes of this branch: 0
reason of abort: negative delta/dxy
