n=7
V=[0, 1, 2, 3, 4, 5, 6]
total successes of this branch: 2
Matrix on 7 elements:

0    0.00000000  1.09901006  1.06877354  1.08265437  0.69660062  1.07477865  1.06804721
1    1.09901006  0.00000000  1.05264186  0.94008007  1.01395367  1.00394553  1.05268153
2    1.06877354  1.05264186  0.00000000  0.92001091  1.06595878  0.61021997  0.22045256
3    1.08265437  0.94008007  0.92001091  0.00000000  1.05777702  0.68380057  0.92015005
4    0.69660062  1.01395367  1.06595878  1.05777702  0.00000000  1.06241920  1.06564280
5    1.07477865  1.00394553  0.61021997  0.68380057  1.06241920  0.00000000  0.61061739
6    1.06804721  1.05268153  0.22045256  0.92015005  1.06564280  0.61061739  0.00000000

--------------------------------------------------------------------------------
n=6
(result of R-step: (0,2:6)0.00085547)
V=[0, 1, 2, 3, 4, 5]
total successes of this branch: 2
Matrix on 6 elements:

0    0.00000000  0.98914695  0.84904732  0.97279126  0.58673751  0.96491554
1    0.98914695  0.00000000  0.94277875  0.94008007  1.01395367  1.00394553
2    0.84904732  0.94277875  0.00000000  0.81014780  0.95609567  0.50035686
3    0.97279126  0.94008007  0.81014780  0.00000000  1.05777702  0.68380057
4    0.58673751  1.01395367  0.95609567  1.05777702  0.00000000  1.06241920
5    0.96491554  1.00394553  0.50035686  0.68380057  1.06241920  0.00000000

--------------------------------------------------------------------------------
n=5
(result of R-step: (2,3:5)0.56738134)
V=[0, 1, 2, 3, 4]
total successes of this branch: 2
Matrix on 5 elements:

0    0.00000000  0.98914695  0.77190562  0.78578644  0.58673751
1    0.98914695  0.00000000  0.86563705  0.75307526  1.01395367
2    0.77190562  0.86563705  0.00000000  0.54600129  0.87895397
3    0.78578644  0.75307526  0.54600129  0.00000000  0.87077221
4    0.58673751  1.01395367  0.87895397  0.87077221  0.00000000

--------------------------------------------------------------------------------
n=4
(result of R-step: (0,4:3)0.87637211)
V=[0, 1, 2, 4]
total successes of this branch: 0
reason of abort: negative delta/dxy

--------------------------------------------------------------------------------
n=4
(result of R-step: (1,2:3)0.26826533)
V=[0, 1, 2, 4]
total successes of this branch: 1
Matrix on 4 elements:

0    0.00000000  0.68337484  0.52715955  0.58673751
1    0.68337484  0.00000000  0.31511886  0.70818155
2    0.52715955  0.31511886  0.00000000  0.63420789
4    0.58673751  0.70818155  0.63420789  0.00000000

--------------------------------------------------------------------------------
n=4
(result of R-step: (2,4:0)0.34104609)
V=[1, 2, 3, 4]
total successes of this branch: 1
Matrix on 4 elements:

1    0.00000000  0.62089098  0.75307526  0.81576256
2    0.62089098  0.00000000  0.30125522  0.43601678
3    0.75307526  0.30125522  0.00000000  0.67258110
4    0.81576256  0.43601678  0.67258110  0.00000000
