n=7
V=[0, 1, 2, 3, 4, 5, 6]
total successes of this branch: 2
Matrix on 7 elements:

0    0.00000000  1.92867305  1.92364570  1.92554928  1.92796353  0.67586769  1.92520534
1    1.92867305  0.00000000  1.55827288  1.43072746  0.93206487  1.91527414  1.45377268
2    1.92364570  1.55827288  0.00000000  1.34897124  1.51073260  1.87681429  1.18437418
3    1.92554928  1.43072746  1.34897124  0.00000000  1.28417479  1.90469206  0.60259418
4    1.92796353  0.93206487  1.51073260  1.28417479  0.00000000  1.91287055  1.32510981
5    0.67586769  1.91527414  1.87681429  1.90469206  1.91287055  0.00000000  1.89965503
6    1.92520534  1.45377268  1.18437418  0.60259418  1.32510981  1.89965503  0.00000000

--------------------------------------------------------------------------------
n=6
(result of R-step: (2,3:6)0.18068247)
V=[0, 1, 2, 3, 4, 5]
total successes of this branch: 2
Matrix on 6 elements:

0    0.00000000  1.92867305  1.70464714  1.70655072  1.92796353  0.67586769
1    1.92867305  0.00000000  1.33927432  1.21172890  0.93206487  1.91527414
2    1.70464714  1.33927432  0.00000000  0.91097412  1.29173404  1.65781573
3    1.70655072  1.21172890  0.91097412  0.00000000  1.06517623  1.68569350
4    1.92796353  0.93206487  1.29173404  1.06517623  0.00000000  1.91287055
5    0.67586769  1.91527414  1.65781573  1.68569350  1.91287055  0.00000000

--------------------------------------------------------------------------------
n=5
(result of R-step: (0,2:5)0.96382584)
V=[0, 1, 2, 3, 4]
total successes of this branch: 2
Matrix on 5 elements:

0    0.00000000  1.61415491  1.29460942  1.39203258  1.61344539
1    1.61415491  0.00000000  1.24375474  1.21172890  0.93206487
2    1.29460942  1.24375474  0.00000000  0.81545454  1.19621446
3    1.39203258  1.21172890  0.81545454  0.00000000  1.06517623
4    1.61344539  0.93206487  1.19621446  1.06517623  0.00000000

--------------------------------------------------------------------------------
n=4
(result of R-step: (0,4:1)0.43338786)
V=[0, 2, 3, 4]
total successes of this branch: 1
Matrix on 4 elements:

0    0.00000000  0.49271793  0.59014110  0.61042856
2    0.49271793  0.00000000  0.81545454  0.99508911
3    0.59014110  0.81545454  0.00000000  0.86405088
4    0.61042856  0.99508911  0.86405088  0.00000000

--------------------------------------------------------------------------------
n=4
(result of R-step: (1,3:4)0.77286235)
V=[0, 1, 2, 3]
total successes of this branch: 1
Matrix on 4 elements:

0    0.00000000  1.22139882  1.29460942  1.21827505
1    1.22139882  0.00000000  0.85099864  0.64521527
2    1.29460942  0.85099864  0.00000000  0.64169700
3    1.21827505  0.64521527  0.64169700  0.00000000
