n=7
V=[0, 1, 2, 3, 4, 5, 6]
total successes of this branch: 2
Matrix on 7 elements:

0    0.00000000  1.64803487  1.32603862  1.63582333  0.79006896  0.33558162  1.64582416
1    1.64803487  0.00000000  1.59353194  0.68094503  1.63590794  1.64647750  0.21394125
2    1.32603862  1.59353194  0.00000000  1.59019640  1.17265772  1.30634110  1.59292810
3    1.63582333  0.68094503  1.59019640  0.00000000  1.62567131  1.63451959  0.57771280
4    0.79006896  1.63590794  1.17265772  1.62567131  0.00000000  0.72310272  1.63405476
5    0.33558162  1.64647750  1.30634110  1.63451959  0.72310272  0.00000000  1.64431271
6    1.64582416  0.21394125  1.59292810  0.57771280  1.63405476  1.64431271  0.00000000

--------------------------------------------------------------------------------
n=6
(result of R-step: (0,4:5)0.87157776)
V=[0, 1, 2, 3, 4, 6]
total successes of this branch: 2
Matrix on 6 elements:

0    0.00000000  1.51372718  1.19173093  1.50151564  0.52145358  1.51151647
1    1.51372718  0.00000000  1.59353194  0.68094503  1.50160025  0.21394125
2    1.19173093  1.59353194  0.00000000  1.59019640  1.03835003  1.59292810
3    1.50151564  0.68094503  1.59019640  0.00000000  1.49136362  0.57771280
4    0.52145358  1.50160025  1.03835003  1.49136362  0.00000000  1.49974707
6    1.51151647  0.21394125  1.59292810  0.57771280  1.49974707  0.00000000

--------------------------------------------------------------------------------
n=5
(result of R-step: (1,3:6)0.81896579)
V=[0, 1, 2, 3, 4]
total successes of this branch: 2
Matrix on 5 elements:

0    0.00000000  1.45837267  1.19173093  1.44616113  0.52145358
1    1.45837267  0.00000000  1.53817743  0.57023601  1.44624574
2    1.19173093  1.53817743  0.00000000  1.53484189  1.03835003
3    1.44616113  0.57023601  1.53484189  0.00000000  1.43600911
4    0.52145358  1.44624574  1.03835003  1.43600911  0.00000000

--------------------------------------------------------------------------------
n=4
(result of R-step: (1,4:0)0.10488345)
V=[1, 2, 3, 4]
total successes of this branch: 0
Matrix on 4 elements:

1    0.00000000  1.23852631  0.27058489  0.99644151
2    1.23852631  0.00000000  1.53484189  0.88819692
3    0.27058489  1.53484189  0.00000000  1.28585600
4    0.99644151  0.88819692  1.28585600  0.00000000
reason of abort: no pseudometric

--------------------------------------------------------------------------------
n=4
(result of R-step: (2,3:1)0.01378852)
V=[0, 2, 3, 4]
total successes of this branch: 1
Matrix on 4 elements:

0    0.00000000  0.87338690  1.17575612  0.52145358
2    0.87338690  0.00000000  0.94609284  0.72000600
3    1.17575612  0.94609284  0.00000000  1.16560410
4    0.52145358  0.72000600  1.16560410  0.00000000

--------------------------------------------------------------------------------
n=4
(result of R-step: (3,4:0)0.10291716)
V=[1, 2, 3, 4]
total successes of this branch: 1
Matrix on 4 elements:

1    0.00000000  1.53817743  0.29983099  1.29498868
2    1.53817743  0.00000000  1.26443687  0.88709297
3    0.29983099  1.26443687  0.00000000  1.01434704
4    1.29498868  0.88709297  1.01434704  0.00000000
