n=7
V=[0, 1, 2, 3, 4, 5, 6]
total successes of this branch: 2
Matrix on 7 elements:

0    0.00000000  3.04157026  2.79761889  2.19413084  2.72883598  2.78751628  2.72891199
1    3.04157026  0.00000000  2.37175618  2.71042343  2.41035598  2.37742559  2.41031333
2    2.79761889  2.37175618  0.00000000  2.20753183  1.31705656  0.73587115  1.31630375
3    2.19413084  2.71042343  2.20753183  0.00000000  2.09298369  2.19070738  2.09311027
4    2.72883598  2.41035598  1.31705656  2.09298369  0.00000000  1.21699766  0.31762330
5    2.78751628  2.37742559  0.73587115  2.19070738  1.21699766  0.00000000  1.21583119
6    2.72891199  2.41031333  1.31630375  2.09311027  0.31762330  1.21583119  0.00000000

--------------------------------------------------------------------------------
n=6
(result of R-step: (1,3:0)0.29883021)
V=[1, 2, 3, 4, 5, 6]
total successes of this branch: 2
Matrix on 6 elements:

1    0.00000000  1.36768872  1.10510176  1.40628852  1.37335813  1.40624587
2    1.36768872  0.00000000  1.60627763  1.31705656  0.73587115  1.31630375
3    1.10510176  1.60627763  0.00000000  1.49172948  1.58945318  1.49185606
4    1.40628852  1.31705656  1.49172948  0.00000000  1.21699766  0.31762330
5    1.37335813  0.73587115  1.58945318  1.21699766  0.00000000  1.21583119
6    1.40624587  1.31630375  1.49185606  0.31762330  1.21583119  0.00000000

--------------------------------------------------------------------------------
n=5
(result of R-step: (2,3:1)0.19244710)
V=[2, 3, 4, 5, 6]
total successes of this branch: 2
Matrix on 5 elements:

2    0.00000000  0.76344988  0.99915043  0.41796503  0.99839762
3    0.76344988  0.00000000  0.96680786  1.06453155  0.96693444
4    0.99915043  0.96680786  0.00000000  1.21699766  0.31762330
5    0.41796503  1.06453155  1.21699766  0.00000000  1.21583119
6    0.99839762  0.96693444  0.31762330  1.21583119  0.00000000

--------------------------------------------------------------------------------
n=4
(result of R-step: (2,4:5)0.90538960)
V=[2, 3, 4, 6]
total successes of this branch: 0
Matrix on 4 elements:

2    0.00000000  0.74048015  0.81480652  0.97542789
3    0.74048015  0.00000000  0.80543368  0.96693444
4    0.81480652  0.80543368  0.00000000  0.15624912
6    0.97542789  0.96693444  0.15624912  0.00000000
reason of abort: no pseudometric

--------------------------------------------------------------------------------
n=4
(result of R-step: (2,6:5)0.90595102)
V=[2, 3, 4, 6]
total successes of this branch: 1
Matrix on 4 elements:

2    0.00000000  0.74020216  0.97590271  0.81891384
3    0.74020216  0.00000000  0.96680786  0.81069837
4    0.97590271  0.96680786  0.00000000  0.16138723
6    0.81891384  0.81069837  0.16138723  0.00000000

--------------------------------------------------------------------------------
n=4
(result of R-step: (3,6:4)0.00494525)
V=[2, 3, 5, 6]
total successes of this branch: 1
Matrix on 4 elements:

2    0.00000000  0.48636917  0.41796503  0.84216156
3    0.48636917  0.00000000  0.78745084  0.53361766
5    0.41796503  0.78745084  0.00000000  1.05959512
6    0.84216156  0.53361766  1.05959512  0.00000000
