n=7
V=[0, 1, 2, 3, 4, 5, 6]
total successes of this branch: 2
Matrix on 7 elements:

0    0.00000000  1.77860182  1.70313316  1.21647288  1.55888395  0.56820635  1.12011840
1    1.77860182  0.00000000  1.75845603  1.77523346  0.64639171  1.43749972  0.99676901
2    1.70313316  1.75845603  0.00000000  1.60542761  1.74946485  1.71709156  1.73512690
3    1.21647288  1.77523346  1.60542761  0.00000000  1.68442264  1.35745259  1.53960944
4    1.55888395  0.64639171  1.74946485  1.68442264  0.00000000  1.13173341  0.52295437
5    0.56820635  1.43749972  1.71709156  1.35745259  1.13173341  0.00000000  0.64775907
6    1.12011840  0.99676901  1.73512690  1.53960944  0.52295437  0.64775907  0.00000000

--------------------------------------------------------------------------------
n=6
(result of R-step: (4,5:6)0.55710561)
V=[0, 1, 2, 3, 4, 5]
total successes of this branch: 2
Matrix on 6 elements:

0    0.00000000  1.77860182  1.70313316  1.21647288  1.53939394  0.54871633
1    1.77860182  0.00000000  1.75845603  1.77523346  0.62690170  1.41800971
2    1.70313316  1.75845603  0.00000000  1.60542761  1.72997484  1.69760154
3    1.21647288  1.77523346  1.60542761  0.00000000  1.66493263  1.33796257
4    1.53939394  0.62690170  1.72997484  1.66493263  0.00000000  1.09275339
5    0.54871633  1.41800971  1.69760154  1.33796257  1.09275339  0.00000000

--------------------------------------------------------------------------------
n=5
(result of R-step: (0,4:5)0.69872897)
V=[0, 1, 2, 3, 4]
total successes of this branch: 2
Matrix on 5 elements:

0    0.00000000  1.70807392  1.63260525  1.14594498  1.41782814
1    1.70807392  0.00000000  1.75845603  1.77523346  0.57586380
2    1.63260525  1.75845603  0.00000000  1.60542761  1.67893695
3    1.14594498  1.77523346  1.60542761  0.00000000  1.61389474
4    1.41782814  0.57586380  1.67893695  1.61389474  0.00000000

--------------------------------------------------------------------------------
n=4
(result of R-step: (0,1:4)0.16252188)
V=[0, 1, 2, 3]
total successes of this branch: 1
Matrix on 4 elements:

0    0.00000000  1.35192799  1.48979624  1.00313596
1    1.35192799  0.00000000  1.54511911  1.56189654
2    1.48979624  1.54511911  0.00000000  1.60542761
3    1.00313596  1.56189654  1.60542761  0.00000000

--------------------------------------------------------------------------------
n=4
(result of R-step: (0,2:3)0.38827373)
V=[0, 1, 2, 4]
total successes of this branch: 1
Matrix on 4 elements:

0    0.00000000  1.56526490  0.72540991  1.27501912
1    1.56526490  0.00000000  0.99406970  0.57586380
2    0.72540991  0.99406970  0.00000000  0.91455061
4    1.27501912  0.57586380  0.91455061  0.00000000

--------------------------------------------------------------------------------
n=4
(result of R-step: (1,3:4)0.48490240)
V=[0, 1, 2, 3]
total successes of this branch: 0
reason of abort: negative delta/dxy
