n=7
V=[0, 1, 2, 3, 4, 5, 6]
total successes of this branch: 2
Matrix on 7 elements:

0    0.00000000  1.84176054  1.80822402  1.82148596  1.81061861  0.58564795  0.76078094
1    1.84176054  0.00000000  1.80501080  1.69355942  1.78488699  1.63297073  1.82741127
2    1.80822402  1.80501080  0.00000000  1.63462631  1.46157467  1.80776604  1.13725390
3    1.82148596  1.69355942  1.63462631  0.00000000  1.59649480  1.80325283  1.74852491
4    1.81061861  1.78488699  1.46157467  1.59649480  0.00000000  1.80695113  1.67433122
5    0.58564795  1.63297073  1.80776604  1.80325283  1.80695113  0.00000000  1.06283511
6    0.76078094  1.82741127  1.13725390  1.74852491  1.67433122  1.06283511  0.00000000

--------------------------------------------------------------------------------
n=6
(result of R-step: (0,2:6)0.60954087)
V=[0, 1, 2, 3, 4, 5]
total successes of this branch: 2
Matrix on 6 elements:

0    0.00000000  1.79685513  1.71841320  1.77658055  1.76571320  0.54074254
1    1.79685513  0.00000000  1.76010539  1.69355942  1.78488699  1.63297073
2    1.71841320  1.76010539  0.00000000  1.58972090  1.41666926  1.76286063
3    1.77658055  1.69355942  1.58972090  0.00000000  1.59649480  1.80325283
4    1.76571320  1.78488699  1.41666926  1.59649480  0.00000000  1.80695113
5    0.54074254  1.63297073  1.76286063  1.80325283  1.80695113  0.00000000

--------------------------------------------------------------------------------
n=5
(result of R-step: (0,1:5)0.85747186)
V=[0, 1, 2, 3, 4]
total successes of this branch: 2
Matrix on 5 elements:

0    0.00000000  1.46490240  1.57488954  1.63305689  1.62218954
1    1.46490240  0.00000000  1.57167632  1.50513035  1.59645792
2    1.57488954  1.57167632  0.00000000  1.58972090  1.41666926
3    1.63305689  1.50513035  1.58972090  0.00000000  1.59649480
4    1.62218954  1.59645792  1.41666926  1.59649480  0.00000000

--------------------------------------------------------------------------------
n=4
(result of R-step: (0,3:1)0.44434819)
V=[0, 2, 3, 4]
total successes of this branch: 1
Matrix on 4 elements:

0    0.00000000  0.93468700  0.28113278  0.98198701
2    0.93468700  0.00000000  0.87799932  1.41666926
3    0.28113278  0.87799932  0.00000000  0.88477322
4    0.98198701  1.41666926  0.88477322  0.00000000

--------------------------------------------------------------------------------
n=4
(result of R-step: (0,4:2)0.10711371)
V=[0, 1, 3, 4]
total successes of this branch: 1
Matrix on 4 elements:

0    0.00000000  0.82469986  0.99285436  0.27999352
1    0.82469986  0.00000000  1.50513035  0.89446443
3    0.99285436  1.50513035  0.00000000  0.89450131
4    0.27999352  0.89446443  0.89450131  0.00000000

--------------------------------------------------------------------------------
n=4
(result of R-step: (1,4:2)0.61475195)
V=[0, 1, 3, 4]
total successes of this branch: 0
Matrix on 4 elements:

0    0.00000000  0.72700198  1.63305689  1.12140691
1    0.72700198  0.00000000  0.76722993  0.35777486
3    1.63305689  0.76722993  0.00000000  1.09571216
4    1.12140691  0.35777486  1.09571216  0.00000000
reason of abort: no pseudometric
