n=7
V=[0, 1, 2, 3, 4, 5, 6]
total successes of this branch: 1
Matrix on 7 elements:

0    0.00000000  2.31760899  2.28833489  2.29886891  2.30281259  2.30971348  2.31506756
1    2.31760899  0.00000000  1.91525527  1.76089449  1.67252265  1.07819728  0.61190111
2    2.28833489  1.91525527  0.00000000  1.64064650  1.69843543  1.79955811  1.87801428
3    2.29886891  1.76089449  1.64064650  0.00000000  1.42932984  1.58396839  1.70394492
4    2.30281259  1.67252265  1.69843543  1.42932984  0.00000000  0.99253912  1.45364728
5    2.30971348  1.07819728  1.79955811  1.58396839  0.99253912  0.00000000  0.85685930
6    2.31506756  0.61190111  1.87801428  1.70394492  1.45364728  0.85685930  0.00000000

--------------------------------------------------------------------------------
n=6
(result of R-step: (0,3:2)0.36223583)
V=[0, 1, 3, 4, 5, 6]
total successes of this branch: 1
Matrix on 6 elements:

0    0.00000000  1.11742425  0.42820517  1.10262785  1.10952875  1.11488282
1    1.11742425  0.00000000  1.09041548  1.67252265  1.07819728  0.61190111
3    0.42820517  1.09041548  0.00000000  0.75885084  0.91348939  1.03346592
4    1.10262785  1.67252265  0.75885084  0.00000000  0.99253912  1.45364728
5    1.10952875  1.07819728  0.91348939  0.99253912  0.00000000  0.85685930
6    1.11488282  0.61190111  1.03346592  1.45364728  0.85685930  0.00000000

--------------------------------------------------------------------------------
n=5
(result of R-step: (0,4:3)0.74849932)
V=[0, 1, 4, 5, 6]
total successes of this branch: 1
Matrix on 5 elements:

0    0.00000000  0.90532659  0.69142332  0.89743109  0.90278516
1    0.90532659  0.00000000  1.47341578  1.07819728  0.61190111
4    0.69142332  1.47341578  0.00000000  0.79343225  1.25454040
5    0.89743109  1.07819728  0.79343225  0.00000000  0.85685930
6    0.90278516  0.61190111  1.25454040  0.85685930  0.00000000

--------------------------------------------------------------------------------
n=4
(result of R-step: (0,6:1)0.00407927)
V=[0, 4, 5, 6]
total successes of this branch: 0
reason of abort: negative delta/dxy

--------------------------------------------------------------------------------
n=4
(result of R-step: (1,5:6)0.67811666)
V=[0, 1, 4, 5]
total successes of this branch: 1
Matrix on 4 elements:

0    0.00000000  0.71004503  0.69142332  0.70214953
1    0.71004503  0.00000000  1.27813421  0.68763415
4    0.69142332  1.27813421  0.00000000  0.59815068
5    0.70214953  0.68763415  0.59815068  0.00000000
