n=7
V=[0, 1, 2, 3, 4, 5, 6]
total successes of this branch: 2
Matrix on 7 elements:

0    0.00000000  1.47513564  1.43583724  1.43024647  1.13197310  1.43065556  1.12668451
1    1.47513564  0.00000000  1.46089475  1.46150090  1.45107967  1.46145655  1.46570091
2    1.43583724  1.46089475  0.00000000  1.31007829  1.43747872  1.27380499  1.34881668
3    1.43024647  1.46150090  1.31007829  0.00000000  1.43229390  0.85063656  0.74833572
4    1.13197310  1.45107967  1.43747872  1.43229390  0.00000000  1.43267329  1.33978401
5    1.43065556  1.46145655  1.27380499  0.85063656  1.43267329  0.00000000  1.02930382
6    1.12668451  1.46570091  1.34881668  0.74833572  1.33978401  1.02930382  0.00000000

--------------------------------------------------------------------------------
n=6
(result of R-step: (0,3:6)0.30803690)
V=[0, 1, 2, 3, 4, 5]
total successes of this branch: 2
Matrix on 6 elements:

0    0.00000000  1.25274876  1.21345036  0.98547270  0.90958622  1.20826868
1    1.25274876  0.00000000  1.46089475  1.23911402  1.45107967  1.46145655
2    1.21345036  1.46089475  0.00000000  1.08769140  1.43747872  1.27380499
3    0.98547270  1.23911402  1.08769140  0.00000000  1.20990702  0.62824968
4    0.90958622  1.45107967  1.43747872  1.20990702  0.00000000  1.43267329
5    1.20826868  1.46145655  1.27380499  0.62824968  1.43267329  0.00000000

--------------------------------------------------------------------------------
n=5
(result of R-step: (0,1:4)0.93449140)
V=[0, 1, 2, 3, 5]
total successes of this branch: 2
Matrix on 5 elements:

0    0.00000000  0.36721851  0.88187868  0.65390102  0.87669700
1    0.36721851  0.00000000  0.90693619  0.68515545  0.90749798
2    0.88187868  0.90693619  0.00000000  1.08769140  1.27380499
3    0.65390102  0.68515545  1.08769140  0.00000000  0.62824968
5    0.87669700  0.90749798  1.27380499  0.62824968  0.00000000

--------------------------------------------------------------------------------
n=4
(result of R-step: (1,3:0)0.98751429)
V=[1, 2, 3, 5]
total successes of this branch: 1
Matrix on 4 elements:

1    0.00000000  0.71150700  0.30493152  0.71206880
2    0.71150700  0.00000000  0.90289666  1.27380499
3    0.30493152  0.90289666  0.00000000  0.44345493
5    0.71206880  1.27380499  0.44345493  0.00000000

--------------------------------------------------------------------------------
n=4
(result of R-step: (1,5:0)0.98537684)
V=[1, 2, 3, 5]
total successes of this branch: 0
Matrix on 4 elements:

1    0.00000000  0.71189897  0.49011823  0.27166009
2    0.71189897  0.00000000  1.08769140  0.83300431
3    0.49011823  1.08769140  0.00000000  0.18744900
5    0.27166009  0.83300431  0.18744900  0.00000000
reason of abort: no pseudometric

--------------------------------------------------------------------------------
n=4
(result of R-step: (2,3:5)0.07317369)
V=[0, 1, 2, 3]
total successes of this branch: 1
Matrix on 4 elements:

0    0.00000000  0.36721851  0.47469705  0.46910627
1    0.36721851  0.00000000  0.49975456  0.50036071
2    0.47469705  0.49975456  0.00000000  0.49571503
3    0.46910627  0.50036071  0.49571503  0.00000000
