n=7
V=[0, 1, 2, 3, 4, 5, 6]
total successes of this branch: 2
Matrix on 7 elements:

0    0.00000000  0.83715465  0.83590708  0.81655685  0.66052912  0.82537449  0.60684316
1    0.83715465  0.00000000  0.77897114  0.78761764  0.59818999  0.78367755  0.62007178
2    0.83590708  0.77897114  0.00000000  0.72504693  0.80316888  0.47210968  0.80616669
3    0.81655685  0.78761764  0.72504693  0.00000000  0.79991679  0.42291545  0.80144050
4    0.66052912  0.59818999  0.80316888  0.79991679  0.00000000  0.80139872  0.12792644
5    0.82537449  0.78367755  0.47210968  0.42291545  0.80139872  0.00000000  0.80359416
6    0.60684316  0.62007178  0.80616669  0.80144050  0.12792644  0.80359416  0.00000000

--------------------------------------------------------------------------------
n=6
(result of R-step: (0,4:6)0.09156916)
V=[0, 1, 2, 3, 4, 5]
total successes of this branch: 2
Matrix on 6 elements:

0    0.00000000  0.80003441  0.79878684  0.77943661  0.58628863  0.78825424
1    0.80003441  0.00000000  0.77897114  0.78761764  0.56106974  0.78367755
2    0.79878684  0.77897114  0.00000000  0.72504693  0.76604863  0.47210968
3    0.77943661  0.78761764  0.72504693  0.00000000  0.76279654  0.42291545
4    0.58628863  0.56106974  0.76604863  0.76279654  0.00000000  0.76427848
5    0.78825424  0.78367755  0.47210968  0.42291545  0.76427848  0.00000000

--------------------------------------------------------------------------------
n=5
(result of R-step: (0,1:4)0.42499928)
V=[0, 1, 2, 3, 5]
total successes of this branch: 2
Matrix on 5 elements:

0    0.00000000  0.41559020  0.62512486  0.60577463  0.61459226
1    0.41559020  0.00000000  0.56818892  0.57683542  0.57289533
2    0.62512486  0.56818892  0.00000000  0.72504693  0.47210968
3    0.60577463  0.57683542  0.72504693  0.00000000  0.42291545
5    0.61459226  0.57289533  0.47210968  0.42291545  0.00000000

--------------------------------------------------------------------------------
n=4
(result of R-step: (0,2:1)0.95126078)
V=[0, 2, 3, 5]
total successes of this branch: 1
Matrix on 4 elements:

0    0.00000000  0.31944204  0.38508091  0.39389855
2    0.31944204  0.00000000  0.64005783  0.38712058
3    0.38508091  0.64005783  0.00000000  0.42291545
5    0.39389855  0.38712058  0.42291545  0.00000000

--------------------------------------------------------------------------------
n=4
(result of R-step: (1,3:0)0.95033533)
V=[1, 2, 3, 5]
total successes of this branch: 1
Matrix on 4 elements:

1    0.00000000  0.39046417  0.31412157  0.39517057
2    0.39046417  0.00000000  0.64005783  0.47210968
3    0.31412157  0.64005783  0.00000000  0.33792635
5    0.39517057  0.47210968  0.33792635  0.00000000

--------------------------------------------------------------------------------
n=4
(result of R-step: (1,5:0)0.51596856)
V=[1, 2, 3, 5]
total successes of this branch: 0
Matrix on 4 elements:

1    0.00000000  0.53441793  0.54306443  0.31645804
2    0.53441793  0.00000000  0.72504693  0.24944339
3    0.54306443  0.72504693  0.00000000  0.20024916
5    0.31645804  0.24944339  0.20024916  0.00000000
reason of abort: no pseudometric
