n=7
V=[0, 1, 2, 3, 4, 5, 6]
total successes of this branch: 2
Matrix on 7 elements:

0    0.00000000  2.81727337  2.73278824  2.38781074  2.62422463  1.40556186  2.79639302
1    2.81727337  0.00000000  2.29645422  2.47457912  2.35250970  2.65330534  0.94408663
2    2.73278824  2.29645422  0.00000000  2.06908652  1.57369665  2.41522861  1.85249542
3    2.38781074  2.47457912  2.06908652  0.00000000  1.84159858  1.48667042  2.37436236
4    2.62422463  2.35250970  1.57369665  1.84159858  0.00000000  2.24976359  2.16002747
5    1.40556186  2.65330534  2.41522861  1.48667042  2.24976359  0.00000000  2.59446511
6    2.79639302  0.94408663  1.85249542  2.37436236  2.16002747  2.59446511  0.00000000

--------------------------------------------------------------------------------
n=6
(result of R-step: (0,3:5)0.52153261)
V=[0, 1, 2, 3, 4, 6]
total successes of this branch: 2
Matrix on 6 elements:

0    0.00000000  2.56506260  2.48057747  1.88338921  2.37201387  2.54418225
1    2.56506260  0.00000000  2.29645422  2.22236835  2.35250970  0.94408663
2    2.48057747  2.29645422  0.00000000  1.81687575  1.57369665  1.85249542
3    1.88338921  2.22236835  1.81687575  0.00000000  1.58938781  2.12215159
4    2.37201387  2.35250970  1.57369665  1.58938781  0.00000000  2.16002747
6    2.54418225  0.94408663  1.85249542  2.12215159  2.16002747  0.00000000

--------------------------------------------------------------------------------
n=5
(result of R-step: (1,2:6)0.75285182)
V=[0, 1, 2, 3, 4]
total successes of this branch: 2
Matrix on 5 elements:

0    0.00000000  2.31499868  2.23051355  1.88338921  2.37201387
1    2.31499868  0.00000000  1.79632638  1.97230443  2.10244578
2    2.23051355  1.79632638  0.00000000  1.56681183  1.32363273
3    1.88338921  1.97230443  1.56681183  0.00000000  1.58938781
4    2.37201387  2.10244578  1.32363273  1.58938781  0.00000000

--------------------------------------------------------------------------------
n=4
(result of R-step: (1,3:0)0.41942195)
V=[1, 2, 3, 4]
total successes of this branch: 1
Matrix on 4 elements:

1    0.00000000  1.07809532  0.83317979  1.38421473
2    1.07809532  0.00000000  1.14591824  1.32363273
3    0.83317979  1.14591824  0.00000000  1.16849422
4    1.38421473  1.32363273  1.16849422  0.00000000

--------------------------------------------------------------------------------
n=4
(result of R-step: (2,3:4)0.68530236)
V=[0, 1, 2, 3]
total successes of this branch: 1
Matrix on 4 elements:

0    0.00000000  2.31499868  1.80747312  1.46249562
1    2.31499868  0.00000000  1.37328594  1.55141085
2    1.80747312  1.37328594  0.00000000  0.72287781
3    1.46249562  1.55141085  0.72287781  0.00000000

--------------------------------------------------------------------------------
n=4
(result of R-step: (2,4:0)0.28725230)
V=[1, 2, 3, 4]
total successes of this branch: 0
reason of abort: negative delta/dxy
