n=7
V=[0, 1, 2, 3, 4, 5, 6]
total successes of this branch: 2
Matrix on 7 elements:

0    0.00000000  1.71064266  1.37539881  1.59370844  1.49379476  0.83497395  1.24477895
1    1.71064266  0.00000000  1.48985486  1.16613452  1.31429148  1.63878392  0.55891775
2    1.37539881  1.48985486  0.00000000  1.31645901  1.10372296  1.11464212  1.45689164
3    1.59370844  1.16613452  1.31645901  0.00000000  1.06437056  1.50347341  1.28927533
4    1.49379476  1.31429148  1.10372296  1.06437056  0.00000000  1.36683998  1.36598822
5    0.83497395  1.63878392  1.11464212  1.50347341  1.36683998  0.00000000  1.40728755
6    1.24477895  0.55891775  1.45689164  1.28927533  1.36598822  1.40728755  0.00000000

--------------------------------------------------------------------------------
n=6
(result of R-step: (0,1:6)0.28799888)
V=[0, 1, 2, 3, 4, 5]
total successes of this branch: 2
Matrix on 6 elements:

0    0.00000000  1.61758861  1.32887179  1.54718142  1.44726774  0.78844692
1    1.61758861  0.00000000  1.44332783  1.11960750  1.26776446  1.59225690
2    1.32887179  1.44332783  0.00000000  1.31645901  1.10372296  1.11464212
3    1.54718142  1.11960750  1.31645901  0.00000000  1.06437056  1.50347341
4    1.44726774  1.26776446  1.10372296  1.06437056  0.00000000  1.36683998
5    0.78844692  1.59225690  1.11464212  1.50347341  1.36683998  0.00000000

--------------------------------------------------------------------------------
n=5
(result of R-step: (0,2:5)0.67453483)
V=[0, 1, 2, 3, 4]
total successes of this branch: 2
Matrix on 5 elements:

0    0.00000000  1.37700701  0.80118155  1.30659981  1.20668613
1    1.37700701  0.00000000  1.15621921  1.11960750  1.26776446
2    0.80118155  1.15621921  0.00000000  1.02935038  0.81661434
3    1.30659981  1.11960750  1.02935038  0.00000000  1.06437056
4    1.20668613  1.26776446  0.81661434  1.06437056  0.00000000

--------------------------------------------------------------------------------
n=4
(result of R-step: (0,3:1)0.20655412)
V=[0, 2, 3, 4]
total successes of this branch: 1
Matrix on 4 elements:

0    0.00000000  0.39864121  0.47824222  0.80414579
2    0.39864121  0.00000000  0.60353313  0.81661434
3    0.47824222  0.60353313  0.00000000  0.63855330
4    0.80414579  0.81661434  0.63855330  0.00000000

--------------------------------------------------------------------------------
n=4
(result of R-step: (0,4:2)0.57543404)
V=[0, 1, 3, 4]
total successes of this branch: 1
Matrix on 4 elements:

0    0.00000000  0.97446667  0.90405947  0.45478524
1    0.97446667  0.00000000  1.11960750  0.91840391
3    0.90405947  1.11960750  0.00000000  0.71501001
4    0.45478524  0.91840391  0.71501001  0.00000000

--------------------------------------------------------------------------------
n=4
(result of R-step: (2,3:1)0.51612845)
V=[0, 2, 3, 4]
total successes of this branch: 0
Matrix on 4 elements:

0    0.00000000  0.48451823  1.04096884  1.20668613
2    0.48451823  0.00000000  0.44705608  0.49995101
3    1.04096884  0.44705608  0.00000000  0.79873958
4    1.20668613  0.49995101  0.79873958  0.00000000
reason of abort: no pseudometric
