n=7
V=[0, 1, 2, 3, 4, 5, 6]
total successes of this branch: 2
Matrix on 7 elements:

0    0.00000000  2.86901376  2.86727489  2.74359926  2.86835361  2.86762036  2.86763669
1    2.86901376  0.00000000  2.82406019  2.80221164  2.54331674  2.73414981  2.72989918
2    2.86727489  2.82406019  0.00000000  2.85225624  2.65225315  1.53702723  1.56186784
3    2.74359926  2.80221164  2.85225624  0.00000000  2.82121066  2.84231364  2.84184359
4    2.86835361  2.54331674  2.65225315  2.82121066  0.00000000  2.12681805  2.08412144
5    2.86762036  2.73414981  1.53702723  2.84231364  2.12681805  0.00000000  0.25263909
6    2.86763669  2.72989918  1.56186784  2.84184359  2.08412144  0.25263909  0.00000000

--------------------------------------------------------------------------------
n=6
(result of R-step: (0,1:3)0.88601213)
V=[0, 1, 2, 4, 5, 6]
total successes of this branch: 2
Matrix on 6 elements:

0    0.00000000  0.31383117  1.49784714  1.49892587  1.49819261  1.49820894
1    0.31383117  0.00000000  1.63830534  1.35756189  1.54839496  1.54414433
2    1.49784714  1.63830534  0.00000000  2.65225315  1.53702723  1.56186784
4    1.49892587  1.35756189  2.65225315  0.00000000  2.12681805  2.08412144
5    1.49819261  1.54839496  1.53702723  2.12681805  0.00000000  0.25263909
6    1.49820894  1.54414433  1.56186784  2.08412144  0.25263909  0.00000000

--------------------------------------------------------------------------------
n=5
(result of R-step: (4,5:6)0.02227407)
V=[0, 1, 2, 4, 5]
total successes of this branch: 2
Matrix on 5 elements:

0    0.00000000  0.31383117  1.49784714  1.39395463  1.39322137
1    0.31383117  0.00000000  1.63830534  1.25259065  1.44342372
2    1.49784714  1.63830534  0.00000000  2.54728191  1.43205599
4    1.39395463  1.25259065  2.54728191  0.00000000  1.91687558
5    1.39322137  1.44342372  1.43205599  1.91687558  0.00000000

--------------------------------------------------------------------------------
n=4
(result of R-step: (0,4:1)0.82833931)
V=[0, 2, 4, 5]
total successes of this branch: 1
Matrix on 4 elements:

0    0.00000000  1.42889445  0.92417711  1.32426868
2    1.42889445  0.00000000  2.14645708  1.43205599
4    0.92417711  2.14645708  0.00000000  1.51605075
5    1.32426868  1.43205599  1.51605075  0.00000000

--------------------------------------------------------------------------------
n=4
(result of R-step: (2,4:5)0.67974183)
V=[0, 1, 2, 4]
total successes of this branch: 1
Matrix on 4 elements:

0    0.00000000  0.31383117  0.99205108  0.99312980
1    0.31383117  0.00000000  1.13250928  0.85176583
2    0.99205108  1.13250928  0.00000000  1.64066102
4    0.99312980  0.85176583  1.64066102  0.00000000

--------------------------------------------------------------------------------
n=4
(result of R-step: (2,5:1)0.78950290)
V=[0, 2, 4, 5]
total successes of this branch: 0
reason of abort: negative delta/dxy
