n=7
V=[0, 1, 2, 3, 4, 5, 6]
total successes of this branch: 2
Matrix on 7 elements:

0    0.00000000  1.53599769  1.50570814  0.83618031  1.52355125  1.52388825  1.52363086
1    1.53599769  0.00000000  1.45427079  1.24817906  0.78977931  0.77413933  0.78608462
2    1.50570814  1.45427079  0.00000000  1.49071817  0.99075593  1.00330589  0.99372066
3    0.83618031  1.24817906  1.49071817  0.00000000  1.34784205  1.34514361  1.34720458
4    1.52355125  0.78977931  0.99075593  1.34784205  0.00000000  0.22777923  0.17609757
5    1.52388825  0.77413933  1.00330589  1.34514361  0.22777923  0.00000000  0.21179402
6    1.52363086  0.78608462  0.99372066  1.34720458  0.17609757  0.21179402  0.00000000

--------------------------------------------------------------------------------
n=6
(result of R-step: (2,3:0)0.19906576)
V=[1, 2, 3, 4, 5, 6]
total successes of this branch: 2
Matrix on 6 elements:

1    0.00000000  1.29113856  1.06549455  0.78977931  0.77413933  0.78608462
2    1.29113856  0.00000000  1.14490145  0.82762370  0.84017367  0.83058843
3    1.06549455  1.14490145  0.00000000  1.16515754  1.16245910  1.16452008
4    0.78977931  0.82762370  1.16515754  0.00000000  0.22777923  0.17609757
5    0.77413933  0.84017367  1.16245910  0.22777923  0.00000000  0.21179402
6    0.78608462  0.83058843  1.16452008  0.17609757  0.21179402  0.00000000

--------------------------------------------------------------------------------
n=5
(result of R-step: (1,2:3)0.54091648)
V=[1, 2, 4, 5, 6]
total successes of this branch: 2
Matrix on 5 elements:

1    0.00000000  1.08868252  0.68370968  0.66806971  0.68001499
2    1.08868252  0.00000000  0.73123729  0.74378725  0.73420202
4    0.68370968  0.73123729  0.00000000  0.22777923  0.17609757
5    0.66806971  0.74378725  0.22777923  0.00000000  0.21179402
6    0.68001499  0.73420202  0.17609757  0.21179402  0.00000000

--------------------------------------------------------------------------------
n=4
(result of R-step: (1,6:4)0.18615746)
V=[1, 2, 5, 6]
total successes of this branch: 0
Matrix on 4 elements:

1    0.00000000  0.55354825  0.13293544  0.07210152
2    0.55354825  0.00000000  0.74378725  0.66142281
5    0.13293544  0.74378725  0.00000000  0.13901482
6    0.07210152  0.66142281  0.13901482  0.00000000
reason of abort: no pseudometric

--------------------------------------------------------------------------------
n=4
(result of R-step: (2,5:1)0.64857823)
V=[2, 4, 5, 6]
total successes of this branch: 1
Matrix on 4 elements:

2    0.00000000  0.19321355  0.12570733  0.19617828
4    0.19321355  0.00000000  0.14772305  0.17609757
5    0.12570733  0.14772305  0.00000000  0.13173784
6    0.19617828  0.17609757  0.13173784  0.00000000

--------------------------------------------------------------------------------
n=4
(result of R-step: (2,6:4)0.09965898)
V=[1, 2, 5, 6]
total successes of this branch: 1
Matrix on 4 elements:

1    0.00000000  0.55065878  0.66806971  0.60228864
2    0.55065878  0.00000000  0.20576351  0.11845193
5    0.66806971  0.20576351  0.00000000  0.13406767
6    0.60228864  0.11845193  0.13406767  0.00000000
