n=7
V=[0, 1, 2, 3, 4, 5, 6]
total successes of this branch: 2
Matrix on 7 elements:

0    0.00000000  1.31913544  1.00397073  1.01039427  1.00759637  0.95692830  0.53833949
1    1.31913544  0.00000000  1.30534109  1.29149999  1.29752876  1.30690454  0.84429664
2    1.00397073  1.30534109  0.00000000  0.64008275  0.62195515  0.63595702  1.11793886
3    1.01039427  1.29149999  0.64008275  0.00000000  0.61659222  0.68205383  1.11669899
4    1.00759637  1.29752876  0.62195515  0.61659222  0.00000000  0.66566369  1.11723904
5    0.95692830  1.30690454  0.63595702  0.68205383  0.66566369  0.00000000  1.08927753
6    0.53833949  0.84429664  1.11793886  1.11669899  1.11723904  1.08927753  0.00000000

--------------------------------------------------------------------------------
n=6
(result of R-step: (0,1:6)0.62183366)
V=[0, 1, 2, 3, 4, 5]
total successes of this branch: 2
Matrix on 6 elements:

0    0.00000000  1.25563476  0.97222039  0.97864393  0.97584603  0.92517795
1    1.25563476  0.00000000  1.27359075  1.25974965  1.26577842  1.27515420
2    0.97222039  1.27359075  0.00000000  0.64008275  0.62195515  0.63595702
3    0.97864393  1.25974965  0.64008275  0.00000000  0.61659222  0.68205383
4    0.97584603  1.26577842  0.62195515  0.61659222  0.00000000  0.66566369
5    0.92517795  1.27515420  0.63595702  0.68205383  0.66566369  0.00000000

--------------------------------------------------------------------------------
n=5
(result of R-step: (1,4:3)0.04122584)
V=[0, 1, 2, 4, 5]
total successes of this branch: 2
Matrix on 5 elements:

0    0.00000000  0.58990377  0.97222039  0.67695079  0.92517795
1    0.58990377  0.00000000  0.60785975  0.30115218  0.60942321
2    0.97222039  0.60785975  0.00000000  0.32305990  0.63595702
4    0.67695079  0.30115218  0.32305990  0.00000000  0.36676845
5    0.92517795  0.60942321  0.63595702  0.36676845  0.00000000

--------------------------------------------------------------------------------
n=4
(result of R-step: (0,2:4)0.12214136)
V=[0, 1, 2, 5]
total successes of this branch: 0
Matrix on 4 elements:

0    0.00000000  0.06594889  0.15845462  0.40122307
1    0.06594889  0.00000000  0.31804886  0.60942321
2    0.15845462  0.31804886  0.00000000  0.34614613
5    0.40122307  0.60942321  0.34614613  0.00000000
reason of abort: no pseudometric

--------------------------------------------------------------------------------
n=4
(result of R-step: (1,2:4)0.07330606)
V=[0, 1, 2, 5]
total successes of this branch: 1
Matrix on 4 elements:

0    0.00000000  0.55514739  0.67776309  0.92517795
1    0.55514739  0.00000000  0.27864608  0.57466682
2    0.67776309  0.27864608  0.00000000  0.34149972
5    0.92517795  0.57466682  0.34149972  0.00000000

--------------------------------------------------------------------------------
n=4
(result of R-step: (4,5:2)0.80950637)
V=[0, 1, 4, 5]
total successes of this branch: 1
Matrix on 4 elements:

0    0.00000000  0.58990377  0.67373343  0.68613660
1    0.58990377  0.00000000  0.29793482  0.37038185
4    0.67373343  0.29793482  0.00000000  0.12450974
5    0.68613660  0.37038185  0.12450974  0.00000000
