n=7
V=[0, 1, 2, 3, 4, 5, 6]
total successes of this branch: 0
Matrix on 7 elements:

0    0.00000000  1.77296162  1.65288638  1.37162000  1.37354353  1.66392739  1.51798379
1    1.77296162  0.00000000  1.62756824  1.72233165  1.20846943  1.50424888  0.83708221
2    1.65288638  1.62756824  0.00000000  1.50261206  1.63805938  0.40974237  1.63426550
3    1.37162000  1.72233165  1.50261206  0.00000000  1.57700633  1.52281545  1.62955985
4    1.37354353  1.20846943  1.63805938  1.57700633  0.00000000  1.59855825  0.55286613
5    1.66392739  1.50424888  0.40974237  1.52281545  1.59855825  0.00000000  1.56445346
6    1.51798379  0.83708221  1.63426550  1.62955985  0.55286613  1.56445346  0.00000000
reason of abort: 

--------------------------------------------------------------------------------
n=6
(result of R-step: (1,4:6)0.36162672)
V=[0, 1, 2, 3, 4, 5]
total successes of this branch: 0
Matrix on 6 elements:

0    0.00000000  1.68222216  1.65288638  1.37162000  1.28280407  1.66392739
1    1.68222216  0.00000000  1.53682878  1.63159219  1.02699051  1.41350942
2    1.65288638  1.53682878  0.00000000  1.50261206  1.54731992  0.40974237
3    1.37162000  1.63159219  1.50261206  0.00000000  1.48626687  1.52281545
4    1.28280407  1.02699051  1.54731992  1.48626687  0.00000000  1.50781879
5    1.66392739  1.41350942  0.40974237  1.52281545  1.50781879  0.00000000
reason of abort: no candidate

--------------------------------------------------------------------------------
n=5
(result of R-step: (3,4:0)0.84653798)
V=[1, 2, 3, 4, 5]
total successes of this branch: 0
reason of abort: negative delta/dxy
