n=7
V=[0, 1, 2, 3, 4, 5, 6]
total successes of this branch: 0
Matrix on 7 elements:

0    0.00000000  0.69577572  0.68139272  0.63663794  0.65362887  0.68312081  0.66336562
1    0.69577572  0.00000000  0.54617029  0.58738262  0.57173656  0.50472283  0.04336232
2    0.68139272  0.54617029  0.00000000  0.56368257  0.44131742  0.24264710  0.55256985
3    0.63663794  0.58738262  0.56368257  0.00000000  0.36373316  0.56653008  0.58971369
4    0.65362887  0.57173656  0.44131742  0.36373316  0.00000000  0.45698699  0.57561221
5    0.68312081  0.50472283  0.24264710  0.56653008  0.45698699  0.00000000  0.51316573
6    0.66336562  0.04336232  0.55256985  0.58971369  0.57561221  0.51316573  0.00000000
reason of abort: 

--------------------------------------------------------------------------------
n=6
(result of R-step: (0,1:6)0.04732621)
V=[0, 1, 2, 3, 4, 5]
total successes of this branch: 0
Matrix on 6 elements:

0    0.00000000  0.68482350  0.67591661  0.63116182  0.64815276  0.67764470
1    0.68482350  0.00000000  0.54069418  0.58190651  0.56626045  0.49924672
2    0.67591661  0.54069418  0.00000000  0.56368257  0.44131742  0.24264710
3    0.63116182  0.58190651  0.56368257  0.00000000  0.36373316  0.56653008
4    0.64815276  0.56626045  0.44131742  0.36373316  0.00000000  0.45698699
5    0.67764470  0.49924672  0.24264710  0.56653008  0.45698699  0.00000000
reason of abort: no candidate

--------------------------------------------------------------------------------
n=5
(result of R-step: (0,4:3)0.91970556)
V=[0, 1, 2, 4, 5]
total successes of this branch: 0
reason of abort: negative delta/dxy
