n=6
V=[0, 1, 2, 3, 4, 5]
total successes of this branch: 0
Matrix on 6 elements:

0    0.00000000  1.10526394  1.09491301  1.05372220  0.30307641  0.59787383
1    1.10526394  0.00000000  1.01148105  0.98270647  0.30307641  0.56998417
2    1.09491301  1.01148105  0.00000000  1.03618092  0.30307641  0.59098493
3    1.05372220  0.98270647  1.03618092  0.00000000  0.30307641  0.22487900
4    0.30307641  0.30307641  0.30307641  0.30307641  0.00000000  0.18215892
5    0.59787383  0.56998417  0.59098493  0.22487900  0.18215892  0.00000000
reason of abort: no pseudometric
