n=10
V=[0, 1, 2, 3, 4, 5, 6, 7, 8, 9]
total successes of this branch: 0
Matrix on 10 elements:

0    0.00000000  2.04863969  1.21705384  1.30633398  1.56736853  1.23605540  2.07628365  0.52897584  0.47146719  0.13830851
1    2.04863969  0.00000000  1.36312897  1.52386757  1.59202358  1.54288994  1.64779552  0.59500908  0.44912613  0.12213090
2    1.21705384  1.36312897  0.00000000  0.79046245  0.97352650  0.78927160  1.44290481  0.19646544  0.14276290  0.01994792
3    1.30633398  1.52386757  0.79046245  0.00000000  1.14013061  0.96795903  1.60697912  0.29615352  0.23369448  0.08849395
4    1.56736853  1.59202358  0.97352650  1.14013061  0.00000000  0.90934259  1.22494553  0.23942082  0.17771773  0.04862479
5    1.23605540  1.54288994  0.78927160  0.96795903  0.90934259  0.00000000  1.48393461  0.47197571  0.38899262  0.30025462
6    2.07628365  1.64779552  1.44290481  1.60697912  1.22494553  1.48393461  0.00000000  0.71506104  0.53497190  0.00431975
7    0.52897584  0.59500908  0.19646544  0.29615352  0.23942082  0.47197571  0.71506104  0.00000000  0.10379558  0.00563208
8    0.47146719  0.44912613  0.14276290  0.23369448  0.17771773  0.38899262  0.53497190  0.10379558  0.00000000  0.03514259
9    0.13830851  0.12213090  0.01994792  0.08849395  0.04862479  0.30025462  0.00431975  0.00563208  0.03514259  0.00000000
reason of abort: no pseudometric
