n=6
V=[0, 1, 2, 3, 4, 5]
total successes of this branch: 0
Matrix on 6 elements:

0    0.00000000  1.34309149  1.24016047  1.05315261  0.52414751  0.11817346
1    1.34309149  0.00000000  1.18087693  1.07501190  0.43701744  0.24424845
2    1.24016047  1.18087693  0.00000000  0.82940324  0.46468421  0.33126495
3    1.05315261  1.07501190  0.82940324  0.00000000  0.33000093  0.10285570
4    0.52414751  0.43701744  0.46468421  0.33000093  0.00000000  0.17320030
5    0.11817346  0.24424845  0.33126495  0.10285570  0.17320030  0.00000000
reason of abort: no pseudometric
