n=7
V=[0, 1, 2, 3, 4, 5, 6]
total successes of this branch: 1
Matrix on 7 elements:

0    0.00000000  2.64345814  2.63619682  2.45891270  2.31693814  2.63173579  2.56678207
1    2.64345814  0.00000000  2.63096038  2.47008759  2.24421519  0.76643523  1.27400747
2    2.63619682  2.63096038  0.00000000  2.63366035  2.63331625  2.63104496  2.63208218
3    2.45891270  2.47008759  2.63366035  0.00000000  2.46506002  2.46990709  1.61988581
4    2.31693814  2.24421519  2.63331625  2.46506002  0.00000000  2.18918605  2.33597316
5    2.63173579  0.76643523  2.63104496  2.46990709  2.18918605  0.00000000  1.47420419
6    2.56678207  1.27400747  2.63208218  1.61988581  2.33597316  1.47420419  0.00000000

--------------------------------------------------------------------------------
n=6
(result of R-step: (1,3:6)0.58451385)
V=[0, 1, 2, 3, 4, 5]
total successes of this branch: 1
Matrix on 6 elements:

0    0.00000000  2.43155529  2.63619682  2.24700986  2.31693814  2.63173579
1    2.43155529  0.00000000  2.41905754  2.04628189  2.03231235  0.55453238
2    2.63619682  2.41905754  0.00000000  2.42175750  2.63331625  2.63104496
3    2.24700986  2.04628189  2.42175750  0.00000000  2.25315717  2.25800424
4    2.31693814  2.03231235  2.63331625  2.25315717  0.00000000  2.18918605
5    2.63173579  0.55453238  2.63104496  2.25800424  2.18918605  0.00000000

--------------------------------------------------------------------------------
n=5
(result of R-step: (1,4:5)0.96409915)
V=[0, 1, 2, 3, 4]
total successes of this branch: 1
Matrix on 5 elements:

0    0.00000000  2.28775510  2.63619682  2.24700986  1.96123510
1    2.28775510  0.00000000  2.27525734  1.90248170  1.53280912
2    2.63619682  2.27525734  0.00000000  2.42175750  2.27761321
3    2.24700986  1.90248170  2.42175750  0.00000000  1.89745413
4    1.96123510  1.53280912  2.27761321  1.89745413  0.00000000

--------------------------------------------------------------------------------
n=4
(result of R-step: (0,1:4)0.44989897)
V=[0, 1, 2, 3]
total successes of this branch: 1
Matrix on 4 elements:

0    0.00000000  0.72576294  1.67734923  1.28816226
1    0.72576294  0.00000000  1.67211279  1.29933714
2    1.67734923  1.67211279  0.00000000  2.42175750
3    1.28816226  1.29933714  2.42175750  0.00000000
