n=7
V=[0, 1, 2, 3, 4, 5, 6]
total successes of this branch: 0
Matrix on 7 elements:

0    0.00000000  1.99227471  1.82320925  1.87255544  1.86101951  1.22019398  1.94035818
1    1.99227471  0.00000000  1.82446803  1.63220678  1.29179728  1.82240275  0.74878658
2    1.82320925  1.82446803  0.00000000  1.82415393  1.82426938  1.82343626  1.82438946
3    1.87255544  1.63220678  1.82415393  0.00000000  1.67013605  1.82921091  1.64720928
4    1.86101951  1.29179728  1.82426938  1.67013605  0.00000000  1.75836585  0.93646949
5    1.22019398  1.82240275  1.82343626  1.82921091  1.75836585  0.00000000  1.79707367
6    1.94035818  0.74878658  1.82438946  1.64720928  0.93646949  1.79707367  0.00000000
reason of abort: 

--------------------------------------------------------------------------------
n=6
(result of R-step: (1,4:6)0.60446113)
V=[0, 1, 2, 3, 4, 5]
total successes of this branch: 0
Matrix on 6 elements:

0    0.00000000  1.79554532  1.82320925  1.87255544  1.66429012  1.22019398
1    1.79554532  0.00000000  1.62773863  1.43547739  0.89833849  1.62567336
2    1.82320925  1.62773863  0.00000000  1.82415393  1.62753998  1.82343626
3    1.87255544  1.43547739  1.82415393  0.00000000  1.47340666  1.82921091
4    1.66429012  0.89833849  1.62753998  1.47340666  0.00000000  1.56163645
5    1.22019398  1.62567336  1.82343626  1.82921091  1.56163645  0.00000000
reason of abort: no candidate

--------------------------------------------------------------------------------
n=5
(result of R-step: (2,4:3)0.57648471)
V=[0, 1, 2, 4, 5]
total successes of this branch: 0
Matrix on 5 elements:

0    0.00000000  1.79554532  0.94008523  1.17020657  1.22019398
1    1.79554532  0.00000000  0.74461461  0.40425494  1.62567336
2    0.94008523  0.74461461  0.00000000  0.25033242  0.94031223
4    1.17020657  0.40425494  0.25033242  0.00000000  1.06755291
5    1.22019398  1.62567336  0.94031223  1.06755291  0.00000000
reason of abort: no pseudometric
