n=7
V=[0, 1, 2, 3, 4, 5, 6]
total successes of this branch: 0
Matrix on 7 elements:

0    0.00000000  2.59257441  2.41916494  2.00005834  2.04407210  2.25543993  2.35739085
1    2.59257441  0.00000000  2.56932105  2.57879189  2.57779728  2.57302085  2.57071700
2    2.41916494  2.56932105  0.00000000  1.80925691  1.73840805  0.98392997  0.57006231
3    2.00005834  2.57879189  1.80925691  0.00000000  1.20547079  1.28014023  1.60961908
4    2.04407210  2.57779728  1.73840805  1.20547079  0.00000000  1.53021482  1.65985592
5    2.25543993  2.57302085  0.98392997  1.28014023  1.53021482  0.00000000  0.73315928
6    2.35739085  2.57071700  0.57006231  1.60961908  1.65985592  0.73315928  0.00000000
reason of abort: 

--------------------------------------------------------------------------------
n=6
(result of R-step: (2,5:6)0.62269603)
V=[0, 1, 2, 3, 4, 5]
total successes of this branch: 0
Matrix on 6 elements:

0    0.00000000  2.59257441  2.25951913  2.00005834  2.04407210  2.09579412
1    2.59257441  0.00000000  2.40967524  2.57879189  2.57779728  2.41337504
2    2.25951913  2.40967524  0.00000000  1.64961110  1.57876224  0.66463835
3    2.00005834  2.57879189  1.64961110  0.00000000  1.20547079  1.12049442
4    2.04407210  2.57779728  1.57876224  1.20547079  0.00000000  1.37056901
5    2.09579412  2.41337504  0.66463835  1.12049442  1.37056901  0.00000000
reason of abort: no candidate

--------------------------------------------------------------------------------
n=5
(result of R-step: (1,4:0)0.20986166)
V=[1, 2, 3, 4, 5]
total successes of this branch: 0
Matrix on 5 elements:

1    0.00000000  2.29203145  2.46114810  1.82943408  2.29573126
2    2.29203145  0.00000000  1.64961110  0.94804283  0.66463835
3    2.46114810  1.64961110  0.00000000  0.57475138  1.12049442
4    1.82943408  0.94804283  0.57475138  0.00000000  0.73984960
5    2.29573126  0.66463835  1.12049442  0.73984960  0.00000000
reason of abort: no pseudometric
