n=7
V=[0, 1, 2, 3, 4, 5, 6]
total successes of this branch: 0
Matrix on 7 elements:

0    0.00000000  0.89626022  0.83942207  0.87673358  0.78986684  0.70146158  0.88533681
1    0.89626022  0.00000000  0.87470350  0.76851543  0.58037602  0.66038741  0.52890925
2    0.83942207  0.87470350  0.00000000  0.87002555  0.86581429  0.85912932  0.87208660
3    0.87673358  0.76851543  0.87002555  0.00000000  0.79578114  0.81628586  0.46429023
4    0.78986684  0.58037602  0.86581429  0.79578114  0.00000000  0.52924900  0.70087599
5    0.70146158  0.66038741  0.85912932  0.81628586  0.52924900  0.00000000  0.74759870
6    0.88533681  0.52890925  0.87208660  0.46429023  0.70087599  0.74759870  0.00000000
reason of abort: 

--------------------------------------------------------------------------------
n=6
(result of R-step: (1,3:6)0.44058911)
V=[0, 1, 2, 3, 4, 5]
total successes of this branch: 0
Matrix on 6 elements:

0    0.00000000  0.78391820  0.83942207  0.76439156  0.78986684  0.70146158
1    0.78391820  0.00000000  0.76236147  0.54383139  0.46803399  0.54804539
2    0.83942207  0.76236147  0.00000000  0.75768353  0.86581429  0.85912932
3    0.76439156  0.54383139  0.75768353  0.00000000  0.68343911  0.70394384
4    0.78986684  0.46803399  0.86581429  0.68343911  0.00000000  0.52924900
5    0.70146158  0.54804539  0.85912932  0.70394384  0.52924900  0.00000000
reason of abort: no candidate

--------------------------------------------------------------------------------
n=5
(result of R-step: (1,2:3)0.31361982)
V=[0, 1, 2, 4, 5]
total successes of this branch: 0
Matrix on 5 elements:

0    0.00000000  0.65926890  0.41967273  0.78986684  0.70146158
1    0.65926890  0.00000000  0.21796284  0.34338470  0.42339609
2    0.41967273  0.21796284  0.00000000  0.44606496  0.43937998
4    0.78986684  0.34338470  0.44606496  0.00000000  0.52924900
5    0.70146158  0.42339609  0.43937998  0.52924900  0.00000000
reason of abort: no pseudometric
