n=6
V=[0, 1, 2, 3, 4, 5]
total successes of this branch: 2
Matrix on 6 elements:

0    0.00000000  1.26527014  1.49755802  1.20939627  0.74382155  1.28587770
1    1.26527014  0.00000000  1.14862473  0.94286559  1.48478355  0.96284636
2    1.49755802  1.14862473  0.00000000  0.69787719  1.69637626  0.47907378
3    1.20939627  0.94286559  0.69787719  0.00000000  1.40213497  0.36854407
4    0.74382155  1.48478355  1.69637626  1.40213497  0.00000000  1.48278493
5    1.28587770  0.96284636  0.47907378  0.36854407  1.48278493  0.00000000

--------------------------------------------------------------------------------
n=5
(result of R-step: (1,4:0)0.06870921)
V=[1, 2, 3, 4, 5]
total successes of this branch: 2
Matrix on 5 elements:

1    0.00000000  0.83070844  0.62494931  0.73575278  0.64493007
2    0.83070844  0.00000000  0.69787719  1.26526177  0.47907378
3    0.62494931  0.69787719  0.00000000  0.97102048  0.36854407
4    0.73575278  1.26526177  0.97102048  0.00000000  1.05167044
5    0.64493007  0.47907378  0.36854407  1.05167044  0.00000000

--------------------------------------------------------------------------------
n=4
(result of R-step: (1,3:4)0.80625542)
V=[1, 2, 3, 5]
total successes of this branch: 1
Matrix on 4 elements:

1    0.00000000  0.73496733  0.51149660  0.54918896
2    0.73496733  0.00000000  0.68016559  0.47907378
3    0.51149660  0.68016559  0.00000000  0.35083248
5    0.54918896  0.47907378  0.35083248  0.00000000

--------------------------------------------------------------------------------
n=4
(result of R-step: (2,3:5)0.68566594)
V=[1, 2, 3, 4]
total successes of this branch: 1
Matrix on 4 elements:

1    0.00000000  0.55301602  0.60723771  0.73575278
2    0.55301602  0.00000000  0.40247317  0.98756934
3    0.60723771  0.40247317  0.00000000  0.95330888
4    0.73575278  0.98756934  0.95330888  0.00000000
