n=6
V=[0, 1, 2, 3, 4, 5]
total successes of this branch: 2
Matrix on 6 elements:

0    0.00000000  1.21911322  1.31677755  1.79048124  0.93453915  1.30492032
1    1.21911322  0.00000000  0.68958169  1.09881850  1.08755959  0.67378407
2    1.31677755  0.68958169  0.00000000  1.08138170  1.22055686  0.12997210
3    1.79048124  1.09881850  1.08138170  0.00000000  1.68743840  1.01312140
4    0.93453915  1.08755959  1.22055686  1.68743840  0.00000000  1.20828263
5    1.30492032  0.67378407  0.12997210  1.01312140  1.20828263  0.00000000

--------------------------------------------------------------------------------
n=5
(result of R-step: (0,1:4)0.89417594)
V=[0, 1, 2, 3, 5]
total successes of this branch: 2
Matrix on 5 elements:

0    0.00000000  0.62297583  0.84965700  1.32336069  0.83779976
1    0.62297583  0.00000000  0.56056485  0.96980167  0.54476724
2    0.84965700  0.56056485  0.00000000  1.08138170  0.12997210
3    1.32336069  0.96980167  1.08138170  0.00000000  1.01312140
5    0.83779976  0.54476724  0.12997210  1.01312140  0.00000000

--------------------------------------------------------------------------------
n=4
(result of R-step: (0,3:1)0.93013896)
V=[0, 2, 3, 5]
total successes of this branch: 1
Matrix on 4 elements:

0    0.00000000  0.40036653  0.55792108  0.38850929
2    0.40036653  0.00000000  0.76523256  0.12997210
3    0.55792108  0.76523256  0.00000000  0.69697227
5    0.38850929  0.12997210  0.69697227  0.00000000

--------------------------------------------------------------------------------
n=4
(result of R-step: (2,3:5)0.93887750)
V=[0, 1, 2, 3]
total successes of this branch: 1
Matrix on 4 elements:

0    0.00000000  0.62297583  0.79390610  1.00721155
1    0.62297583  0.00000000  0.50481395  0.65365253
2    0.79390610  0.50481395  0.00000000  0.70948166
3    1.00721155  0.65365253  0.70948166  0.00000000
