n=6
V=[0, 1, 2, 3, 4, 5]
total successes of this branch: 2
Matrix on 6 elements:

0    0.00000000  2.09801554  2.22580995  1.63452416  1.35906722  1.93456859
1    2.09801554  0.00000000  1.94277534  1.50208845  1.42005628  1.72032536
2    2.22580995  1.94277534  0.00000000  1.54869773  1.49098613  0.71966763
3    1.63452416  1.50208845  1.54869773  0.00000000  0.76684620  0.84189399
4    1.35906722  1.42005628  1.49098613  0.76684620  0.00000000  1.13905894
5    1.93456859  1.72032536  0.71966763  0.84189399  1.13905894  0.00000000

--------------------------------------------------------------------------------
n=5
(result of R-step: (2,3:5)0.54321460)
V=[0, 1, 2, 3, 4]
total successes of this branch: 2
Matrix on 5 elements:

0    0.00000000  2.09801554  2.19507095  1.61069522  1.35906722
1    2.09801554  0.00000000  1.91203634  1.47825952  1.42005628
2    2.19507095  1.91203634  0.00000000  1.49412979  1.46024713
3    1.61069522  1.47825952  1.49412979  0.00000000  0.74301727
4    1.35906722  1.42005628  1.46024713  0.74301727  0.00000000

--------------------------------------------------------------------------------
n=4
(result of R-step: (0,3:4)0.29956937)
V=[0, 1, 2, 3]
total successes of this branch: 1
Matrix on 4 elements:

0    0.00000000  1.30562793  1.40268333  0.45826804
1    1.30562793  0.00000000  1.91203634  1.11821995
2    1.40268333  1.91203634  0.00000000  1.13409023
3    0.45826804  1.11821995  1.13409023  0.00000000

--------------------------------------------------------------------------------
n=4
(result of R-step: (1,3:2)0.70026910)
V=[0, 1, 3, 4]
total successes of this branch: 1
Matrix on 4 elements:

0    0.00000000  1.22275493  1.25065566  1.35906722
1    1.22275493  0.00000000  0.24295935  0.54479567
3    1.25065566  0.24295935  0.00000000  0.38297770
4    1.35906722  0.54479567  0.38297770  0.00000000
