n=6
V=[0, 1, 2, 3, 4, 5]
total successes of this branch: 2
Matrix on 6 elements:

0    0.00000000  1.43842223  0.97450570  1.18201169  1.86539528  0.19347368
1    1.43842223  0.00000000  1.38335985  0.59575084  1.19912268  1.41892711
2    0.97450570  1.38335985  0.00000000  1.17902159  1.85251730  0.97356015
3    1.18201169  0.59575084  1.17902159  0.00000000  0.94185568  1.15991357
4    1.86539528  1.19912268  1.85251730  0.94185568  0.00000000  1.84446768
5    0.19347368  1.41892711  0.97356015  1.15991357  1.84446768  0.00000000

--------------------------------------------------------------------------------
n=5
(result of R-step: (0,3:5)0.98228629)
V=[0, 1, 2, 3, 4]
total successes of this branch: 2
Matrix on 5 elements:

0    0.00000000  1.34827329  0.88435676  0.99566670  1.77524634
1    1.34827329  0.00000000  1.38335985  0.49955479  1.19912268
2    0.88435676  1.38335985  0.00000000  1.08282554  1.85251730
3    0.99566670  0.49955479  1.08282554  0.00000000  0.84565964
4    1.77524634  1.19912268  1.85251730  0.84565964  0.00000000

--------------------------------------------------------------------------------
n=4
(result of R-step: (0,1:2)0.87641968)
V=[0, 1, 3, 4]
total successes of this branch: 1
Matrix on 4 elements:

0    0.00000000  0.80810536  0.67089752  1.45047715
1    0.80810536  0.00000000  0.28415604  0.98372393
3    0.67089752  0.28415604  0.00000000  0.84565964
4    1.45047715  0.98372393  0.84565964  0.00000000

--------------------------------------------------------------------------------
n=4
(result of R-step: (1,3:4)0.18988753)
V=[0, 1, 2, 3]
total successes of this branch: 1
Matrix on 4 elements:

0    0.00000000  1.13287454  0.88435676  0.97210431
1    1.13287454  0.00000000  1.16796110  0.26059365
2    0.88435676  1.16796110  0.00000000  1.05926316
3    0.97210431  0.26059365  1.05926316  0.00000000
