n=6
V=[0, 1, 2, 3, 4, 5]
total successes of this branch: 2
Matrix on 6 elements:

0    0.00000000  1.72827649  1.08802748  1.61171021  1.45297278  1.87461270
1    1.72827649  0.00000000  1.01248734  1.45606535  1.35197126  1.72136267
2    1.08802748  1.01248734  0.00000000  0.84054349  0.60009450  1.09986485
3    1.61171021  1.45606535  0.84054349  0.00000000  0.86081149  0.32004997
4    1.45297278  1.35197126  0.60009450  0.86081149  0.00000000  1.09386615
5    1.87461270  1.72136267  1.09986485  0.32004997  1.09386615  0.00000000

--------------------------------------------------------------------------------
n=5
(result of R-step: (3,4:5)0.95617350)
V=[0, 1, 2, 3, 4]
total successes of this branch: 2
Matrix on 5 elements:

0    0.00000000  1.72827649  1.08802748  1.60519245  1.44245838
1    1.72827649  0.00000000  1.01248734  1.44954759  1.34145687
2    1.08802748  1.01248734  0.00000000  0.83402573  0.58958011
3    1.60519245  1.44954759  0.83402573  0.00000000  0.84377934
4    1.44245838  1.34145687  0.58958011  0.84377934  0.00000000

--------------------------------------------------------------------------------
n=4
(result of R-step: (1,4:3)0.59604696)
V=[0, 1, 2, 4]
total successes of this branch: 1
Matrix on 4 elements:

0    0.00000000  0.96047712  1.08802748  1.37829871
1    0.96047712  0.00000000  0.24468797  0.50949784
2    1.08802748  0.24468797  0.00000000  0.52542043
4    1.37829871  0.50949784  0.52542043  0.00000000

--------------------------------------------------------------------------------
n=4
(result of R-step: (2,3:4)0.68214892)
V=[0, 1, 2, 3]
total successes of this branch: 1
Matrix on 4 elements:

0    0.00000000  1.72827649  0.98948986  1.47179645
1    1.72827649  0.00000000  0.91394971  1.31615159
2    0.98948986  0.91394971  0.00000000  0.60209211
3    1.47179645  1.31615159  0.60209211  0.00000000
