n=6
V=[0, 1, 2, 3, 4, 5]
total successes of this branch: 2
Matrix on 6 elements:

0    0.00000000  2.50432635  1.70718709  1.70584756  2.10018413  1.01450929
1    2.50432635  0.00000000  1.79535356  1.83435045  1.30959350  1.72359926
2    1.70718709  1.79535356  0.00000000  0.61320160  1.61898995  1.26125233
3    1.70584756  1.83435045  0.61320160  0.00000000  1.64940062  1.26951910
4    2.10018413  1.30959350  1.61898995  1.64940062  0.00000000  1.13627225
5    1.01450929  1.72359926  1.26125233  1.26951910  1.13627225  0.00000000

--------------------------------------------------------------------------------
n=5
(result of R-step: (0,4:5)0.69744101)
V=[0, 1, 2, 3, 4]
total successes of this branch: 2
Matrix on 5 elements:

0    0.00000000  1.93199864  1.13485939  1.13351985  1.37785652
1    1.93199864  0.00000000  1.79535356  1.83435045  1.15959360
2    1.13485939  1.79535356  0.00000000  0.61320160  1.46899005
3    1.13351985  1.83435045  0.61320160  0.00000000  1.49940072
4    1.37785652  1.15959360  1.46899005  1.49940072  0.00000000

--------------------------------------------------------------------------------
n=4
(result of R-step: (0,1:4)0.21286522)
V=[0, 1, 2, 3]
total successes of this branch: 1
Matrix on 4 elements:

0    0.00000000  1.23791846  1.03413728  1.03279775
1    1.23791846  0.00000000  1.20199548  1.24099237
2    1.03413728  1.20199548  0.00000000  0.61320160
3    1.03279775  1.24099237  0.61320160  0.00000000

--------------------------------------------------------------------------------
n=4
(result of R-step: (0,2:3)0.03769547)
V=[0, 1, 2, 4]
total successes of this branch: 1
Matrix on 4 elements:

0    0.00000000  1.83127654  0.75533960  1.27713442
1    1.83127654  0.00000000  1.51655588  1.15959360
2    0.75533960  1.51655588  0.00000000  1.19019237
4    1.27713442  1.15959360  1.19019237  0.00000000
