n=8
V=[0, 1, 2, 3, 4, 5, 6, 7]
total successes of this branch: 2
Matrix on 8 elements:

0    0.00000000  1.50912555  1.65712411  1.46146548  1.44323608  1.66195369  1.48282856  0.11178967
1    1.50912555  0.00000000  1.02397168  0.98676241  0.63312313  0.87365471  1.12762572  1.47785637
2    1.65712411  1.02397168  0.00000000  1.25373443  0.85684719  0.97808450  0.48432661  1.57494540
3    1.46146548  0.98676241  1.25373443  0.00000000  0.94604960  1.17632956  1.32064010  1.44568052
4    1.44323608  0.63312313  0.85684719  0.94604960  0.00000000  0.47897479  0.97391117  1.40631652
5    1.66195369  0.87365471  0.97808450  1.17632956  0.47897479  0.00000000  1.10806106  1.61959332
6    1.48282856  1.12762572  0.48432661  1.32064010  0.97391117  1.10806106  0.00000000  1.38781098
7    0.11178967  1.47785637  1.57494540  1.44568052  1.40631652  1.61959332  1.38781098  0.00000000

--------------------------------------------------------------------------------
n=7
(result of R-step: (0,6:7)0.93566323)
V=[0, 1, 2, 3, 4, 5, 6]
total successes of this branch: 2
Matrix on 7 elements:

0    0.00000000  1.49677389  1.64477246  1.44911383  1.43088442  1.64960203  1.41524003
1    1.49677389  0.00000000  1.02397168  0.98676241  0.63312313  0.87365471  1.07238885
2    1.64477246  1.02397168  0.00000000  1.25373443  0.85684719  0.97808450  0.42908973
3    1.44911383  0.98676241  1.25373443  0.00000000  0.94604960  1.17632956  1.26540322
4    1.43088442  0.63312313  0.85684719  0.94604960  0.00000000  0.47897479  0.91867429
5    1.64960203  0.87365471  0.97808450  1.17632956  0.47897479  0.00000000  1.05282418
6    1.41524003  1.07238885  0.42908973  1.26540322  0.91867429  1.05282418  0.00000000

--------------------------------------------------------------------------------
n=6
(result of R-step: (0,2:6)0.13246343)
V=[0, 1, 2, 3, 4, 5]
total successes of this branch: 2
Matrix on 6 elements:

0    0.00000000  1.48714248  1.50521606  1.43948242  1.42125302  1.63997063
1    1.48714248  0.00000000  0.89404669  0.98676241  0.63312313  0.87365471
2    1.50521606  0.89404669  0.00000000  1.12380944  0.72692220  0.84815951
3    1.43948242  0.98676241  1.12380944  0.00000000  0.94604960  1.17632956
4    1.42125302  0.63312313  0.72692220  0.94604960  0.00000000  0.47897479
5    1.63997063  0.87365471  0.84815951  1.17632956  0.47897479  0.00000000

--------------------------------------------------------------------------------
n=5
(result of R-step: (0,1:3)0.46995634)
V=[0, 1, 2, 4, 5]
total successes of this branch: 2
Matrix on 5 elements:

0    0.00000000  0.40738794  0.75121821  0.66725517  0.88597278
1    0.40738794  0.00000000  0.56829000  0.30736644  0.54789802
2    0.75121821  0.56829000  0.00000000  0.72692220  0.84815951
4    0.66725517  0.30736644  0.72692220  0.00000000  0.47897479
5    0.88597278  0.54789802  0.84815951  0.47897479  0.00000000

--------------------------------------------------------------------------------
n=4
(result of R-step: (1,2:0)0.81714154)
V=[1, 2, 4, 5]
total successes of this branch: 1
Matrix on 4 elements:

1    0.00000000  0.54581753  0.29494393  0.53547550
2    0.54581753  0.00000000  0.71687224  0.83810956
4    0.29494393  0.71687224  0.00000000  0.47897479
5    0.53547550  0.83810956  0.47897479  0.00000000

--------------------------------------------------------------------------------
n=4
(result of R-step: (2,4:5)0.12327024)
V=[0, 1, 2, 4]
total successes of this branch: 1
Matrix on 4 elements:

0    0.00000000  0.40738794  0.74116826  0.56403097
1    0.40738794  0.00000000  0.55824004  0.20414224
2    0.74116826  0.55824004  0.00000000  0.61364805
4    0.56403097  0.20414224  0.61364805  0.00000000

--------------------------------------------------------------------------------
n=4
(result of R-step: (4,5:0)0.36522102)
V=[1, 2, 4, 5]
total successes of this branch: 0
reason of abort: negative delta/dxy
