n=8
V=[0, 1, 2, 3, 4, 5, 6, 7]
total successes of this branch: 2
Matrix on 8 elements:

0    0.00000000  1.33855854  1.03976539  1.04050523  0.94294893  0.90783726  0.96692416  0.61177320
1    1.33855854  0.00000000  1.66832384  1.81852543  1.48018962  1.57305646  1.67289425  1.54993751
2    1.03976539  1.66832384  0.00000000  1.21089004  0.75274529  0.39325667  0.69979661  1.05230602
3    1.04050523  1.81852543  1.21089004  0.00000000  1.20416868  1.04020675  0.92769007  0.63671138
4    0.94294893  1.48018962  0.75274529  1.20416868  0.00000000  0.73136314  0.91332935  1.01349445
5    0.90783726  1.57305646  0.39325667  1.04020675  0.73136314  0.00000000  0.47588061  0.89542660
6    0.96692416  1.67289425  0.69979661  0.92769007  0.91332935  0.47588061  0.00000000  0.84403194
7    0.61177320  1.54993751  1.05230602  0.63671138  1.01349445  0.89542660  0.84403194  0.00000000

--------------------------------------------------------------------------------
n=7
(result of R-step: (0,3:7)0.35618149)
V=[0, 1, 2, 3, 4, 5, 6]
total successes of this branch: 2
Matrix on 7 elements:

0    0.00000000  1.28309628  0.98430313  0.70256021  0.88748668  0.85237500  0.91146191
1    1.28309628  0.00000000  1.66832384  1.53604266  1.48018962  1.57305646  1.67289425
2    0.98430313  1.66832384  0.00000000  0.92840728  0.75274529  0.39325667  0.69979661
3    0.70256021  1.53604266  0.92840728  0.00000000  0.92168592  0.75772399  0.64520730
4    0.88748668  1.48018962  0.75274529  0.92168592  0.00000000  0.73136314  0.91332935
5    0.85237500  1.57305646  0.39325667  0.75772399  0.73136314  0.00000000  0.47588061
6    0.91146191  1.67289425  0.69979661  0.64520730  0.91332935  0.47588061  0.00000000

--------------------------------------------------------------------------------
n=6
(result of R-step: (3,5:6)0.36126355)
V=[0, 1, 2, 3, 4, 5]
total successes of this branch: 2
Matrix on 6 elements:

0    0.00000000  1.28309628  0.98430313  0.63611032  0.88748668  0.78275863
1    1.28309628  0.00000000  1.66832384  1.46959278  1.48018962  1.50344009
2    0.98430313  1.66832384  0.00000000  0.86195740  0.75274529  0.32364030
3    0.63611032  1.46959278  0.86195740  0.00000000  0.85523603  0.62165773
4    0.88748668  1.48018962  0.75274529  0.85523603  0.00000000  0.66174677
5    0.78275863  1.50344009  0.32364030  0.62165773  0.66174677  0.00000000

--------------------------------------------------------------------------------
n=5
(result of R-step: (2,3:5)0.75471486)
V=[0, 1, 2, 3, 4]
total successes of this branch: 2
Matrix on 5 elements:

0    0.00000000  1.28309628  0.83301889  0.45822826  0.88748668
1    1.28309628  0.00000000  1.51703960  1.29171072  1.48018962
2    0.83301889  1.51703960  0.00000000  0.53279109  0.60146105
3    0.45822826  1.29171072  0.53279109  0.00000000  0.67735397
4    0.88748668  1.48018962  0.60146105  0.67735397  0.00000000

--------------------------------------------------------------------------------
n=4
(result of R-step: (1,2:4)0.29171880)
V=[0, 1, 2, 3]
total successes of this branch: 1
Matrix on 4 elements:

0    0.00000000  0.45605456  0.66660170  0.45822826
1    0.45605456  0.00000000  0.52358070  0.46466900
2    0.66660170  0.52358070  0.00000000  0.36637391
3    0.45822826  0.46466900  0.36637391  0.00000000

--------------------------------------------------------------------------------
n=4
(result of R-step: (1,3:0)0.49663011)
V=[1, 2, 3, 4]
total successes of this branch: 1
Matrix on 4 elements:

1    0.00000000  0.68999788  0.45939904  0.65314790
2    0.68999788  0.00000000  0.52752114  0.60146105
3    0.45939904  0.52752114  0.00000000  0.67208401
4    0.65314790  0.60146105  0.67208401  0.00000000

--------------------------------------------------------------------------------
n=4
(result of R-step: (2,4:0)0.12144877)
V=[1, 2, 3, 4]
total successes of this branch: 0
reason of abort: negative delta/dxy
