n=8
V=[0, 1, 2, 3, 4, 5, 6, 7]
total successes of this branch: 1
Matrix on 8 elements:

0    0.00000000  1.81978004  2.08875259  1.84876717  1.29762995  2.58500141  1.64726519  0.75932890
1    1.81978004  0.00000000  1.59008261  1.30893114  1.18622285  2.08597439  1.50960255  1.13607891
2    2.08875259  1.59008261  0.00000000  1.03693464  1.19195899  1.49822758  1.45967370  1.75141834
3    1.84876717  1.30893114  1.03693464  0.00000000  1.02186842  1.53122741  1.31888880  1.49959877
4    1.29762995  1.18622285  1.19195899  1.02186842  0.00000000  1.68881402  0.59106411  1.07162351
5    2.58500141  2.08597439  1.49822758  1.53122741  1.68881402  0.00000000  1.97189162  2.24756452
6    1.64726519  1.50960255  1.45967370  1.31888880  0.59106411  1.97189162  0.00000000  1.41371098
7    0.75932890  1.13607891  1.75141834  1.49959877  1.07162351  2.24756452  1.41371098  0.00000000

--------------------------------------------------------------------------------
n=7
(result of R-step: (0,1:7)0.71252651)
V=[0, 1, 2, 3, 4, 5, 6]
total successes of this branch: 1
Matrix on 7 elements:

0    0.00000000  1.45979514  1.78688998  1.54690455  0.99576733  2.28313879  1.34540258
1    1.45979514  0.00000000  1.53196032  1.25080885  1.12810055  2.02785210  1.45148026
2    1.78688998  1.53196032  0.00000000  1.03693464  1.19195899  1.49822758  1.45967370
3    1.54690455  1.25080885  1.03693464  0.00000000  1.02186842  1.53122741  1.31888880
4    0.99576733  1.12810055  1.19195899  1.02186842  0.00000000  1.68881402  0.59106411
5    2.28313879  2.02785210  1.49822758  1.53122741  1.68881402  0.00000000  1.97189162
6    1.34540258  1.45148026  1.45967370  1.31888880  0.59106411  1.97189162  0.00000000

--------------------------------------------------------------------------------
n=6
(result of R-step: (2,4:6)0.06779773)
V=[0, 1, 2, 3, 4, 5]
total successes of this branch: 1
Matrix on 6 elements:

0    0.00000000  1.45979514  1.39950311  1.54690455  0.88084964  2.28313879
1    1.45979514  0.00000000  1.14457346  1.25080885  1.01318286  2.02785210
2    1.39950311  1.14457346  0.00000000  0.64954778  0.68965443  1.11084072
3    1.54690455  1.25080885  0.64954778  0.00000000  0.90695073  1.53122741
4    0.88084964  1.01318286  0.68965443  0.90695073  0.00000000  1.57389633
5    2.28313879  2.02785210  1.11084072  1.53122741  1.57389633  0.00000000

--------------------------------------------------------------------------------
n=5
(result of R-step: (2,3:5)0.99132682)
V=[0, 1, 2, 3, 4]
total successes of this branch: 1
Matrix on 5 elements:

0    0.00000000  1.45979514  1.28710333  1.26119451  0.88084964
1    1.45979514  0.00000000  1.03217368  0.96509880  1.01318286
2    1.28710333  1.03217368  0.00000000  0.25143796  0.57725466
3    1.26119451  0.96509880  0.25143796  0.00000000  0.62124069
4    0.88084964  1.01318286  0.57725466  0.62124069  0.00000000

--------------------------------------------------------------------------------
n=4
(result of R-step: (0,3:2)0.47242392)
V=[0, 1, 3, 4]
total successes of this branch: 0
reason of abort: negative delta/dxy

--------------------------------------------------------------------------------
n=4
(result of R-step: (1,2:3)0.26552123)
V=[0, 1, 2, 4]
total successes of this branch: 1
Matrix on 4 elements:

0    0.00000000  0.93488172  1.25365369  0.88084964
1    0.93488172  0.00000000  0.47381062  0.48826944
2    1.25365369  0.47381062  0.00000000  0.54380502
4    0.88084964  0.48826944  0.54380502  0.00000000

--------------------------------------------------------------------------------
n=4
(result of R-step: (3,4:2)0.90391393)
V=[0, 1, 3, 4]
total successes of this branch: 0
reason of abort: negative delta/dxy
