n=8
V=[0, 1, 2, 3, 4, 5, 6, 7]
total successes of this branch: 1
Matrix on 8 elements:

0    0.00000000  1.82969174  1.22667526  1.71842756  1.50284694  1.65720465  1.93500953  1.39554494
1    1.82969174  0.00000000  1.23505115  1.74042170  1.77041505  1.77205229  1.95578705  1.12484518
2    1.22667526  1.23505115  0.00000000  1.01347060  1.11783325  1.07322082  1.21358551  0.42423439
3    1.71842756  1.74042170  1.01347060  0.00000000  1.43408325  1.09452493  1.04654015  1.20522874
4    1.50284694  1.77041505  1.11783325  1.43408325  0.00000000  1.35340064  1.66634418  1.29585673
5    1.65720465  1.77205229  1.07322082  1.09452493  1.35340064  0.00000000  1.35313563  1.25978578
6    1.93500953  1.95578705  1.21358551  1.04654015  1.66634418  1.35313563  0.00000000  1.40816013
7    1.39554494  1.12484518  0.42423439  1.20522874  1.29585673  1.25978578  1.40816013  0.00000000

--------------------------------------------------------------------------------
n=7
(result of R-step: (1,2:7)0.18468171)
V=[0, 1, 2, 3, 4, 5, 6]
total successes of this branch: 1
Matrix on 7 elements:

0    0.00000000  1.66621636  1.14165358  1.71842756  1.50284694  1.65720465  1.93500953
1    1.66621636  0.00000000  0.98655410  1.57694633  1.60693967  1.60857691  1.79231167
2    1.14165358  0.98655410  0.00000000  0.92844892  1.03281156  0.98819914  1.12856383
3    1.71842756  1.57694633  0.92844892  0.00000000  1.43408325  1.09452493  1.04654015
4    1.50284694  1.60693967  1.03281156  1.43408325  0.00000000  1.35340064  1.66634418
5    1.65720465  1.60857691  0.98819914  1.09452493  1.35340064  0.00000000  1.35313563
6    1.93500953  1.79231167  1.12856383  1.04654015  1.66634418  1.35313563  0.00000000

--------------------------------------------------------------------------------
n=6
(result of R-step: (2,3:6)0.08933764)
V=[0, 1, 2, 3, 4, 5]
total successes of this branch: 1
Matrix on 6 elements:

0    0.00000000  1.66621636  1.05797804  1.33657082  1.50284694  1.65720465
1    1.66621636  0.00000000  0.90287856  1.19508959  1.60693967  1.60857691
2    1.05797804  0.90287856  0.00000000  0.46291664  0.94913603  0.90452361
3    1.33657082  1.19508959  0.46291664  0.00000000  1.05222651  0.71266819
4    1.50284694  1.60693967  0.94913603  1.05222651  0.00000000  1.35340064
5    1.65720465  1.60857691  0.90452361  0.71266819  1.35340064  0.00000000

--------------------------------------------------------------------------------
n=5
(result of R-step: (0,2:1)0.23244526)
V=[0, 2, 3, 4, 5]
total successes of this branch: 1
Matrix on 5 elements:

0    0.00000000  0.27546001  0.63734353  0.80361965  0.95797736
2    0.27546001  0.00000000  0.37962590  0.86584528  0.82123286
3    0.63734353  0.37962590  0.00000000  1.05222651  0.71266819
4    0.80361965  0.86584528  1.05222651  0.00000000  1.35340064
5    0.95797736  0.82123286  0.71266819  1.35340064  0.00000000

--------------------------------------------------------------------------------
n=4
(result of R-step: (0,3:5)0.97225068)
V=[0, 2, 3, 4]
total successes of this branch: 0
reason of abort: negative delta/dxy

--------------------------------------------------------------------------------
n=4
(result of R-step: (2,5:3)0.09981275)
V=[0, 2, 4, 5]
total successes of this branch: 0
reason of abort: negative delta/dxy

--------------------------------------------------------------------------------
n=4
(result of R-step: (3,4:5)0.62189192)
V=[0, 2, 3, 4]
total successes of this branch: 1
Matrix on 4 elements:

0    0.00000000  0.27546001  0.59147595  0.22010132
2    0.27546001  0.00000000  0.33375832  0.28232695
3    0.59147595  0.33375832  0.00000000  0.42284059
4    0.22010132  0.28232695  0.42284059  0.00000000
