n=8
V=[0, 1, 2, 3, 4, 5, 6, 7]
total successes of this branch: 1
Matrix on 8 elements:

0    0.00000000  1.04348394  1.04334058  1.01022038  0.83746002  1.01844292  1.04342051  1.03638067
1    1.04348394  0.00000000  1.04323356  1.04334867  0.98342720  1.04332009  0.63825326  1.04325775
2    1.04334058  1.04323356  0.00000000  1.00441725  1.04331643  0.88942627  0.72187538  0.43683686
3    1.01022038  1.04334867  1.00441725  0.00000000  1.01769773  0.65622679  1.02612401  0.90708380
4    0.83746002  0.98342720  1.04331643  1.01769773  0.00000000  1.02405791  1.00992434  1.03793289
5    1.01844292  1.04332009  0.88942627  0.65622679  1.02405791  0.00000000  0.97523195  0.71381988
6    1.04342051  0.63825326  0.72187538  1.02612401  1.00992434  0.97523195  0.00000000  0.79269889
7    1.03638067  1.04325775  0.43683686  0.90708380  1.03793289  0.71381988  0.79269889  0.00000000

--------------------------------------------------------------------------------
n=7
(result of R-step: (2,5:7)0.72045915)
V=[0, 1, 2, 3, 4, 5, 6]
total successes of this branch: 1
Matrix on 7 elements:

0    0.00000000  1.04348394  0.91272535  1.01022038  0.83746002  0.88782768  1.04342051
1    1.04348394  0.00000000  0.91261833  1.04334867  0.98342720  0.91270486  0.63825326
2    0.91272535  0.91261833  0.00000000  0.87380202  0.91270119  0.62819580  0.59126014
3    1.01022038  1.04334867  0.87380202  0.00000000  1.01769773  0.52561156  1.02612401
4    0.83746002  0.98342720  0.91270119  1.01769773  0.00000000  0.89344268  1.00992434
5    0.88782768  0.91270486  0.62819580  0.52561156  0.89344268  0.00000000  0.84461671
6    1.04342051  0.63825326  0.59126014  1.02612401  1.00992434  0.84461671  0.00000000

--------------------------------------------------------------------------------
n=6
(result of R-step: (1,2:6)0.55756415)
V=[0, 1, 2, 3, 4, 5]
total successes of this branch: 1
Matrix on 6 elements:

0    0.00000000  0.88503640  0.88489304  1.01022038  0.83746002  0.88782768
1    0.88503640  0.00000000  0.72633849  0.88490113  0.82497966  0.75425732
2    0.88489304  0.72633849  0.00000000  0.84596971  0.88486889  0.60036349
3    1.01022038  0.88490113  0.84596971  0.00000000  1.01769773  0.52561156
4    0.83746002  0.82497966  0.88486889  1.01769773  0.00000000  0.89344268
5    0.88782768  0.75425732  0.60036349  0.52561156  0.89344268  0.00000000

--------------------------------------------------------------------------------
n=5
(result of R-step: (2,3:5)0.24826337)
V=[0, 1, 2, 3, 4]
total successes of this branch: 1
Matrix on 5 elements:

0    0.00000000  0.88503640  0.77272268  0.73960248  0.83746002
1    0.88503640  0.00000000  0.61416812  0.61428323  0.82497966
2    0.77272268  0.61416812  0.00000000  0.46318145  0.77269852
3    0.73960248  0.61428323  0.46318145  0.00000000  0.74707983
4    0.83746002  0.82497966  0.77269852  0.74707983  0.00000000

--------------------------------------------------------------------------------
n=4
(result of R-step: (0,2:1)0.46688490)
V=[0, 2, 3, 4]
total successes of this branch: 0
Matrix on 4 elements:

0    0.00000000  0.07271006  0.25656983  0.35442737
2    0.07271006  0.00000000  0.24620148  0.55571855
3    0.25656983  0.24620148  0.00000000  0.74707983
4    0.35442737  0.55571855  0.74707983  0.00000000
reason of abort: no pseudometric

--------------------------------------------------------------------------------
n=4
(result of R-step: (0,3:1)0.33348464)
V=[0, 2, 3, 4]
total successes of this branch: 0
reason of abort: negative delta/dxy

--------------------------------------------------------------------------------
n=4
(result of R-step: (2,4:1)0.82301573)
V=[0, 2, 3, 4]
total successes of this branch: 1
Matrix on 4 elements:

0    0.00000000  0.54395645  0.73960248  0.58834073
2    0.54395645  0.00000000  0.23441522  0.29481301
3    0.73960248  0.23441522  0.00000000  0.49796054
4    0.58834073  0.29481301  0.49796054  0.00000000

--------------------------------------------------------------------------------
n=4
(result of R-step: (3,4:1)0.97376563)
V=[0, 2, 3, 4]
total successes of this branch: 0
reason of abort: negative delta/dxy
