n=8
V=[0, 1, 2, 3, 4, 5, 6, 7]
total successes of this branch: 1
Matrix on 8 elements:

0    0.00000000  2.06200314  1.98290191  2.02525161  2.01292541  2.03386728  1.91384285  1.91601967
1    2.06200314  0.00000000  1.77210973  1.67413332  1.70265009  1.50966139  1.78448907  1.78409886
2    1.98290191  1.77210973  0.00000000  1.68708472  1.61834861  1.70701716  0.43476932  0.42162676
3    2.02525161  1.67413332  1.68708472  0.00000000  1.51966094  1.13702368  1.70152549  1.70107030
4    2.01292541  1.70265009  1.61834861  1.51966094  0.00000000  1.56255913  1.63519826  1.63466714
5    2.03386728  1.50966139  1.70701716  1.13702368  1.56255913  0.00000000  1.72097466  1.72053471
6    1.91384285  1.78448907  0.43476932  1.70152549  1.63519826  1.72097466  0.00000000  0.03096819
7    1.91601967  1.78409886  0.42162676  1.70107030  1.63466714  1.72053471  0.03096819  0.00000000

--------------------------------------------------------------------------------
n=7
(result of R-step: (1,3:5)0.23443023)
V=[0, 1, 2, 3, 4, 6, 7]
total successes of this branch: 1
Matrix on 7 elements:

0    0.00000000  1.57572726  1.98290191  1.53897573  2.01292541  1.91384285  1.91601967
1    1.57572726  0.00000000  1.28583386  0.70158157  1.21637422  1.29821320  1.29782299
2    1.98290191  1.28583386  0.00000000  1.20080885  1.61834861  0.43476932  0.42162676
3    1.53897573  0.70158157  1.20080885  0.00000000  1.03338506  1.21524962  1.21479443
4    2.01292541  1.21637422  1.61834861  1.03338506  0.00000000  1.63519826  1.63466714
6    1.91384285  1.29821320  0.43476932  1.21524962  1.63519826  0.00000000  0.03096819
7    1.91601967  1.29782299  0.42162676  1.21479443  1.63466714  0.03096819  0.00000000

--------------------------------------------------------------------------------
n=6
(result of R-step: (1,4:3)0.53886212)
V=[0, 1, 2, 4, 6, 7]
total successes of this branch: 1
Matrix on 6 elements:

0    0.00000000  1.22403665  1.98290191  1.34470094  1.91384285  1.91601967
1    1.22403665  0.00000000  0.93414324  0.19645913  0.94652258  0.94613237
2    1.98290191  0.93414324  0.00000000  0.95012414  0.43476932  0.42162676
4    1.34470094  0.19645913  0.95012414  0.00000000  0.96697378  0.96644266
6    1.91384285  0.94652258  0.43476932  0.96697378  0.00000000  0.03096819
7    1.91601967  0.94613237  0.42162676  0.96644266  0.03096819  0.00000000

--------------------------------------------------------------------------------
n=5
(result of R-step: (0,4:1)0.05203551)
V=[0, 2, 4, 6, 7]
total successes of this branch: 1
Matrix on 5 elements:

0    0.00000000  1.80004679  1.05835621  1.73098772  1.73316455
2    1.80004679  0.00000000  0.84663453  0.43476932  0.42162676
4    1.05835621  0.84663453  0.00000000  0.86348418  0.86295306
6    1.73098772  0.43476932  0.86348418  0.00000000  0.03096819
7    1.73316455  0.42162676  0.86295306  0.03096819  0.00000000

--------------------------------------------------------------------------------
n=4
(result of R-step: (0,2:4)0.82323411)
V=[0, 2, 6, 7]
total successes of this branch: 1
Matrix on 4 elements:

0    0.00000000  0.95385958  0.89371333  0.89589015
2    0.95385958  0.00000000  0.42585650  0.41271394
6    0.89371333  0.42585650  0.00000000  0.03096819
7    0.89589015  0.41271394  0.03096819  0.00000000
