n=8
V=[0, 1, 2, 3, 4, 5, 6, 7]
total successes of this branch: 1
Matrix on 8 elements:

0    0.00000000  0.63197903  0.62673993  0.62773531  0.62738961  0.42586104  0.11929452  0.48406400
1    0.63197903  0.00000000  0.61096322  0.56762694  0.58267782  0.41144660  0.59911746  0.30719947
2    0.62673993  0.61096322  0.00000000  0.42620442  0.39459264  0.61858506  0.62552477  0.61643283
3    0.62773531  0.56762694  0.42620442  0.00000000  0.36679584  0.59666574  0.62310563  0.58846586
4    0.62738961  0.58267782  0.39459264  0.36679584  0.00000000  0.60427842  0.62394581  0.59817891
5    0.42586104  0.41144660  0.61858506  0.59666574  0.60427842  0.00000000  0.37218060  0.14651643
6    0.11929452  0.59911746  0.62552477  0.62310563  0.62394581  0.37218060  0.00000000  0.43626232
7    0.48406400  0.30719947  0.61643283  0.58846586  0.59817891  0.14651643  0.43626232  0.00000000

--------------------------------------------------------------------------------
n=7
(result of R-step: (1,5:7)0.28237687)
V=[0, 1, 2, 3, 4, 5, 6]
total successes of this branch: 1
Matrix on 7 elements:

0    0.00000000  0.61084438  0.62673993  0.62773531  0.62738961  0.40472639  0.11929452
1    0.61084438  0.00000000  0.58982856  0.54649229  0.56154317  0.36917729  0.57798281
2    0.62673993  0.58982856  0.00000000  0.42620442  0.39459264  0.59745041  0.62552477
3    0.62773531  0.54649229  0.42620442  0.00000000  0.36679584  0.57553109  0.62310563
4    0.62738961  0.56154317  0.39459264  0.36679584  0.00000000  0.58314377  0.62394581
5    0.40472639  0.36917729  0.59745041  0.57553109  0.58314377  0.00000000  0.35104595
6    0.11929452  0.57798281  0.62552477  0.62310563  0.62394581  0.35104595  0.00000000

--------------------------------------------------------------------------------
n=6
(result of R-step: (0,5:6)0.85098988)
V=[0, 1, 2, 3, 4, 5]
total successes of this branch: 1
Matrix on 6 elements:

0    0.00000000  0.57803734  0.59393289  0.59492827  0.59458257  0.36024696
1    0.57803734  0.00000000  0.58982856  0.54649229  0.56154317  0.35750490
2    0.59393289  0.58982856  0.00000000  0.42620442  0.39459264  0.58577802
3    0.59492827  0.54649229  0.42620442  0.00000000  0.36679584  0.56385870
4    0.59458257  0.56154317  0.39459264  0.36679584  0.00000000  0.57147138
5    0.36024696  0.35750490  0.58577802  0.56385870  0.57147138  0.00000000

--------------------------------------------------------------------------------
n=5
(result of R-step: (0,1:5)0.48310743)
V=[0, 1, 2, 3, 4]
total successes of this branch: 1
Matrix on 5 elements:

0    0.00000000  0.42665042  0.52407562  0.52507101  0.52472531
1    0.42665042  0.00000000  0.50829891  0.46496264  0.48001352
2    0.52407562  0.50829891  0.00000000  0.42620442  0.39459264
3    0.52507101  0.46496264  0.42620442  0.00000000  0.36679584
4    0.52472531  0.48001352  0.39459264  0.36679584  0.00000000

--------------------------------------------------------------------------------
n=4
(result of R-step: (0,2:3)0.07337514)
V=[0, 1, 2, 4]
total successes of this branch: 0
reason of abort: negative delta/dxy

--------------------------------------------------------------------------------
n=4
(result of R-step: (0,4:3)0.25520186)
V=[0, 1, 2, 4]
total successes of this branch: 0
Matrix on 4 elements:

0    0.00000000  0.16080381  0.25822901  0.10157602
1    0.16080381  0.00000000  0.50829891  0.32271084
2    0.25822901  0.50829891  0.00000000  0.23728996
4    0.10157602  0.32271084  0.23728996  0.00000000
reason of abort: no pseudometric

--------------------------------------------------------------------------------
n=4
(result of R-step: (1,4:3)0.14763389)
V=[0, 1, 2, 4]
total successes of this branch: 1
Matrix on 4 elements:

0    0.00000000  0.28782559  0.52407562  0.35982862
1    0.28782559  0.00000000  0.36947408  0.17629200
2    0.52407562  0.36947408  0.00000000  0.22969595
4    0.35982862  0.17629200  0.22969595  0.00000000
