n=8
V=[0, 1, 2, 3, 4, 5, 6, 7]
total successes of this branch: 1
Matrix on 8 elements:

0    0.00000000  2.18898594  2.05501771  2.17281162  2.06867967  2.06555969  1.74829523  2.18573460
1    2.18898594  0.00000000  2.11523483  1.47117778  2.04053590  2.05759486  2.13930747  0.91649292
2    2.05501771  2.11523483  0.00000000  2.02679915  1.38725996  1.32917652  1.42203729  2.09745756
3    2.17281162  1.47117778  2.02679915  0.00000000  1.94289257  1.96205427  2.07445816  1.33162207
4    2.06867967  2.04053590  1.38725996  1.94289257  0.00000000  1.19100372  1.60967785  2.02090771
5    2.06555969  2.05759486  1.32917652  1.96205427  1.19100372  0.00000000  1.56953469  2.03838937
6    1.74829523  2.13930747  1.42203729  2.07445816  1.60967785  1.56953469  0.00000000  2.12627151
7    2.18573460  0.91649292  2.09745756  1.33162207  2.02090771  2.03838937  2.12627151  0.00000000

--------------------------------------------------------------------------------
n=7
(result of R-step: (0,2:6)0.32640368)
V=[0, 1, 2, 3, 4, 5, 7]
total successes of this branch: 1
Matrix on 7 elements:

0    0.00000000  1.63132854  0.93970291  1.61515422  1.51102227  1.50790229  1.62807719
1    1.63132854  0.00000000  1.55757743  1.47117778  2.04053590  2.05759486  0.91649292
2    0.93970291  1.55757743  0.00000000  1.46914175  0.82960255  0.77151912  1.53980016
3    1.61515422  1.47117778  1.46914175  0.00000000  1.94289257  1.96205427  1.33162207
4    1.51102227  2.04053590  0.82960255  1.94289257  0.00000000  1.19100372  2.02090771
5    1.50790229  2.05759486  0.77151912  1.96205427  1.19100372  0.00000000  2.03838937
7    1.62807719  0.91649292  1.53980016  1.33162207  2.02090771  2.03838937  0.00000000

--------------------------------------------------------------------------------
n=6
(result of R-step: (1,3:7)0.79898076)
V=[0, 1, 2, 3, 4, 5]
total successes of this branch: 1
Matrix on 6 elements:

0    0.00000000  1.24285994  0.93970291  1.22668562  1.51102227  1.50790229
1    1.24285994  0.00000000  1.16910883  0.69424057  1.65206730  1.66912626
2    0.93970291  1.16910883  0.00000000  1.08067314  0.82960255  0.77151912
3    1.22668562  0.69424057  1.08067314  0.00000000  1.55442396  1.57358567
4    1.51102227  1.65206730  0.82960255  1.55442396  0.00000000  1.19100372
5    1.50790229  1.66912626  0.77151912  1.57358567  1.19100372  0.00000000

--------------------------------------------------------------------------------
n=5
(result of R-step: (0,3:1)0.09437111)
V=[0, 2, 3, 4, 5]
total successes of this branch: 1
Matrix on 5 elements:

0    0.00000000  0.77970266  0.80347729  1.35102202  1.34790204
2    0.77970266  0.00000000  0.81746506  0.82960255  0.77151912
3    0.80347729  0.81746506  0.00000000  1.29121588  1.31037759
4    1.35102202  0.82960255  1.29121588  0.00000000  1.19100372
5    1.34790204  0.77151912  1.31037759  1.19100372  0.00000000

--------------------------------------------------------------------------------
n=4
(result of R-step: (2,3:0)0.28845415)
V=[2, 3, 4, 5]
total successes of this branch: 1
Matrix on 4 elements:

2    0.00000000  0.54535134  0.82079982  0.76271638
3    0.54535134  0.00000000  1.02790489  1.04706660
4    0.82079982  1.02790489  0.00000000  1.19100372
5    0.76271638  1.04706660  1.19100372  0.00000000
