n=8
V=[0, 1, 2, 3, 4, 5, 6, 7]
total successes of this branch: 1
Matrix on 8 elements:

0    0.00000000  2.12385464  1.96928775  1.95959197  1.96851392  1.96528945  1.96114494  0.77352610
1    2.12385464  0.00000000  1.93222101  1.93601978  1.93252419  1.93378753  1.93541133  1.70939071
2    1.96928775  1.93222101  0.00000000  1.48986771  1.08027717  1.22830704  1.41857351  1.96058258
3    1.95959197  1.93601978  1.48986771  0.00000000  1.45434269  1.11728521  0.59158706  1.95405601
4    1.96851392  1.93252419  1.08027717  1.45434269  0.00000000  0.85878062  1.29200896  1.96006169
5    1.96528945  1.93378753  1.22830704  1.11728521  0.85878062  0.00000000  0.92030238  1.95789118
6    1.96114494  1.93541133  1.41857351  0.59158706  1.29200896  0.92030238  0.00000000  1.95510137
7    0.77352610  1.70939071  1.96058258  1.95405601  1.96006169  1.95789118  1.95510137  0.00000000

--------------------------------------------------------------------------------
n=7
(result of R-step: (0,1:7)0.76514863)
V=[0, 1, 2, 3, 4, 5, 6]
total successes of this branch: 1
Matrix on 7 elements:

0    0.00000000  1.76479246  1.78975667  1.78006088  1.78898284  1.78575836  1.78161386
1    1.76479246  0.00000000  1.75268992  1.75648869  1.75299310  1.75425644  1.75588024
2    1.78975667  1.75268992  0.00000000  1.48986771  1.08027717  1.22830704  1.41857351
3    1.78006088  1.75648869  1.48986771  0.00000000  1.45434269  1.11728521  0.59158706
4    1.78898284  1.75299310  1.08027717  1.45434269  0.00000000  0.85878062  1.29200896
5    1.78575836  1.75425644  1.22830704  1.11728521  0.85878062  0.00000000  0.92030238
6    1.78161386  1.75588024  1.41857351  0.59158706  1.29200896  0.92030238  0.00000000

--------------------------------------------------------------------------------
n=6
(result of R-step: (0,2:1)0.97032934)
V=[0, 2, 3, 4, 5, 6]
total successes of this branch: 1
Matrix on 6 elements:

0    0.00000000  0.37765630  0.89033659  0.89925855  0.89603407  0.89188957
2    0.37765630  0.00000000  0.96749163  0.55790109  0.70593097  0.89619743
3    0.89033659  0.96749163  0.00000000  1.45434269  1.11728521  0.59158706
4    0.89925855  0.55790109  1.45434269  0.00000000  0.85878062  1.29200896
5    0.89603407  0.70593097  1.11728521  0.85878062  0.00000000  0.92030238
6    0.89188957  0.89619743  0.59158706  1.29200896  0.92030238  0.00000000

--------------------------------------------------------------------------------
n=5
(result of R-step: (3,5:6)0.72742768)
V=[0, 2, 3, 4, 5]
total successes of this branch: 1
Matrix on 5 elements:

0    0.00000000  0.37765630  0.69303447  0.89925855  0.69873195
2    0.37765630  0.00000000  0.77018951  0.55790109  0.50862885
3    0.69303447  0.77018951  0.00000000  1.25704058  0.72268098
4    0.89925855  0.55790109  1.25704058  0.00000000  0.66147850
5    0.69873195  0.50862885  0.72268098  0.66147850  0.00000000

--------------------------------------------------------------------------------
n=4
(result of R-step: (0,2:5)0.36100701)
V=[0, 2, 3, 4]
total successes of this branch: 0
reason of abort: negative delta/dxy

--------------------------------------------------------------------------------
n=4
(result of R-step: (0,3:4)0.40990891)
V=[0, 2, 3, 5]
total successes of this branch: 0
reason of abort: negative delta/dxy

--------------------------------------------------------------------------------
n=4
(result of R-step: (2,5:4)0.90571710)
V=[0, 2, 3, 5]
total successes of this branch: 0
reason of abort: negative delta/dxy

--------------------------------------------------------------------------------
n=4
(result of R-step: (3,4:5)0.36140941)
V=[0, 2, 3, 4]
total successes of this branch: 1
Matrix on 4 elements:

0    0.00000000  0.37765630  0.62947502  0.63839698
2    0.37765630  0.00000000  0.70663006  0.29703952
3    0.62947502  0.70663006  0.00000000  0.93261956
4    0.63839698  0.29703952  0.93261956  0.00000000
