n=8
V=[0, 1, 2, 3, 4, 5, 6, 7]
total successes of this branch: 1
Matrix on 8 elements:

0    0.00000000  1.30011550  1.25345589  1.27825377  1.08149280  1.25484399  1.29684229  1.25466207
1    1.30011550  0.00000000  1.27520983  1.22399086  1.29482064  1.27234277  0.47142997  1.27271851
2    1.25345589  1.27520983  0.00000000  1.23005535  1.20702638  0.46022012  1.26844915  0.43976152
3    1.27825377  1.22399086  1.23005535  0.00000000  1.26800695  1.18440729  1.09147392  1.19038976
4    1.08149280  1.29482064  1.20702638  1.26800695  0.00000000  1.21043987  1.29080600  1.20999251
5    1.25484399  1.27234277  0.46022012  1.18440729  1.21043987  0.00000000  1.25917676  0.32457350
6    1.29684229  0.47142997  1.26844915  1.09147392  1.29080600  1.25917676  0.00000000  1.26039197
7    1.25466207  1.27271851  0.43976152  1.19038976  1.20999251  0.32457350  1.26039197  0.00000000

--------------------------------------------------------------------------------
n=7
(result of R-step: (1,3:6)0.85027652)
V=[0, 1, 2, 3, 4, 5, 7]
total successes of this branch: 1
Matrix on 7 elements:

0    0.00000000  1.13065898  1.25345589  1.10879725  1.08149280  1.25484399  1.25466207
1    1.13065898  0.00000000  1.10575332  0.88507782  1.12536412  1.10288625  1.10326199
2    1.25345589  1.10575332  0.00000000  1.06059883  1.20702638  0.46022012  0.43976152
3    1.10879725  0.88507782  1.06059883  0.00000000  1.09855043  1.01495077  1.02093324
4    1.08149280  1.12536412  1.20702638  1.09855043  0.00000000  1.21043987  1.20999251
5    1.25484399  1.10288625  0.46022012  1.01495077  1.21043987  0.00000000  0.32457350
7    1.25466207  1.10326199  0.43976152  1.02093324  1.20999251  0.32457350  0.00000000

--------------------------------------------------------------------------------
n=6
(result of R-step: (1,4:0)0.32248520)
V=[1, 2, 3, 4, 5, 7]
total successes of this branch: 1
Matrix on 6 elements:

1    0.00000000  0.65748537  0.43680987  0.20515744  0.65461830  0.65499405
2    0.65748537  0.00000000  1.06059883  0.73508765  0.46022012  0.43976152
3    0.43680987  1.06059883  0.00000000  0.62661170  1.01495077  1.02093324
4    0.20515744  0.73508765  0.62661170  0.00000000  0.73850114  0.73805378
5    0.65461830  0.46022012  1.01495077  0.73850114  0.00000000  0.32457350
7    0.65499405  0.43976152  1.02093324  0.73805378  0.32457350  0.00000000

--------------------------------------------------------------------------------
n=5
(result of R-step: (3,4:1)0.12801389)
V=[2, 3, 4, 5, 7]
total successes of this branch: 1
Matrix on 5 elements:

2    0.00000000  1.02276932  0.59505407  0.46022012  0.43976152
3    1.02276932  0.00000000  0.44874861  0.97712126  0.98310373
4    0.59505407  0.44874861  0.00000000  0.59846756  0.59802020
5    0.46022012  0.97712126  0.59846756  0.00000000  0.32457350
7    0.43976152  0.98310373  0.59802020  0.32457350  0.00000000

--------------------------------------------------------------------------------
n=4
(result of R-step: (3,7:5)0.02732733)
V=[2, 3, 4, 7]
total successes of this branch: 1
Matrix on 4 elements:

2    0.00000000  0.72349801  0.59505407  0.28905236
3    0.72349801  0.00000000  0.14947730  0.53312327
4    0.59505407  0.14947730  0.00000000  0.44731104
7    0.28905236  0.53312327  0.44731104  0.00000000

--------------------------------------------------------------------------------
n=4
(result of R-step: (4,7:5)0.03833997)
V=[2, 3, 4, 7]
total successes of this branch: 0
Matrix on 4 elements:

2    0.00000000  1.02276932  0.47936865  0.29046721
3    1.02276932  0.00000000  0.33306320  0.83380942
4    0.47936865  0.33306320  0.00000000  0.33304047
7    0.29046721  0.83380942  0.33304047  0.00000000
reason of abort: no pseudometric
