n=8
V=[0, 1, 2, 3, 4, 5, 6, 7]
total successes of this branch: 2
Matrix on 8 elements:

0    0.00000000  2.38042927  1.99050248  1.88046482  1.82677322  1.94960106  2.34690662  1.97508522
1    2.38042927  0.00000000  2.35353872  2.36677100  2.37062643  2.35845721  1.11275702  2.35539268
2    1.99050248  2.35353872  0.00000000  1.87692236  1.90898359  1.67450302  2.23683333  1.02303589
3    1.88046482  2.36677100  1.87692236  0.00000000  1.74394852  1.75716985  2.32465791  1.83178321
4    1.82677322  2.37062643  1.90898359  1.74394852  0.00000000  1.84763942  2.33093824  1.88586070
5    1.94960106  2.35845721  1.67450302  1.75716985  1.84763942  0.00000000  2.29965655  1.28038227
6    2.34690662  1.11275702  2.23683333  2.32465791  2.33093824  2.29965655  0.00000000  2.26051372
7    1.97508522  2.35539268  1.02303589  1.83178321  1.88586070  1.28038227  2.26051372  0.00000000

--------------------------------------------------------------------------------
n=7
(result of R-step: (2,5:7)0.62306301)
V=[0, 1, 2, 3, 4, 5, 6]
total successes of this branch: 2
Matrix on 7 elements:

0    0.00000000  2.38042927  1.67604491  1.88046482  1.82677322  1.63514349  2.34690662
1    2.38042927  0.00000000  2.03908115  2.36677100  2.37062643  2.04399964  1.11275702
2    1.67604491  2.03908115  0.00000000  1.56246479  1.59452602  1.04558788  1.92237576
3    1.88046482  2.36677100  1.56246479  0.00000000  1.74394852  1.44271228  2.32465791
4    1.82677322  2.37062643  1.59452602  1.74394852  0.00000000  1.53318185  2.33093824
5    1.63514349  2.04399964  1.04558788  1.44271228  1.53318185  0.00000000  1.98519897
6    2.34690662  1.11275702  1.92237576  2.32465791  2.33093824  1.98519897  0.00000000

--------------------------------------------------------------------------------
n=6
(result of R-step: (1,2:6)0.91402836)
V=[0, 1, 2, 3, 4, 5]
total successes of this branch: 2
Matrix on 6 elements:

0    0.00000000  1.88240345  1.49247666  1.88046482  1.82677322  1.63514349
1    1.88240345  0.00000000  1.35748709  1.86874518  1.87260062  1.54597382
2    1.49247666  1.35748709  0.00000000  1.37889655  1.41095777  0.86201963
3    1.88046482  1.86874518  1.37889655  0.00000000  1.74394852  1.44271228
4    1.82677322  1.87260062  1.41095777  1.74394852  0.00000000  1.53318185
5    1.63514349  1.54597382  0.86201963  1.44271228  1.53318185  0.00000000

--------------------------------------------------------------------------------
n=5
(result of R-step: (2,3:5)0.62829618)
V=[0, 1, 2, 3, 4]
total successes of this branch: 2
Matrix on 5 elements:

0    0.00000000  1.88240345  1.21312722  1.10308956  1.82677322
1    1.88240345  0.00000000  1.07813765  1.09136993  1.87260062
2    1.21312722  1.07813765  0.00000000  0.32217185  1.13160833
3    1.10308956  1.09136993  0.32217185  0.00000000  0.96657326
4    1.82677322  1.87260062  1.13160833  0.96657326  0.00000000

--------------------------------------------------------------------------------
n=4
(result of R-step: (0,2:1)0.32891965)
V=[0, 2, 3, 4]
total successes of this branch: 1
Matrix on 4 elements:

0    0.00000000  0.24373840  0.25796110  0.98164476
2    0.24373840  0.00000000  0.19791149  1.00734797
3    0.25796110  0.19791149  0.00000000  0.96657326
4    0.98164476  1.00734797  0.96657326  0.00000000

--------------------------------------------------------------------------------
n=4
(result of R-step: (1,3:2)0.43402971)
V=[0, 1, 3, 4]
total successes of this branch: 1
Matrix on 4 elements:

0    0.00000000  1.08906788  1.03533636  1.82677322
1    1.08906788  0.00000000  0.23028116  1.07926505
3    1.03533636  0.23028116  0.00000000  0.89882006
4    1.82677322  1.07926505  0.89882006  0.00000000
