n=8
V=[0, 1, 2, 3, 4, 5, 6, 7]
total successes of this branch: 1
Matrix on 8 elements:

0    0.00000000  1.51759575  1.50965163  1.51340186  1.51602360  1.51103963  1.31471676  1.41704488
1    1.51759575  0.00000000  1.45852993  1.44661833  1.40305908  1.45412130  1.47755163  1.46756648
2    1.50965163  1.45852993  0.00000000  1.44520917  1.45353640  1.33625505  1.09927852  0.75478897
3    1.51340186  1.44661833  1.44520917  0.00000000  1.42049749  1.38118947  1.46717011  1.45564204
4    1.51602360  1.40305908  1.45353640  1.42049749  0.00000000  1.44130830  1.47365993  1.46309639
5    1.51103963  1.45412130  1.33625505  1.38118947  1.44130830  0.00000000  1.39254310  1.36299554
6    1.31471676  1.47755163  1.09927852  1.46717011  1.47365993  1.39254310  0.00000000  0.78751613
7    1.41704488  1.46756648  0.75478897  1.45564204  1.46309639  1.36299554  0.78751613  0.00000000

--------------------------------------------------------------------------------
n=7
(result of R-step: (2,6:7)0.52493490)
V=[0, 1, 2, 3, 4, 5, 6]
total successes of this branch: 1
Matrix on 7 elements:

0    0.00000000  1.51759575  1.28813834  1.51340186  1.51602360  1.51103963  1.09320347
1    1.51759575  0.00000000  1.23701664  1.44661833  1.40305908  1.45412130  1.25603834
2    1.28813834  1.23701664  0.00000000  1.22369587  1.23202311  1.11474176  0.65625194
3    1.51340186  1.44661833  1.22369587  0.00000000  1.42049749  1.38118947  1.24565682
4    1.51602360  1.40305908  1.23202311  1.42049749  0.00000000  1.44130830  1.25214664
5    1.51103963  1.45412130  1.11474176  1.38118947  1.44130830  0.00000000  1.17102981
6    1.09320347  1.25603834  0.65625194  1.24565682  1.25214664  1.17102981  0.00000000

--------------------------------------------------------------------------------
n=6
(result of R-step: (0,2:6)0.32204245)
V=[0, 1, 2, 3, 4, 5]
total successes of this branch: 1
Matrix on 6 elements:

0    0.00000000  1.06542392  0.60530797  1.06123003  1.06385177  1.05886780
1    1.06542392  0.00000000  1.00635810  1.44661833  1.40305908  1.45412130
2    0.60530797  1.00635810  0.00000000  0.99303734  1.00136457  0.88408322
3    1.06123003  1.44661833  0.99303734  0.00000000  1.42049749  1.38118947
4    1.06385177  1.40305908  1.00136457  1.42049749  0.00000000  1.44130830
5    1.05886780  1.45412130  0.88408322  1.38118947  1.44130830  0.00000000

--------------------------------------------------------------------------------
n=5
(result of R-step: (0,4:1)0.57428123)
V=[0, 2, 3, 4, 5]
total successes of this branch: 1
Matrix on 5 elements:

0    0.00000000  0.27438922  0.73031128  0.07561225  0.72794905
2    0.27438922  0.00000000  0.99303734  0.34404381  0.88408322
3    0.73031128  0.99303734  0.00000000  0.76317672  1.38118947
4    0.07561225  0.34404381  0.76317672  0.00000000  0.78398754
5    0.72794905  0.88408322  1.38118947  0.78398754  0.00000000

--------------------------------------------------------------------------------
n=4
(result of R-step: (0,3:4)0.79182717)
V=[0, 2, 3, 5]
total successes of this branch: 1
Matrix on 4 elements:

0    0.00000000  0.27216038  0.09196477  0.72572022
2    0.27216038  0.00000000  0.35691966  0.88408322
3    0.09196477  0.35691966  0.00000000  0.74507179
5    0.72572022  0.88408322  0.74507179  0.00000000

--------------------------------------------------------------------------------
n=4
(result of R-step: (2,5:4)0.52477088)
V=[0, 2, 3, 5]
total successes of this branch: 0
reason of abort: negative delta/dxy
