n=8
V=[0, 1, 2, 3, 4, 5, 6, 7]
total successes of this branch: 1
Matrix on 8 elements:

0    0.00000000  1.87942599  1.75465266  1.67341250  1.70783354  1.36423273  1.70978914  0.94209394
1    1.87942599  0.00000000  1.67956778  1.73186700  1.70970808  1.44269397  1.70844915  1.79712739
2    1.75465266  1.67956778  0.00000000  1.52543861  1.47876837  1.72020460  1.44985177  1.62681229
3    1.67341250  1.73186700  1.52543861  0.00000000  1.46195827  1.70023073  1.46460979  0.75116089
4    1.70783354  1.70970808  1.47876837  1.46195827  0.00000000  1.70869356  0.81538966  1.57070065
5    1.36423273  1.44269397  1.72020460  1.70023073  1.70869356  0.00000000  1.70917437  1.55163010
6    1.70978914  1.70844915  1.44985177  1.46460979  0.81538966  1.70917437  0.00000000  1.57304438
7    0.94209394  1.79712739  1.62681229  0.75116089  1.57070065  1.55163010  1.57304438  0.00000000

--------------------------------------------------------------------------------
n=7
(result of R-step: (0,3:7)0.44226642)
V=[0, 1, 2, 3, 4, 5, 6]
total successes of this branch: 1
Matrix on 7 elements:

0    0.00000000  1.86950482  1.74473149  1.65357016  1.69791237  1.35431156  1.69986797
1    1.86950482  0.00000000  1.67956778  1.72194583  1.70970808  1.44269397  1.70844915
2    1.74473149  1.67956778  0.00000000  1.51551744  1.47876837  1.72020460  1.44985177
3    1.65357016  1.72194583  1.51551744  0.00000000  1.45203710  1.69030956  1.45468862
4    1.69791237  1.70970808  1.47876837  1.45203710  0.00000000  1.70869356  0.81538966
5    1.35431156  1.44269397  1.72020460  1.69030956  1.70869356  0.00000000  1.70917437
6    1.69986797  1.70844915  1.44985177  1.45468862  0.81538966  1.70917437  0.00000000

--------------------------------------------------------------------------------
n=6
(result of R-step: (0,1:5)0.54121187)
V=[0, 1, 2, 3, 4, 6]
total successes of this branch: 1
Matrix on 6 elements:

0    0.00000000  0.95192527  1.29090230  1.19974097  1.24408318  1.24603878
1    0.95192527  0.00000000  1.21581742  1.25819547  1.24595773  1.24469879
2    1.29090230  1.21581742  0.00000000  1.51551744  1.47876837  1.44985177
3    1.19974097  1.25819547  1.51551744  0.00000000  1.45203710  1.45468862
4    1.24408318  1.24595773  1.47876837  1.45203710  0.00000000  0.81538966
6    1.24603878  1.24469879  1.44985177  1.45468862  0.81538966  0.00000000

--------------------------------------------------------------------------------
n=5
(result of R-step: (2,4:6)0.04176917)
V=[0, 1, 2, 3, 4]
total successes of this branch: 1
Matrix on 5 elements:

0    0.00000000  0.95192527  0.89766577  1.19974097  0.85084665
1    0.95192527  0.00000000  0.82258089  1.25819547  0.85272120
2    0.89766577  0.82258089  0.00000000  1.12228091  0.69229531
3    1.19974097  1.25819547  1.12228091  0.00000000  1.05880057
4    0.85084665  0.85272120  0.69229531  1.05880057  0.00000000

--------------------------------------------------------------------------------
n=4
(result of R-step: (0,4:3)0.23087658)
V=[0, 1, 2, 4]
total successes of this branch: 1
Matrix on 4 elements:

0    0.00000000  0.59943283  0.54517332  0.18644742
1    0.59943283  0.00000000  0.82258089  0.54081441
2    0.54517332  0.82258089  0.00000000  0.38038852
4    0.18644742  0.54081441  0.38038852  0.00000000

--------------------------------------------------------------------------------
n=4
(result of R-step: (1,2:3)0.60687823)
V=[0, 1, 2, 4]
total successes of this branch: 0
reason of abort: negative delta/dxy
