n=8
V=[0, 1, 2, 3, 4, 5, 6, 7]
total successes of this branch: 1
Matrix on 8 elements:

0    0.00000000  2.33341198  2.32383806  2.32798614  1.51787773  1.05948114  2.32827242  1.63334694
1    2.33341198  0.00000000  2.32980982  2.29133882  2.09132190  2.31362599  2.18910564  2.33093550
2    2.32383806  2.32980982  0.00000000  2.27948826  2.32520500  2.32394978  2.28214342  0.80476750
3    2.32798614  2.29133882  2.27948826  0.00000000  2.31959757  2.32730054  0.45601284  2.29464391
4    1.51787773  2.09132190  2.32520500  2.31959757  0.00000000  1.47707853  2.30755286  2.07291410
5    1.05948114  2.31362599  2.32394978  2.32730054  1.47707853  0.00000000  2.32657902  1.92880156
6    2.32827242  2.18910564  2.28214342  0.45601284  2.30755286  2.32657902  0.00000000  2.29655880
7    1.63334694  2.33093550  0.80476750  2.29464391  2.07291410  1.92880156  2.29655880  0.00000000

--------------------------------------------------------------------------------
n=7
(result of R-step: (0,2:7)0.31250140)
V=[0, 1, 2, 3, 4, 5, 6]
total successes of this branch: 1
Matrix on 7 elements:

0    0.00000000  2.27627379  2.20956169  2.27084795  1.46073955  1.00234296  2.27113424
1    2.27627379  0.00000000  2.27267163  2.29133882  2.09132190  2.31362599  2.18910564
2    2.20956169  2.27267163  0.00000000  2.22235007  2.26806681  2.26681159  2.22500523
3    2.27084795  2.29133882  2.22235007  0.00000000  2.31959757  2.32730054  0.45601284
4    1.46073955  2.09132190  2.26806681  2.31959757  0.00000000  1.47707853  2.30755286
5    1.00234296  2.31362599  2.26681159  2.32730054  1.47707853  0.00000000  2.32657902
6    2.27113424  2.18910564  2.22500523  0.45601284  2.30755286  2.32657902  0.00000000

--------------------------------------------------------------------------------
n=6
(result of R-step: (0,4:5)0.91827015)
V=[0, 1, 2, 3, 4, 6]
total successes of this branch: 1
Matrix on 6 elements:

0    0.00000000  1.82407101  1.75735890  1.81864516  0.49919579  1.81893145
1    1.82407101  0.00000000  2.27267163  2.29133882  1.58198093  2.18910564
2    1.75735890  2.27267163  0.00000000  2.22235007  1.75872584  2.22500523
3    1.81864516  2.29133882  2.22235007  0.00000000  1.81025660  0.45601284
4    0.49919579  1.58198093  1.75872584  1.81025660  0.00000000  1.79821188
6    1.81893145  2.18910564  2.22500523  0.45601284  1.79821188  0.00000000

--------------------------------------------------------------------------------
n=5
(result of R-step: (1,3:6)0.05276390)
V=[0, 1, 2, 3, 4]
total successes of this branch: 1
Matrix on 5 elements:

0    0.00000000  1.64718118  1.75735890  1.64175534  0.49919579
1    1.64718118  0.00000000  2.09578180  1.93755917  1.40509110
2    1.75735890  2.09578180  0.00000000  2.04546024  1.75872584
3    1.64175534  1.93755917  2.04546024  0.00000000  1.63336677
4    0.49919579  1.40509110  1.75872584  1.63336677  0.00000000

--------------------------------------------------------------------------------
n=4
(result of R-step: (0,3:2)0.03894743)
V=[0, 1, 3, 4]
total successes of this branch: 1
Matrix on 4 elements:

0    0.00000000  1.51862832  0.57049339  0.37064293
1    1.51862832  0.00000000  0.99485008  1.40509110
3    0.57049339  0.99485008  0.00000000  0.69065769
4    0.37064293  1.40509110  0.69065769  0.00000000

--------------------------------------------------------------------------------
n=4
(result of R-step: (3,4:2)0.93014315)
V=[0, 1, 3, 4]
total successes of this branch: 0
Matrix on 4 elements:

0    0.00000000  1.64718118  0.70859832  0.18396725
1    1.64718118  0.00000000  1.00440215  1.08986256
3    0.70859832  1.00440215  0.00000000  0.38498121
4    0.18396725  1.08986256  0.38498121  0.00000000
reason of abort: no pseudometric
