n=8
V=[0, 1, 2, 3, 4, 5, 6, 7]
total successes of this branch: 2
Matrix on 8 elements:

0    0.00000000  0.73947008  0.67100592  0.73764607  0.68720500  0.58217713  0.32735346  0.38158969
1    0.73947008  0.00000000  0.67330462  0.35149528  0.59507829  0.26090986  0.71127388  0.70528146
2    0.67100592  0.67330462  0.00000000  0.66449634  0.33183073  0.67273598  0.41580752  0.35944889
3    0.73764607  0.35149528  0.66449634  0.00000000  0.55766128  0.44701858  0.70647354  0.69984858
4    0.68720500  0.59507829  0.33183073  0.55766128  0.00000000  0.61786796  0.53576338  0.50357814
5    0.58217713  0.26090986  0.67273598  0.44701858  0.61786796  0.00000000  0.62076850  0.62897016
6    0.32735346  0.71127388  0.41580752  0.70647354  0.53576338  0.62076850  0.00000000  0.11506567
7    0.38158969  0.70528146  0.35944889  0.69984858  0.50357814  0.62897016  0.11506567  0.00000000

--------------------------------------------------------------------------------
n=7
(result of R-step: (2,6:7)0.15782289)
V=[0, 1, 2, 3, 4, 5, 6]
total successes of this branch: 2
Matrix on 7 elements:

0    0.00000000  0.73947008  0.64165240  0.73764607  0.68720500  0.58217713  0.29799994
1    0.73947008  0.00000000  0.64395110  0.35149528  0.59507829  0.26090986  0.68192036
2    0.64165240  0.64395110  0.00000000  0.63514282  0.30247722  0.64338246  0.35710049
3    0.73764607  0.35149528  0.63514282  0.00000000  0.55766128  0.44701858  0.67712003
4    0.68720500  0.59507829  0.30247722  0.55766128  0.00000000  0.61786796  0.50640986
5    0.58217713  0.26090986  0.64338246  0.44701858  0.61786796  0.00000000  0.59141498
6    0.29799994  0.68192036  0.35710049  0.67712003  0.50640986  0.59141498  0.00000000

--------------------------------------------------------------------------------
n=6
(result of R-step: (0,2:6)0.57385317)
V=[0, 1, 2, 3, 4, 5]
total successes of this branch: 2
Matrix on 6 elements:

0    0.00000000  0.70339255  0.59885086  0.70156854  0.65112747  0.54609960
1    0.70339255  0.00000000  0.63722708  0.35149528  0.59507829  0.26090986
2    0.59885086  0.63722708  0.00000000  0.62841881  0.29575320  0.63665845
3    0.70156854  0.35149528  0.62841881  0.00000000  0.55766128  0.44701858
4    0.65112747  0.59507829  0.29575320  0.55766128  0.00000000  0.61786796
5    0.54609960  0.26090986  0.63665845  0.44701858  0.61786796  0.00000000

--------------------------------------------------------------------------------
n=5
(result of R-step: (0,1:5)0.24737307)
V=[0, 1, 2, 3, 4]
total successes of this branch: 2
Matrix on 5 elements:

0    0.00000000  0.63585318  0.58311994  0.68583762  0.63539655
1    0.63585318  0.00000000  0.58541863  0.29968683  0.54326984
2    0.58311994  0.58541863  0.00000000  0.62841881  0.29575320
3    0.68583762  0.29968683  0.62841881  0.00000000  0.55766128
4    0.63539655  0.54326984  0.29575320  0.55766128  0.00000000

--------------------------------------------------------------------------------
n=4
(result of R-step: (0,3:1)0.23252685)
V=[0, 2, 3, 4]
total successes of this branch: 1
Matrix on 4 elements:

0    0.00000000  0.27786875  0.26808859  0.33014535
2    0.27786875  0.00000000  0.51592097  0.29575320
3    0.26808859  0.51592097  0.00000000  0.44516344
4    0.33014535  0.29575320  0.44516344  0.00000000

--------------------------------------------------------------------------------
n=4
(result of R-step: (1,2:0)0.48976175)
V=[1, 2, 3, 4]
total successes of this branch: 1
Matrix on 4 elements:

1    0.00000000  0.38778527  0.17847376  0.42205678
2    0.38778527  0.00000000  0.55199851  0.21933290
3    0.17847376  0.55199851  0.00000000  0.55766128
4    0.42205678  0.21933290  0.55766128  0.00000000

--------------------------------------------------------------------------------
n=4
(result of R-step: (1,4:0)0.29068445)
V=[1, 2, 3, 4]
total successes of this branch: 0
Matrix on 4 elements:

1    0.00000000  0.50399368  0.21826188  0.26848176
2    0.50399368  0.00000000  0.62841881  0.10239007
3    0.21826188  0.62841881  0.00000000  0.36429815
4    0.26848176  0.10239007  0.36429815  0.00000000
reason of abort: no pseudometric

--------------------------------------------------------------------------------
n=4
(result of R-step: (2,3:0)0.47189968)
V=[1, 2, 3, 4]
total successes of this branch: 0
Matrix on 4 elements:

1    0.00000000  0.53252374  0.12173070  0.54326984
2    0.53252374  0.00000000  0.39756779  0.24285831
3    0.12173070  0.39756779  0.00000000  0.37970515
4    0.54326984  0.24285831  0.37970515  0.00000000
reason of abort: no pseudometric

--------------------------------------------------------------------------------
n=4
(result of R-step: (3,4:0)0.33801972)
V=[1, 2, 3, 4]
total successes of this branch: 0
Matrix on 4 elements:

1    0.00000000  0.58541863  0.08999840  0.33784315
2    0.58541863  0.00000000  0.41873038  0.09032651
3    0.08999840  0.41873038  0.00000000  0.14254616
4    0.33784315  0.09032651  0.14254616  0.00000000
reason of abort: no pseudometric
