n=8
V=[0, 1, 2, 3, 4, 5, 6, 7]
total successes of this branch: 1
Matrix on 8 elements:

0    0.00000000  2.00624494  1.93883612  1.64188862  1.67729708  1.88384184  1.77849921  1.78752717
1    2.00624494  0.00000000  1.95117298  1.99273878  1.62130992  1.35311520  1.97361645  1.97235274
2    1.93883612  1.95117298  0.00000000  1.84234765  1.94548831  1.94905769  1.30317414  1.25071881
3    1.64188862  1.99273878  1.84234765  0.00000000  1.83107163  1.93258165  1.20953131  1.24516280
4    1.67729708  1.62130992  1.94548831  1.83107163  0.00000000  1.46237165  1.88370899  1.88718755
5    1.88384184  1.35311520  1.94905769  1.93258165  1.46237165  0.00000000  1.94016144  1.94066236
6    1.77849921  1.97361645  1.30317414  1.20953131  1.88370899  1.94016144  0.00000000  0.42402136
7    1.78752717  1.97235274  1.25071881  1.24516280  1.88718755  1.94066236  0.42402136  0.00000000

--------------------------------------------------------------------------------
n=7
(result of R-step: (1,4:5)0.62789512)
V=[0, 1, 2, 3, 4, 6, 7]
total successes of this branch: 1
Matrix on 7 elements:

0    0.00000000  1.40915647  1.93883612  1.64188862  1.08020861  1.77849921  1.78752717
1    1.40915647  0.00000000  1.35408451  1.39565031  0.42713298  1.37652798  1.37526427
2    1.93883612  1.35408451  0.00000000  1.84234765  1.34839985  1.30317414  1.25071881
3    1.64188862  1.39565031  1.84234765  0.00000000  1.23398316  1.20953131  1.24516280
4    1.08020861  0.42713298  1.34839985  1.23398316  0.00000000  1.28662052  1.29009908
6    1.77849921  1.37652798  1.30317414  1.20953131  1.28662052  0.00000000  0.42402136
7    1.78752717  1.37526427  1.25071881  1.24516280  1.29009908  0.42402136  0.00000000

--------------------------------------------------------------------------------
n=6
(result of R-step: (0,1:4)0.46078687)
V=[0, 1, 2, 3, 6, 7]
total successes of this branch: 1
Matrix on 6 elements:

0    0.00000000  0.71388288  1.29265509  0.99570759  1.13231818  1.14134614
1    0.71388288  0.00000000  1.30499195  1.34655775  1.32743542  1.32617171
2    1.29265509  1.30499195  0.00000000  1.84234765  1.30317414  1.25071881
3    0.99570759  1.34655775  1.84234765  0.00000000  1.20953131  1.24516280
6    1.13231818  1.32743542  1.30317414  1.20953131  0.00000000  0.42402136
7    1.14134614  1.32617171  1.25071881  1.24516280  0.42402136  0.00000000

--------------------------------------------------------------------------------
n=5
(result of R-step: (1,3:0)0.72105663)
V=[1, 2, 3, 6, 7]
total successes of this branch: 1
Matrix on 5 elements:

1    0.00000000  0.95793308  0.66431998  0.98037655  0.97911284
2    0.95793308  0.00000000  1.50716875  1.30317414  1.25071881
3    0.66431998  1.50716875  0.00000000  0.87435241  0.90998390
6    0.98037655  1.30317414  0.87435241  0.00000000  0.42402136
7    0.97911284  1.25071881  0.90998390  0.42402136  0.00000000

--------------------------------------------------------------------------------
n=4
(result of R-step: (3,7:6)0.08961447)
V=[1, 2, 3, 7]
total successes of this branch: 1
Matrix on 4 elements:

1    0.00000000  0.95793308  0.57257961  0.80720769
2    0.95793308  0.00000000  1.41542838  1.07881366
3    0.57257961  1.41542838  0.00000000  0.64633838
7    0.80720769  1.07881366  0.64633838  0.00000000
