n=8
V=[0, 1, 2, 3, 4, 5, 6, 7]
total successes of this branch: 1
Matrix on 8 elements:

0    0.00000000  1.60714216  1.22898605  1.60557949  1.46263135  1.60559899  1.28412371  1.60026780
1    1.60714216  0.00000000  1.29340113  0.73230022  0.92086914  0.72907631  1.20548777  0.31259845
2    1.22898605  1.29340113  0.00000000  1.29328627  1.06298821  1.29328770  0.61048519  1.28244042
3    1.60557949  0.73230022  1.29328627  0.00000000  0.94667874  0.47717234  1.21149079  0.74249817
4    1.46263135  0.92086914  1.06298821  0.94667874  0.00000000  0.94635667  0.92321851  0.89048861
5    1.60559899  0.72907631  1.29328770  0.47717234  0.94635667  0.00000000  1.21141588  0.73941230
6    1.28412371  1.20548777  0.61048519  1.21149079  0.92321851  1.21141588  0.00000000  1.19206027
7    1.60026780  0.31259845  1.28244042  0.74249817  0.89048861  0.73941230  1.19206027  0.00000000

--------------------------------------------------------------------------------
n=7
(result of R-step: (1,4:7)0.95243016)
V=[0, 1, 2, 3, 4, 5, 6]
total successes of this branch: 1
Matrix on 7 elements:

0    0.00000000  1.46603320  1.22898605  1.60557949  1.32152239  1.60559899  1.28412371
1    1.46603320  0.00000000  1.15229217  0.59119126  0.63865122  0.58796735  1.06437881
2    1.22898605  1.15229217  0.00000000  1.29328627  0.92187925  1.29328770  0.61048519
3    1.60557949  0.59119126  1.29328627  0.00000000  0.80556978  0.47717234  1.21149079
4    1.32152239  0.63865122  0.92187925  0.80556978  0.00000000  0.80524771  0.78210955
5    1.60559899  0.58796735  1.29328770  0.47717234  0.80524771  0.00000000  1.21141588
6    1.28412371  1.06437881  0.61048519  1.21149079  0.78210955  1.21141588  0.00000000

--------------------------------------------------------------------------------
n=6
(result of R-step: (1,3:5)0.01247879)
V=[0, 1, 2, 3, 4, 6]
total successes of this branch: 1
Matrix on 6 elements:

0    0.00000000  1.37016795  1.22898605  1.36860528  1.32152239  1.28412371
1    1.37016795  0.00000000  1.05642692  0.25835181  0.54278597  0.96851356
2    1.22898605  1.05642692  0.00000000  1.05631206  0.92187925  0.61048519
3    1.36860528  0.25835181  1.05631206  0.00000000  0.56859557  0.97451658
4    1.32152239  0.54278597  0.92187925  0.56859557  0.00000000  0.78210955
6    1.28412371  0.96851356  0.61048519  0.97451658  0.78210955  0.00000000

--------------------------------------------------------------------------------
n=5
(result of R-step: (0,1:3)0.04276711)
V=[0, 1, 2, 4, 6]
total successes of this branch: 1
Matrix on 5 elements:

0    0.00000000  0.50747725  0.47454925  0.56708560  0.52968692
1    0.50747725  0.00000000  0.94817301  0.43453207  0.86025966
2    0.47454925  0.94817301  0.00000000  0.92187925  0.61048519
4    0.56708560  0.43453207  0.92187925  0.00000000  0.78210955
6    0.52968692  0.86025966  0.61048519  0.78210955  0.00000000

--------------------------------------------------------------------------------
n=4
(result of R-step: (1,2:4)0.36471895)
V=[0, 1, 2, 6]
total successes of this branch: 0
reason of abort: negative delta/dxy

--------------------------------------------------------------------------------
n=4
(result of R-step: (1,6:4)0.76131505)
V=[0, 1, 2, 6]
total successes of this branch: 1
Matrix on 4 elements:

0    0.00000000  0.39261429  0.47454925  0.37703026
1    0.39261429  0.00000000  0.83331005  0.59274004
2    0.47454925  0.83331005  0.00000000  0.45782853
6    0.37703026  0.59274004  0.45782853  0.00000000
