n=8
V=[0, 1, 2, 3, 4, 5, 6, 7]
total successes of this branch: 1
Matrix on 8 elements:

0    0.00000000  1.31543580  1.19825579  0.88710394  1.16363077  0.93407685  1.19128262  1.21070370
1    1.31543580  0.00000000  1.21664698  1.30907235  1.22693209  1.29511939  1.21871831  1.10966684
2    1.19825579  1.21664698  0.00000000  1.17683311  0.71202835  1.09787790  0.31245638  0.31655584
3    0.88710394  1.30907235  1.17683311  0.00000000  1.11863307  0.41781881  1.16511214  1.19088074
4    1.16363077  1.22693209  0.71202835  1.11863307  0.00000000  0.97522760  0.61126532  0.76672604
5    0.93407685  1.29511939  1.09787790  0.41781881  0.97522760  0.00000000  1.07317722  1.11883066
6    1.19128262  1.21871831  0.31245638  1.16511214  0.61126532  1.07317722  0.00000000  0.40872764
7    1.21070370  1.10966684  0.31655584  1.19088074  0.76672604  1.11883066  0.40872764  0.00000000

--------------------------------------------------------------------------------
n=7
(result of R-step: (1,2:7)0.10622896)
V=[0, 1, 2, 3, 4, 5, 6]
total successes of this branch: 1
Matrix on 7 elements:

0    0.00000000  1.21064795  1.09346794  0.88710394  1.16363077  0.93407685  1.19128262
1    1.21064795  0.00000000  1.00707128  1.20428450  1.12214424  1.19033154  1.11393046
2    1.09346794  1.00707128  0.00000000  1.07204526  0.60724050  0.99309005  0.20766853
3    0.88710394  1.20428450  1.07204526  0.00000000  1.11863307  0.41781881  1.16511214
4    1.16363077  1.12214424  0.60724050  1.11863307  0.00000000  0.97522760  0.61126532
5    0.93407685  1.19033154  0.99309005  0.41781881  0.97522760  0.00000000  1.07317722
6    1.19128262  1.11393046  0.20766853  1.16511214  0.61126532  1.07317722  0.00000000

--------------------------------------------------------------------------------
n=6
(result of R-step: (2,4:6)0.79860888)
V=[0, 1, 2, 3, 4, 5]
total successes of this branch: 1
Matrix on 6 elements:

0    0.00000000  1.21064795  1.09240911  0.88710394  1.05778410  0.93407685
1    1.21064795  0.00000000  1.00601245  1.20428450  1.01629756  1.19033154
2    1.09240911  1.00601245  0.00000000  1.07098643  0.50033499  0.99203122
3    0.88710394  1.20428450  1.07098643  0.00000000  1.01278639  0.41781881
4    1.05778410  1.01629756  0.50033499  1.01278639  0.00000000  0.86938092
5    0.93407685  1.19033154  0.99203122  0.41781881  0.86938092  0.00000000

--------------------------------------------------------------------------------
n=5
(result of R-step: (0,2:1)0.51618534)
V=[0, 2, 3, 4, 5]
total successes of this branch: 1
Matrix on 5 elements:

0    0.00000000  0.43166536  0.44742767  0.61810782  0.49440058
2    0.43166536  0.00000000  0.84991895  0.27926752  0.77096374
3    0.44742767  0.84991895  0.00000000  1.01278639  0.41781881
4    0.61810782  0.27926752  1.01278639  0.00000000  0.86938092
5    0.49440058  0.77096374  0.41781881  0.86938092  0.00000000

--------------------------------------------------------------------------------
n=4
(result of R-step: (2,3:0)0.43367630)
V=[2, 3, 4, 5]
total successes of this branch: 1
Matrix on 4 elements:

2    0.00000000  0.68169268  0.24824791  0.73994414
3    0.68169268  0.00000000  0.87557972  0.28061214
4    0.24824791  0.87557972  0.00000000  0.86938092
5    0.73994414  0.28061214  0.86938092  0.00000000

--------------------------------------------------------------------------------
n=4
(result of R-step: (2,5:0)0.27477816)
V=[2, 3, 4, 5]
total successes of this branch: 0
reason of abort: negative delta/dxy

--------------------------------------------------------------------------------
n=4
(result of R-step: (3,4:0)0.51591782)
V=[2, 3, 4, 5]
total successes of this branch: 0
Matrix on 4 elements:

2    0.00000000  0.75381137  0.03384981  0.77096374
3    0.75381137  0.00000000  0.67126111  0.32171123
4    0.03384981  0.67126111  0.00000000  0.62396322
5    0.77096374  0.32171123  0.62396322  0.00000000
reason of abort: no pseudometric

--------------------------------------------------------------------------------
n=4
(result of R-step: (4,5:0)0.33948608)
V=[2, 3, 4, 5]
total successes of this branch: 0
Matrix on 4 elements:

2    0.00000000  0.84991895 -0.03921974  0.48964324
3    0.84991895  0.00000000  0.69429914  0.13649831
4   -0.03921974  0.69429914  0.00000000  0.26957316
5    0.48964324  0.13649831  0.26957316  0.00000000
reason of abort: no pseudometric
