n=8
V=[0, 1, 2, 3, 4, 5, 6, 7]
total successes of this branch: 1
Matrix on 8 elements:

0    0.00000000  1.40053710  1.39946141  1.36481397  1.39189339  1.39973328  1.07698555  0.79810160
1    1.40053710  0.00000000  1.39331983  1.31597462  0.76088601  1.10137869  1.39511433  1.39666158
2    1.39946141  1.39331983  0.00000000  1.39514379  1.39376116  0.53016463  0.42498048  0.70302454
3    1.36481397  1.31597462  1.39514379  0.00000000  1.13879122  1.37513443  1.38760257  1.38110041
4    1.39189339  0.76088601  1.39376116  1.13879122  0.00000000  1.23380715  1.39329676  1.39289634
5    1.39973328  1.10137869  0.53016463  1.37513443  1.23380715  0.00000000  0.74637453  0.93279431
6    1.07698555  1.39511433  0.42498048  1.38760257  1.39329676  0.74637453  0.00000000  0.37844495
7    0.79810160  1.39666158  0.70302454  1.38110041  1.39289634  0.93279431  0.37844495  0.00000000

--------------------------------------------------------------------------------
n=7
(result of R-step: (0,6:7)0.28532529)
V=[0, 1, 2, 3, 4, 5, 6]
total successes of this branch: 1
Matrix on 7 elements:

0    0.00000000  1.35075660  1.34968091  1.31503346  1.34211289  1.34995278  0.97742455
1    1.35075660  0.00000000  1.39331983  1.31597462  0.76088601  1.10137869  1.34533383
2    1.34968091  1.39331983  0.00000000  1.39514379  1.39376116  0.53016463  0.37519998
3    1.31503346  1.31597462  1.39514379  0.00000000  1.13879122  1.37513443  1.33782207
4    1.34211289  0.76088601  1.39376116  1.13879122  0.00000000  1.23380715  1.34351625
5    1.34995278  1.10137869  0.53016463  1.37513443  1.23380715  0.00000000  0.69659403
6    0.97742455  1.34533383  0.37519998  1.33782207  1.34351625  0.69659403  0.00000000

--------------------------------------------------------------------------------
n=6
(result of R-step: (0,2:6)0.24864040)
V=[0, 1, 2, 3, 4, 5]
total successes of this branch: 1
Matrix on 6 elements:

0    0.00000000  1.34928479  1.29695679  1.31356165  1.34064108  1.34848097
1    1.34928479  0.00000000  1.34206751  1.31597462  0.76088601  1.10137869
2    1.29695679  1.34206751  0.00000000  1.34389148  1.34250885  0.47891232
3    1.31356165  1.31597462  1.34389148  0.00000000  1.13879122  1.37513443
4    1.34064108  0.76088601  1.34250885  1.13879122  0.00000000  1.23380715
5    1.34848097  1.10137869  0.47891232  1.37513443  1.23380715  0.00000000

--------------------------------------------------------------------------------
n=5
(result of R-step: (1,2:5)0.25274181)
V=[0, 1, 2, 3, 4]
total successes of this branch: 1
Matrix on 5 elements:

0    0.00000000  1.23017304  1.22909735  1.31356165  1.34064108
1    1.23017304  0.00000000  1.15509633  1.19686288  0.64177426
2    1.22909735  1.15509633  0.00000000  1.27603204  1.27464941
3    1.31356165  1.19686288  1.27603204  0.00000000  1.13879122
4    1.34064108  0.64177426  1.27464941  1.13879122  0.00000000

--------------------------------------------------------------------------------
n=4
(result of R-step: (0,1:2)0.95111024)
V=[0, 1, 3, 4]
total successes of this branch: 1
Matrix on 4 elements:

0    0.00000000  0.42618241  0.68231058  0.70939000
1    0.42618241  0.00000000  1.02412332  0.46903471
3    0.68231058  1.02412332  0.00000000  1.13879122
4    0.70939000  0.46903471  1.13879122  0.00000000

--------------------------------------------------------------------------------
n=4
(result of R-step: (0,4:2)0.90922504)
V=[0, 1, 3, 4]
total successes of this branch: 0
Matrix on 4 elements:

0    0.00000000  0.60927860  0.69266721  0.29358392
1    0.60927860  0.00000000  1.19686288  0.21561154
3    0.69266721  1.19686288  0.00000000  0.71262850
4    0.29358392  0.21561154  0.71262850  0.00000000
reason of abort: no pseudometric
