n=8
V=[0, 1, 2, 3, 4, 5, 6, 7]
total successes of this branch: 1
Matrix on 8 elements:

0    0.00000000  2.18397996  2.14393264  2.14873483  2.09816165  2.15355306  2.14971443  2.15199504
1    2.18397996  0.00000000  2.17706679  2.10126552  1.44742015  1.18470144  2.07030370  1.94081658
2    2.14393264  2.17706679  0.00000000  1.62073217  2.17360911  2.17584087  1.63619486  1.67219368
3    2.14873483  2.10126552  1.62073217  0.00000000  2.10621913  2.10302183  1.01824712  1.09032958
4    2.09816165  1.44742015  2.17360911  2.10621913  0.00000000  1.30310683  2.08790855  2.04527956
5    2.15355306  1.18470144  2.17584087  2.10302183  1.30310683  0.00000000  2.07749814  2.01807627
6    2.14971443  2.07030370  1.63619486  1.01824712  2.08790855  2.07749814  0.00000000  0.25428371
7    2.15199504  1.94081658  1.67219368  1.09032958  2.04527956  2.01807627  0.25428371  0.00000000

--------------------------------------------------------------------------------
n=7
(result of R-step: (1,6:7)0.06655700)
V=[0, 1, 2, 3, 4, 5, 6]
total successes of this branch: 1
Matrix on 7 elements:

0    0.00000000  2.12158167  2.14393264  2.14873483  2.09816165  2.15355306  2.08731613
1    2.12158167  0.00000000  2.11466849  2.03886723  1.38502185  1.12230314  1.94550711
2    2.14393264  2.11466849  0.00000000  1.62073217  2.17360911  2.17584087  1.57379657
3    2.14873483  2.03886723  1.62073217  0.00000000  2.10621913  2.10302183  0.95584883
4    2.09816165  1.38502185  2.17360911  2.10621913  0.00000000  1.30310683  2.02551026
5    2.15355306  1.12230314  2.17584087  2.10302183  1.30310683  0.00000000  2.01509985
6    2.08731613  1.94550711  1.57379657  0.95584883  2.02551026  2.01509985  0.00000000

--------------------------------------------------------------------------------
n=6
(result of R-step: (1,3:6)0.02779387)
V=[0, 1, 2, 3, 4, 5]
total successes of this branch: 1
Matrix on 6 elements:

0    0.00000000  1.69033731  2.14393264  1.65509218  2.09816165  2.15355306
1    1.69033731  0.00000000  1.68342414  1.11398023  0.95377750  0.69105879
2    2.14393264  1.68342414  0.00000000  1.12708952  2.17360911  2.17584087
3    1.65509218  1.11398023  1.12708952  0.00000000  1.61257648  1.60937918
4    2.09816165  0.95377750  2.17360911  1.61257648  0.00000000  1.30310683
5    2.15355306  0.69105879  2.17584087  1.60937918  1.30310683  0.00000000

--------------------------------------------------------------------------------
n=5
(result of R-step: (0,3:2)0.09266390)
V=[0, 1, 3, 4, 5]
total successes of this branch: 1
Matrix on 5 elements:

0    0.00000000  1.00953639  0.72207722  1.41736073  1.47275214
1    1.00953639  0.00000000  0.86176619  0.95377750  0.69105879
3    0.72207722  0.86176619  0.00000000  1.36036244  1.35716514
4    1.41736073  0.95377750  1.36036244  0.00000000  1.30310683
5    1.47275214  0.69105879  1.35716514  1.30310683  0.00000000

--------------------------------------------------------------------------------
n=4
(result of R-step: (1,4:5)0.64544973)
V=[0, 1, 3, 4]
total successes of this branch: 1
Matrix on 4 elements:

0    0.00000000  0.98298498  0.72207722  0.89716667
1    0.98298498  0.00000000  0.83521477  0.40703202
3    0.72207722  0.83521477  0.00000000  0.84016838
4    0.89716667  0.40703202  0.84016838  0.00000000
