n=8
V=[0, 1, 2, 3, 4, 5, 6, 7]
total successes of this branch: 1
Matrix on 8 elements:

0    0.00000000  2.03746826  1.87240744  1.65378573  1.59017638  1.96434950  1.95038044  1.74173713
1    2.03746826  0.00000000  1.96597866  2.01459767  2.02025902  1.53052146  1.59668190  1.99503827
2    1.87240744  1.96597866  0.00000000  1.76956684  1.79502385  1.61967265  1.52375713  1.19818458
3    1.65378573  2.01459767  1.76956684  0.00000000  1.46042762  1.90605374  1.88531684  0.92065831
4    1.59017638  2.02025902  1.79502385  1.46042762  0.00000000  1.92048419  1.90142259  1.59503551
5    1.96434950  1.53052146  1.61967265  1.90605374  1.92048419  0.00000000  1.08428784  1.79084277
6    1.95038044  1.59668190  1.52375713  1.88531684  1.90142259  1.08428784  0.00000000  1.73986155
7    1.74173713  1.99503827  1.19818458  0.92065831  1.59503551  1.79084277  1.73986155  0.00000000

--------------------------------------------------------------------------------
n=7
(result of R-step: (2,3:7)0.40229949)
V=[0, 1, 2, 3, 4, 5, 6]
total successes of this branch: 1
Matrix on 7 elements:

0    0.00000000  2.03746826  1.69776941  1.47914770  1.59017638  1.96434950  1.95038044
1    2.03746826  0.00000000  1.79134063  1.83995964  2.02025902  1.53052146  1.59668190
2    1.69776941  1.79134063  0.00000000  1.42029078  1.62038582  1.44503462  1.34911910
3    1.47914770  1.83995964  1.42029078  0.00000000  1.28578959  1.73141571  1.71067881
4    1.59017638  2.02025902  1.62038582  1.28578959  0.00000000  1.92048419  1.90142259
5    1.96434950  1.53052146  1.44503462  1.73141571  1.92048419  0.00000000  1.08428784
6    1.95038044  1.59668190  1.34911910  1.71067881  1.90142259  1.08428784  0.00000000

--------------------------------------------------------------------------------
n=6
(result of R-step: (0,3:4)0.24753855)
V=[0, 1, 2, 3, 5, 6]
total successes of this branch: 1
Matrix on 6 elements:

0    0.00000000  1.33905913  0.99936028  0.25696747  1.26594037  1.25197131
1    1.33905913  0.00000000  1.79134063  1.31618854  1.53052146  1.59668190
2    0.99936028  1.79134063  0.00000000  0.89651968  1.44503462  1.34911910
3    0.25696747  1.31618854  0.89651968  0.00000000  1.20764461  1.18690771
5    1.26594037  1.53052146  1.44503462  1.20764461  0.00000000  1.08428784
6    1.25197131  1.59668190  1.34911910  1.18690771  1.08428784  0.00000000

--------------------------------------------------------------------------------
n=5
(result of R-step: (1,3:0)0.07788320)
V=[1, 2, 3, 5, 6]
total successes of this branch: 1
Matrix on 5 elements:

1    0.00000000  1.19923291  0.65830313  0.93841374  1.00457417
2    1.19923291  0.00000000  0.83074200  1.44503462  1.34911910
3    0.65830313  0.83074200  0.00000000  1.14186693  1.12113003
5    0.93841374  1.44503462  1.14186693  0.00000000  1.08428784
6    1.00457417  1.34911910  1.12113003  1.08428784  0.00000000

--------------------------------------------------------------------------------
n=4
(result of R-step: (1,6:5)0.24023280)
V=[1, 2, 3, 6]
total successes of this branch: 1
Matrix on 4 elements:

1    0.00000000  1.10921995  0.56829017  0.44663297
2    1.10921995  0.00000000  0.83074200  0.88119085
3    0.56829017  0.83074200  0.00000000  0.65320178
6    0.44663297  0.88119085  0.65320178  0.00000000
