n=8
V=[0, 1, 2, 3, 4, 5, 6, 7]
total successes of this branch: 1
Matrix on 8 elements:

0    0.00000000  3.52882488  3.42925407  1.63857975  3.46449245  3.50812541  1.27276765  3.06009940
1    3.52882488  0.00000000  2.17031925  3.44661022  1.37141794  1.46988527  3.07796780  2.43343174
2    3.42925407  2.17031925  0.00000000  3.31390445  2.20677282  1.98649317  3.17377871  0.94600553
3    1.63857975  3.44661022  3.31390445  0.00000000  3.39425710  3.41902243  2.00548297  2.69898438
4    3.46449245  1.37141794  2.20677282  3.39425710  0.00000000  1.54507728  2.88545596  2.45157746
5    3.50812541  1.46988527  1.98649317  3.41902243  1.54507728  0.00000000  3.09788563  2.28181481
6    1.27276765  3.07796780  3.17377871  2.00548297  2.88545596  3.09788563  0.00000000  2.93292987
7    3.06009940  2.43343174  0.94600553  2.69898438  2.45157746  2.28181481  2.93292987  0.00000000

--------------------------------------------------------------------------------
n=7
(result of R-step: (2,3:7)0.79384600)
V=[0, 1, 2, 3, 4, 5, 6]
total successes of this branch: 1
Matrix on 7 elements:

0    0.00000000  3.52882488  3.26371134  1.47303702  3.46449245  3.50812541  1.27276765
1    3.52882488  0.00000000  2.00477652  3.28106749  1.37141794  1.46988527  3.07796780
2    3.26371134  2.00477652  0.00000000  2.98281899  2.04123009  1.82095044  3.00823598
3    1.47303702  3.28106749  2.98281899  0.00000000  3.22871437  3.25347970  1.83994024
4    3.46449245  1.37141794  2.04123009  3.22871437  0.00000000  1.54507728  2.88545596
5    3.50812541  1.46988527  1.82095044  3.25347970  1.54507728  0.00000000  3.09788563
6    1.27276765  3.07796780  3.00823598  1.83994024  2.88545596  3.09788563  0.00000000

--------------------------------------------------------------------------------
n=6
(result of R-step: (1,2:5)0.79211310)
V=[0, 1, 2, 3, 4, 6]
total successes of this branch: 1
Matrix on 6 elements:

0    0.00000000  2.88579529  2.78622448  1.47303702  3.46449245  1.27276765
1    2.88579529  0.00000000  0.88426007  2.63803790  0.72838835  2.43493821
2    2.78622448  0.88426007  0.00000000  2.50533212  1.56374323  2.53074911
3    1.47303702  2.63803790  2.50533212  0.00000000  3.22871437  1.83994024
4    3.46449245  0.72838835  1.56374323  3.22871437  0.00000000  2.88545596
6    1.27276765  2.43493821  2.53074911  1.83994024  2.88545596  0.00000000

--------------------------------------------------------------------------------
n=5
(result of R-step: (1,3:2)0.76107704)
V=[0, 1, 3, 4, 6]
total successes of this branch: 1
Matrix on 5 elements:

0    0.00000000  2.87528212  0.92973956  3.46449245  1.27276765
1    2.87528212  0.00000000  2.08422728  0.71787519  2.42442504
3    0.92973956  2.08422728  0.00000000  2.68541691  1.29664279
4    3.46449245  0.71787519  2.68541691  0.00000000  2.88545596
6    1.27276765  2.42442504  1.29664279  2.88545596  0.00000000

--------------------------------------------------------------------------------
n=4
(result of R-step: (0,4:1)0.98020605)
V=[0, 3, 4, 6]
total successes of this branch: 0
reason of abort: negative delta/dxy

--------------------------------------------------------------------------------
n=4
(result of R-step: (3,4:1)0.13550484)
V=[0, 3, 4, 6]
total successes of this branch: 1
Matrix on 4 elements:

0    0.00000000  0.89861006  3.11762687  1.27276765
3    0.89861006  0.00000000  2.30742183  1.26551328
4    3.11762687  2.30742183  0.00000000  2.53859038
6    1.27276765  1.26551328  2.53859038  0.00000000
