n=8
V=[0, 1, 2, 3, 4, 5, 6, 7]
total successes of this branch: 2
Matrix on 8 elements:

0    0.00000000  1.26339615  1.23330900  1.24299550  0.90447137  1.25717199  1.25942950  1.00365471
1    1.26339615  0.00000000  1.13138339  1.11291037  1.21643920  0.61847134  0.54610327  1.19078484
2    1.23330900  1.13138339  0.00000000  1.09247756  1.05176694  1.13235766  1.13200429  0.82254839
3    1.24299550  1.11291037  1.09247756  0.00000000  1.18945627  1.11415382  1.11370282  1.16020575
4    0.90447137  1.21643920  1.05176694  1.18945627  0.00000000  1.21345719  1.21453877  0.52102232
5    1.25717199  0.61847134  1.13235766  1.11415382  1.21345719  0.00000000  0.49131379  1.18899612
6    1.25942950  0.54610327  1.13200429  1.11370282  1.21453877  0.49131379  0.00000000  1.18964489
7    1.00365471  1.19078484  0.82254839  1.16020575  0.52102232  1.18899612  1.18964489  0.00000000

--------------------------------------------------------------------------------
n=7
(result of R-step: (1,5:6)0.36270064)
V=[0, 1, 2, 3, 4, 5, 7]
total successes of this branch: 2
Matrix on 7 elements:

0    0.00000000  1.05392328  1.23330900  1.24299550  0.90447137  1.04769913  1.00365471
1    1.05392328  0.00000000  0.92191052  0.90343751  1.00696634  0.19952562  0.98131198
2    1.23330900  0.92191052  0.00000000  1.09247756  1.05176694  0.92288480  0.82254839
3    1.24299550  0.90343751  1.09247756  0.00000000  1.18945627  0.90468095  1.16020575
4    0.90447137  1.00696634  1.05176694  1.18945627  0.00000000  1.00398433  0.52102232
5    1.04769913  0.19952562  0.92288480  0.90468095  1.00398433  0.00000000  0.97952325
7    1.00365471  0.98131198  0.82254839  1.16020575  0.52102232  0.97952325  0.00000000

--------------------------------------------------------------------------------
n=6
(result of R-step: (0,1:5)0.00955872)
V=[0, 1, 2, 3, 4, 7]
total successes of this branch: 2
Matrix on 6 elements:

0    0.00000000  0.65114896  0.92718541  0.93687191  0.59834778  0.69753111
1    0.65114896  0.00000000  0.82525979  0.80678677  0.91031561  0.88466125
2    0.92718541  0.82525979  0.00000000  1.09247756  1.05176694  0.82254839
3    0.93687191  0.80678677  1.09247756  0.00000000  1.18945627  1.16020575
4    0.59834778  0.91031561  1.05176694  1.18945627  0.00000000  0.52102232
7    0.69753111  0.88466125  0.82254839  1.16020575  0.52102232  0.00000000

--------------------------------------------------------------------------------
n=5
(result of R-step: (0,3:1)0.02800008)
V=[0, 2, 3, 4, 7]
total successes of this branch: 2
Matrix on 5 elements:

0    0.00000000  0.87184435  0.34493417  0.54300672  0.64219006
2    0.87184435  0.00000000  0.55588088  1.05176694  0.82254839
3    0.34493417  0.55588088  0.00000000  0.65285959  0.62360907
4    0.54300672  1.05176694  0.65285959  0.00000000  0.52102232
7    0.64219006  0.82254839  0.62360907  0.52102232  0.00000000

--------------------------------------------------------------------------------
n=4
(result of R-step: (0,2:3)0.60891254)
V=[0, 2, 4, 7]
total successes of this branch: 1
Matrix on 4 elements:

0    0.00000000  0.64950813  0.46657238  0.56575572
2    0.64950813  0.00000000  0.90586505  0.67664651
4    0.46657238  0.90586505  0.00000000  0.52102232
7    0.56575572  0.67664651  0.52102232  0.00000000

--------------------------------------------------------------------------------
n=4
(result of R-step: (0,3:7)0.93586072)
V=[0, 2, 3, 4]
total successes of this branch: 0
reason of abort: negative delta/dxy

--------------------------------------------------------------------------------
n=4
(result of R-step: (2,4:7)0.30161797)
V=[0, 2, 3, 4]
total successes of this branch: 1
Matrix on 4 elements:

0    0.00000000  0.72594246  0.34493417  0.39710483
2    0.72594246  0.00000000  0.40997899  0.75996317
3    0.34493417  0.40997899  0.00000000  0.50695770
4    0.39710483  0.75996317  0.50695770  0.00000000

--------------------------------------------------------------------------------
n=4
(result of R-step: (4,7:3)0.09314311)
V=[0, 2, 4, 7]
total successes of this branch: 0
reason of abort: negative delta/dxy
