n=8
V=[0, 1, 2, 3, 4, 5, 6, 7]
total successes of this branch: 1
Matrix on 8 elements:

0    0.00000000  1.79831257  1.79124815  1.79543690  1.79422150  1.79531990  1.79189925  1.79587089
1    1.79831257  0.00000000  1.07844349  1.03413316  1.04699014  1.03537090  1.07155586  0.89440845
2    1.79124815  1.07844349  0.00000000  1.04802348  0.91709386  1.03541896  0.36283446  1.05261436
3    1.79543690  1.03413316  1.04802348  0.00000000  0.72771702  0.34803166  0.97788296  0.24801525
4    1.79422150  1.04699014  0.91709386  0.72771702  0.00000000  0.68727122  0.76169283  0.77590053
5    1.79531990  1.03537090  1.03541896  0.34803166  0.68727122  0.00000000  0.95918177  0.45176233
6    1.79189925  1.07155586  0.36283446  0.97788296  0.76169283  0.95918177  0.00000000  0.99201973
7    1.79587089  0.89440845  1.05261436  0.24801525  0.77590053  0.45176233  0.99201973  0.00000000

--------------------------------------------------------------------------------
n=7
(result of R-step: (1,3:7)0.15091627)
V=[0, 1, 2, 3, 4, 5, 6]
total successes of this branch: 1
Matrix on 7 elements:

0    0.00000000  1.74416730  1.79124815  1.74129163  1.79422150  1.79531990  1.79189925
1    1.74416730  0.00000000  1.02429822  0.92584263  0.99284488  0.98122563  1.01741059
2    1.79124815  1.02429822  0.00000000  0.99387822  0.91709386  1.03541896  0.36283446
3    1.74129163  0.92584263  0.99387822  0.00000000  0.67357175  0.29388639  0.92373769
4    1.79422150  0.99284488  0.91709386  0.67357175  0.00000000  0.68727122  0.76169283
5    1.79531990  0.98122563  1.03541896  0.29388639  0.68727122  0.00000000  0.95918177
6    1.79189925  1.01741059  0.36283446  0.92373769  0.76169283  0.95918177  0.00000000

--------------------------------------------------------------------------------
n=6
(result of R-step: (2,4:6)0.78102058)
V=[0, 1, 2, 3, 4, 5]
total successes of this branch: 1
Matrix on 6 elements:

0    0.00000000  1.74416730  1.68753143  1.74129163  1.69050479  1.79531990
1    1.74416730  0.00000000  0.92058151  0.92584263  0.88912816  0.98122563
2    1.68753143  0.92058151  0.00000000  0.89016150  0.70966043  0.93170224
3    1.74129163  0.92584263  0.89016150  0.00000000  0.56985504  0.29388639
4    1.69050479  0.88912816  0.70966043  0.56985504  0.00000000  0.58355451
5    1.79531990  0.98122563  0.93170224  0.29388639  0.58355451  0.00000000

--------------------------------------------------------------------------------
n=5
(result of R-step: (1,2:0)0.90213009)
V=[1, 2, 3, 4, 5]
total successes of this branch: 1
Matrix on 5 elements:

1    0.00000000  0.26303949  0.46297759  0.42626312  0.51836059
2    0.26303949  0.00000000  0.69548452  0.51498344  0.73702526
3    0.46297759  0.69548452  0.00000000  0.56985504  0.29388639
4    0.42626312  0.51498344  0.56985504  0.00000000  0.58355451
5    0.51836059  0.73702526  0.29388639  0.58355451  0.00000000

--------------------------------------------------------------------------------
n=4
(result of R-step: (2,3:1)0.73907305)
V=[2, 3, 4, 5]
total successes of this branch: 1
Matrix on 4 elements:

2    0.00000000  0.47094620  0.39009279  0.61213461
3    0.47094620  0.00000000  0.47020737  0.19423873
4    0.39009279  0.47020737  0.00000000  0.58355451
5    0.61213461  0.19423873  0.58355451  0.00000000

--------------------------------------------------------------------------------
n=4
(result of R-step: (2,5:1)0.69418113)
V=[2, 3, 4, 5]
total successes of this branch: 0
Matrix on 4 elements:

2    0.00000000  0.58936387  0.40886280  0.44055958
3    0.58936387  0.00000000  0.56985504  0.10354136
4    0.40886280  0.56985504  0.00000000  0.39320947
5    0.44055958  0.10354136  0.39320947  0.00000000
reason of abort: no pseudometric
