n=8
V=[0, 1, 2, 3, 4, 5, 6, 7]
total successes of this branch: 1
Matrix on 8 elements:

0    0.00000000  0.49181739  0.48495433  0.49126275  0.37207102  0.49172373  0.45151048  0.22211398
1    0.49181739  0.00000000  0.47020824  0.30974419  0.34864943  0.15665113  0.47201811  0.41057240
2    0.48495433  0.47020824  0.00000000  0.45610021  0.47692446  0.46782592  0.11909021  0.48039754
3    0.49126275  0.30974419  0.45610021  0.00000000  0.39241823  0.27864018  0.45904523  0.43517044
4    0.37207102  0.34864943  0.47692446  0.39241823  0.00000000  0.35604035  0.46814251  0.17532241
5    0.49172373  0.15665113  0.46782592  0.27864018  0.35604035  0.00000000  0.46982747  0.41472609
6    0.45151048  0.47201811  0.11909021  0.45904523  0.46814251  0.46982747  0.00000000  0.46094883
7    0.22211398  0.41057240  0.48039754  0.43517044  0.17532241  0.41472609  0.46094883  0.00000000

--------------------------------------------------------------------------------
n=7
(result of R-step: (0,4:7)0.43251975)
V=[0, 1, 2, 3, 4, 5, 6]
total successes of this branch: 1
Matrix on 7 elements:

0    0.00000000  0.47913470  0.47227165  0.47858007  0.34670565  0.47904105  0.43882779
1    0.47913470  0.00000000  0.47020824  0.30974419  0.33596675  0.15665113  0.47201811
2    0.47227165  0.47020824  0.00000000  0.45610021  0.46424178  0.46782592  0.11909021
3    0.47858007  0.30974419  0.45610021  0.00000000  0.37973555  0.27864018  0.45904523
4    0.34670565  0.33596675  0.46424178  0.37973555  0.00000000  0.34335767  0.45545983
5    0.47904105  0.15665113  0.46782592  0.27864018  0.34335767  0.00000000  0.46982747
6    0.43882779  0.47201811  0.11909021  0.45904523  0.45545983  0.46982747  0.00000000

--------------------------------------------------------------------------------
n=6
(result of R-step: (0,2:6)0.08375453)
V=[0, 1, 2, 3, 4, 5]
total successes of this branch: 1
Matrix on 6 elements:

0    0.00000000  0.44899421  0.39930798  0.44843957  0.31656516  0.44890055
1    0.44899421  0.00000000  0.42738507  0.30974419  0.33596675  0.15665113
2    0.39930798  0.42738507  0.00000000  0.41327703  0.42141860  0.42500275
3    0.44843957  0.30974419  0.41327703  0.00000000  0.37973555  0.27864018
4    0.31656516  0.33596675  0.42141860  0.37973555  0.00000000  0.34335767
5    0.44890055  0.15665113  0.42500275  0.27864018  0.34335767  0.00000000

--------------------------------------------------------------------------------
n=5
(result of R-step: (1,3:5)0.83113731)
V=[0, 1, 2, 3, 4]
total successes of this branch: 1
Matrix on 5 elements:

0    0.00000000  0.38622065  0.39930798  0.38566602  0.31656516
1    0.38622065  0.00000000  0.36461151  0.18419708  0.27319319
2    0.39930798  0.36461151  0.00000000  0.35050348  0.42141860
3    0.38566602  0.18419708  0.35050348  0.00000000  0.31696199
4    0.31656516  0.27319319  0.42141860  0.31696199  0.00000000

--------------------------------------------------------------------------------
n=4
(result of R-step: (0,1:2)0.11436643)
V=[0, 1, 3, 4]
total successes of this branch: 0
reason of abort: negative delta/dxy

--------------------------------------------------------------------------------
n=4
(result of R-step: (0,3:2)0.37524782)
V=[0, 1, 3, 4]
total successes of this branch: 1
Matrix on 4 elements:

0    0.00000000  0.31459230  0.23306346  0.24493680
1    0.31459230  0.00000000  0.10322288  0.27319319
3    0.23306346  0.10322288  0.00000000  0.23598778
4    0.24493680  0.27319319  0.23598778  0.00000000

--------------------------------------------------------------------------------
n=4
(result of R-step: (1,4:2)0.24306508)
V=[0, 1, 3, 4]
total successes of this branch: 0
reason of abort: negative delta/dxy
