n=8
V=[0, 1, 2, 3, 4, 5, 6, 7]
total successes of this branch: 1
Matrix on 8 elements:

0    0.00000000  0.91316733  0.89633206  0.86085165  0.75506640  0.88313318  0.86424366  0.82919811
1    0.91316733  0.00000000  0.84884157  0.85379176  0.86636223  0.85068306  0.10876031  0.85755316
2    0.89633206  0.84884157  0.00000000  0.47075928  0.56085773  0.26464121  0.85156432  0.49771894
3    0.86085165  0.85379176  0.47075928  0.00000000  0.46696877  0.34866144  0.85419653  0.16361796
4    0.75506640  0.86636223  0.56085773  0.46696877  0.00000000  0.52593060  0.85998135  0.33744085
5    0.88313318  0.85068306  0.26464121  0.34866144  0.52593060  0.00000000  0.85254351  0.40170472
6    0.86424366  0.10876031  0.85156432  0.85419653  0.85998135  0.85254351  0.00000000  0.85592749
7    0.82919811  0.85755316  0.49771894  0.16361796  0.33744085  0.40170472  0.85592749  0.00000000

--------------------------------------------------------------------------------
n=7
(result of R-step: (3,4:7)0.70077551)
V=[0, 1, 2, 3, 4, 5, 6]
total successes of this branch: 1
Matrix on 7 elements:

0    0.00000000  0.91316733  0.89633206  0.84380663  0.73802138  0.88313318  0.86424366
1    0.91316733  0.00000000  0.84884157  0.83674674  0.84931721  0.85068306  0.10876031
2    0.89633206  0.84884157  0.00000000  0.45371426  0.54381271  0.26464121  0.85156432
3    0.84380663  0.83674674  0.45371426  0.00000000  0.43287873  0.33161642  0.83715151
4    0.73802138  0.84931721  0.54381271  0.43287873  0.00000000  0.50888558  0.84293633
5    0.88313318  0.85068306  0.26464121  0.33161642  0.50888558  0.00000000  0.85254351
6    0.86424366  0.10876031  0.85156432  0.83715151  0.84293633  0.85254351  0.00000000

--------------------------------------------------------------------------------
n=6
(result of R-step: (2,3:5)0.62799536)
V=[0, 1, 2, 3, 4, 6]
total successes of this branch: 1
Matrix on 6 elements:

0    0.00000000  0.91316733  0.82506037  0.78957997  0.73802138  0.86424366
1    0.91316733  0.00000000  0.77756988  0.78252008  0.84931721  0.10876031
2    0.82506037  0.77756988  0.00000000  0.32821591  0.47254103  0.78029264
3    0.78957997  0.78252008  0.32821591  0.00000000  0.37865207  0.78292484
4    0.73802138  0.84931721  0.47254103  0.37865207  0.00000000  0.84293633
6    0.86424366  0.10876031  0.78029264  0.78292484  0.84293633  0.00000000

--------------------------------------------------------------------------------
n=5
(result of R-step: (2,4:3)0.74537729)
V=[0, 1, 2, 4, 6]
total successes of this branch: 1
Matrix on 5 elements:

0    0.00000000  0.91316733  0.67666939  0.65996663  0.86424366
1    0.91316733  0.00000000  0.62917890  0.77126246  0.10876031
2    0.67666939  0.62917890  0.00000000  0.24609530  0.63190166
4    0.65996663  0.77126246  0.24609530  0.00000000  0.76488158
6    0.86424366  0.10876031  0.63190166  0.76488158  0.00000000

--------------------------------------------------------------------------------
n=4
(result of R-step: (0,2:4)0.17626842)
V=[0, 1, 2, 6]
total successes of this branch: 1
Matrix on 4 elements:

0    0.00000000  0.88324901  0.62563103  0.83432534
1    0.88324901  0.00000000  0.60805886  0.10876031
2    0.62563103  0.60805886  0.00000000  0.61078161
6    0.83432534  0.10876031  0.61078161  0.00000000
