n=8
V=[0, 1, 2, 3, 4, 5, 6, 7]
total successes of this branch: 1
Matrix on 8 elements:

0    0.00000000  2.50800796  2.49934277  2.50071928  2.17316034  2.49979681  2.49954474  2.50042599
1    2.50800796  0.00000000  2.01567615  2.00087940  2.16741336  2.01079545  2.01350502  2.00403213
2    2.49934277  2.01567615  0.00000000  1.93732707  2.25545183  1.76113286  1.70831773  1.88130756
3    2.50071928  2.00087940  1.93732707  0.00000000  2.24867291  1.85060406  1.89874917  1.46575761
4    2.17316034  2.16741336  2.25545183  2.24867291  0.00000000  2.25321581  2.25445715  2.25011728
5    2.49979681  2.01079545  1.76113286  1.85060406  2.25321581  0.00000000  1.71881294  1.67120764
6    2.49954474  2.01350502  1.70831773  1.89874917  2.25445715  1.71881294  0.00000000  1.84153991
7    2.50042599  2.00403213  1.88130756  1.46575761  2.25011728  1.67120764  1.84153991  0.00000000

--------------------------------------------------------------------------------
n=7
(result of R-step: (0,1:4)0.49574576)
V=[0, 1, 2, 3, 5, 6, 7]
total successes of this branch: 1
Matrix on 7 elements:

0    0.00000000  0.67544223  1.58305990  1.58443642  1.58351394  1.58326188  1.58414312
1    0.67544223  0.00000000  1.09939328  1.08459653  1.09451259  1.09722215  1.08774926
2    1.58305990  1.09939328  0.00000000  1.93732707  1.76113286  1.70831773  1.88130756
3    1.58443642  1.08459653  1.93732707  0.00000000  1.85060406  1.89874917  1.46575761
5    1.58351394  1.09451259  1.76113286  1.85060406  0.00000000  1.71881294  1.67120764
6    1.58326188  1.09722215  1.70831773  1.89874917  1.71881294  0.00000000  1.84153991
7    1.58414312  1.08774926  1.88130756  1.46575761  1.67120764  1.84153991  0.00000000

--------------------------------------------------------------------------------
n=6
(result of R-step: (3,5:7)0.68205816)
V=[0, 1, 2, 3, 5, 6]
total successes of this branch: 1
Matrix on 6 elements:

0    0.00000000  0.67544223  1.58305990  0.94125582  0.94033335  1.58326188
1    0.67544223  0.00000000  1.09939328  0.44141594  0.45133199  1.09722215
2    1.58305990  1.09939328  0.00000000  1.29414648  1.11795226  1.70831773
3    0.94125582  0.44141594  1.29414648  0.00000000  0.56424287  1.25556858
5    0.94033335  0.45133199  1.11795226  0.56424287  0.00000000  1.07563234
6    1.58326188  1.09722215  1.70831773  1.25556858  1.07563234  0.00000000

--------------------------------------------------------------------------------
n=5
(result of R-step: (0,3:1)0.93880573)
V=[0, 2, 3, 5, 6]
total successes of this branch: 1
Matrix on 5 elements:

0    0.00000000  1.00582144  0.16999304  0.36309489  1.00602342
2    1.00582144  0.00000000  1.10012215  1.11795226  1.70831773
3    0.16999304  1.10012215  0.00000000  0.37021854  1.06154425
5    0.36309489  1.11795226  0.37021854  0.00000000  1.07563234
6    1.00602342  1.70831773  1.06154425  1.07563234  0.00000000

--------------------------------------------------------------------------------
n=4
(result of R-step: (0,2:5)0.42670487)
V=[0, 2, 3, 6]
total successes of this branch: 0
reason of abort: negative delta/dxy

--------------------------------------------------------------------------------
n=4
(result of R-step: (0,6:5)0.53402596)
V=[0, 2, 3, 6]
total successes of this branch: 0
Matrix on 4 elements:

0    0.00000000  0.90327184  0.06744343  0.09484085
2    0.90327184  0.00000000  1.10012215  0.89968477
3    0.06744343  1.10012215  0.00000000  0.25291129
6    0.09484085  0.89968477  0.25291129  0.00000000
reason of abort: no pseudometric

--------------------------------------------------------------------------------
n=4
(result of R-step: (2,3:5)0.94688755)
V=[0, 2, 3, 6]
total successes of this branch: 0
reason of abort: negative delta/dxy

--------------------------------------------------------------------------------
n=4
(result of R-step: (3,6:5)0.23070692)
V=[0, 2, 3, 6]
total successes of this branch: 1
Matrix on 4 elements:

0    0.00000000  1.00582144  0.16212497  0.17358562
2    1.00582144  0.00000000  1.09225408  0.87587993
3    0.16212497  1.09225408  0.00000000  0.22123838
6    0.17358562  0.87587993  0.22123838  0.00000000
