n=8
V=[0, 1, 2, 3, 4, 5, 6, 7]
total successes of this branch: 2
Matrix on 8 elements:

0    0.00000000  1.12572405  1.11601336  1.10698464  1.11153742  1.11203959  1.11712043  1.11200855
1    1.12572405  0.00000000  1.08023863  1.08244488  1.08133237  1.08120966  0.98632610  1.08121725
2    1.11601336  1.08023863  0.00000000  0.93889996  0.81804432  0.78950798  0.35039166  0.79127208
3    1.10698464  1.08244488  0.93889996  0.00000000  0.82008411  0.83341435  0.95526477  0.83259029
4    1.11153742  1.08133237  0.81804432  0.82008411  0.00000000  0.59222908  0.84806041  0.56765901
5    1.11203959  1.08120966  0.78950798  0.83341435  0.59222908  0.00000000  0.82276337  0.21934913
6    1.11712043  0.98632610  0.35039166  0.95526477  0.84806041  0.82276337  0.00000000  0.82432721
7    1.11200855  1.08121725  0.79127208  0.83259029  0.56765901  0.21934913  0.82432721  0.00000000

--------------------------------------------------------------------------------
n=7
(result of R-step: (1,2:6)0.11400479)
V=[0, 1, 2, 3, 4, 5, 7]
total successes of this branch: 2
Matrix on 7 elements:

0    0.00000000  0.99748449  0.98777380  1.10698464  1.11153742  1.11203959  1.11200855
1    0.99748449  0.00000000  0.82375951  0.95420532  0.95309281  0.95297010  0.95297768
2    0.98777380  0.82375951  0.00000000  0.81066040  0.68980475  0.66126842  0.66303251
3    1.10698464  0.95420532  0.81066040  0.00000000  0.82008411  0.83341435  0.83259029
4    1.11153742  0.95309281  0.68980475  0.82008411  0.00000000  0.59222908  0.56765901
5    1.11203959  0.95297010  0.66126842  0.83341435  0.59222908  0.00000000  0.21934913
7    1.11200855  0.95297768  0.66303251  0.83259029  0.56765901  0.21934913  0.00000000

--------------------------------------------------------------------------------
n=6
(result of R-step: (1,3:0)0.95355104)
V=[1, 2, 3, 4, 5, 7]
total successes of this branch: 2
Matrix on 6 elements:

1    0.00000000  0.41028405  0.19111563  0.53961735  0.53949464  0.53950222
2    0.41028405  0.00000000  0.46104616  0.68980475  0.66126842  0.66303251
3    0.19111563  0.46104616  0.00000000  0.47046988  0.48380012  0.48297606
4    0.53961735  0.68980475  0.47046988  0.00000000  0.59222908  0.56765901
5    0.53949464  0.66126842  0.48380012  0.59222908  0.00000000  0.21934913
7    0.53950222  0.66303251  0.48297606  0.56765901  0.21934913  0.00000000

--------------------------------------------------------------------------------
n=5
(result of R-step: (2,3:1)0.32132920)
V=[2, 3, 4, 5, 7]
total successes of this branch: 2
Matrix on 5 elements:

2    0.00000000  0.27480257  0.53619794  0.50766161  0.50942570
3    0.27480257  0.00000000  0.43783309  0.45116334  0.45033927
4    0.53619794  0.43783309  0.00000000  0.59222908  0.56765901
5    0.50766161  0.45116334  0.59222908  0.00000000  0.21934913
7    0.50942570  0.45033927  0.56765901  0.21934913  0.00000000

--------------------------------------------------------------------------------
n=4
(result of R-step: (2,4:3)0.90171850)
V=[2, 4, 5, 7]
total successes of this branch: 1
Matrix on 4 elements:

2    0.00000000  0.27971557  0.34856876  0.35033286
4    0.27971557  0.00000000  0.49483956  0.47026948
5    0.34856876  0.49483956  0.00000000  0.21934913
7    0.35033286  0.47026948  0.21934913  0.00000000

--------------------------------------------------------------------------------
n=4
(result of R-step: (2,7:5)0.16481628)
V=[2, 3, 4, 7]
total successes of this branch: 1
Matrix on 4 elements:

2    0.00000000  0.11570973  0.37710510  0.28709402
3    0.11570973  0.00000000  0.43783309  0.38710043
4    0.37710510  0.43783309  0.00000000  0.50442016
7    0.28709402  0.38710043  0.50442016  0.00000000

--------------------------------------------------------------------------------
n=4
(result of R-step: (3,7:5)0.25128695)
V=[2, 3, 4, 7]
total successes of this branch: 0
Matrix on 4 elements:

2    0.00000000  0.16179469  0.53619794  0.47670882
3    0.16179469  0.00000000  0.32482521  0.30461451
4    0.53619794  0.32482521  0.00000000  0.53494213
7    0.47670882  0.30461451  0.53494213  0.00000000
reason of abort: no pseudometric
