n=8
V=[0, 1, 2, 3, 4, 5, 6, 7]
total successes of this branch: 1
Matrix on 8 elements:

0    0.00000000  1.23467002  1.18027522  0.93931320  1.22731785  1.04323735  1.22856311  0.44841928
1    1.23467002  0.00000000  1.12991490  1.23238919  0.53450898  1.18819321  0.45750679  0.85693535
2    1.18027522  1.12991490  0.00000000  1.17491198  1.03686050  0.71825967  1.05262140  1.16393237
3    0.93931320  1.23238919  1.17491198  0.00000000  1.22462039  0.57275491  1.22593622  1.03442175
4    1.22731785  0.53450898  1.03686050  1.22462039  0.00000000  1.14364171  0.15688037  1.00248863
5    1.04323735  1.18819321  0.71825967  0.57275491  1.14364171  0.00000000  1.15118753  1.09027819
6    1.22856311  0.45750679  1.05262140  1.22593622  0.15688037  1.15118753  0.00000000  0.97834116
7    0.44841928  0.85693535  1.16393237  1.03442175  1.00248863  1.09027819  0.97834116  0.00000000

--------------------------------------------------------------------------------
n=7
(result of R-step: (0,1:7)0.67548161)
V=[0, 1, 2, 3, 4, 5, 6]
total successes of this branch: 1
Matrix on 7 elements:

0    0.00000000  1.16398541  1.14493291  0.90397089  1.19197555  1.00789504  1.19322080
1    1.16398541  0.00000000  1.09457260  1.19704688  0.49916668  1.15285090  0.42216448
2    1.14493291  1.09457260  0.00000000  1.17491198  1.03686050  0.71825967  1.05262140
3    0.90397089  1.19704688  1.17491198  0.00000000  1.22462039  0.57275491  1.22593622
4    1.19197555  0.49916668  1.03686050  1.22462039  0.00000000  1.14364171  0.15688037
5    1.00789504  1.15285090  0.71825967  0.57275491  1.14364171  0.00000000  1.15118753
6    1.19322080  0.42216448  1.05262140  1.22593622  0.15688037  1.15118753  0.00000000

--------------------------------------------------------------------------------
n=6
(result of R-step: (1,4:6)0.16937302)
V=[0, 1, 2, 3, 4, 5]
total successes of this branch: 1
Matrix on 6 elements:

0    0.00000000  1.15938863  1.14493291  0.90397089  1.15203646  1.00789504
1    1.15938863  0.00000000  1.08997582  1.19245010  0.45463081  1.14825412
2    1.14493291  1.08997582  0.00000000  1.17491198  0.99692141  0.71825967
3    0.90397089  1.19245010  1.17491198  0.00000000  1.18468131  0.57275491
4    1.15203646  0.45463081  0.99692141  1.18468131  0.00000000  1.10370262
5    1.00789504  1.14825412  0.71825967  0.57275491  1.10370262  0.00000000

--------------------------------------------------------------------------------
n=5
(result of R-step: (2,3:5)0.43128850)
V=[0, 1, 2, 3, 4]
total successes of this branch: 1
Matrix on 5 elements:

0    0.00000000  1.15938863  1.08688161  0.84591959  1.15203646
1    1.15938863  0.00000000  1.03192452  1.13439880  0.45463081
2    1.08688161  1.03192452  0.00000000  1.05880938  0.93887011
3    0.84591959  1.13439880  1.05880938  0.00000000  1.12663000
4    1.15203646  0.45463081  0.93887011  1.12663000  0.00000000

--------------------------------------------------------------------------------
n=4
(result of R-step: (0,1:2)0.56784392)
V=[0, 1, 3, 4]
total successes of this branch: 0
Matrix on 4 elements:

0    0.00000000  0.39107172  0.40775075  0.71386762
1    0.39107172  0.00000000  0.80425073  0.12448274
3    0.40775075  0.80425073  0.00000000  1.12663000
4    0.71386762  0.12448274  1.12663000  0.00000000
reason of abort: no pseudometric

--------------------------------------------------------------------------------
n=4
(result of R-step: (0,4:2)0.65462722)
V=[0, 1, 3, 4]
total successes of this branch: 0
Matrix on 4 elements:

0    0.00000000  0.72168950  0.40822047  0.61477009
1    0.72168950  0.00000000  1.13439880  0.35506357
3    0.40822047  1.13439880  0.00000000  1.02706277
4    0.61477009  0.35506357  1.02706277  0.00000000
reason of abort: no pseudometric

--------------------------------------------------------------------------------
n=4
(result of R-step: (1,3:2)0.43504387)
V=[0, 1, 3, 4]
total successes of this branch: 0
Matrix on 4 elements:

0    0.00000000  0.83016927  0.43818271  1.15203646
1    0.83016927  0.00000000  0.39744257  0.12541145
3    0.43818271  0.39744257  0.00000000  0.71889313
4    1.15203646  0.12541145  0.71889313  0.00000000
reason of abort: no pseudometric

--------------------------------------------------------------------------------
n=4
(result of R-step: (3,4:2)0.65164664)
V=[0, 1, 3, 4]
total successes of this branch: 1
Matrix on 4 elements:

0    0.00000000  1.15938863  0.43770844  1.05101795
1    1.15938863  0.00000000  0.72618765  0.35361230
3    0.43770844  0.72618765  0.00000000  0.61740034
4    1.05101795  0.35361230  0.61740034  0.00000000
