n=8
V=[0, 1, 2, 3, 4, 5, 6, 7]
total successes of this branch: 1
Matrix on 8 elements:

0    0.00000000  1.38812703  1.38261500  1.18909782  1.36430975  1.23598293  1.33551328  1.38335937
1    1.38812703  0.00000000  1.36006841  1.36973151  1.36098247  0.74240049  0.32275305  1.18543023
2    1.38261500  1.36006841  0.00000000  1.01421881  0.74203906  1.36436777  1.36155519  0.24151052
3    1.18909782  1.36973151  1.01421881  0.00000000  0.98578285  1.33528689  1.35782004  1.06222861
4    1.36430975  1.36098247  0.74203906  0.98578285  0.00000000  1.36161694  1.36120188  0.82562356
5    1.23598293  0.74240049  1.36436777  1.33528689  1.36161694  0.00000000  0.52056641  1.28037491
6    1.33551328  0.32275305  1.36155519  1.35782004  1.36120188  0.52056641  0.00000000  1.22127135
7    1.38335937  1.18543023  0.24151052  1.06222861  0.82562356  1.28037491  1.22127135  0.00000000

--------------------------------------------------------------------------------
n=7
(result of R-step: (1,2:7)0.13504385)
V=[0, 1, 2, 3, 4, 5, 6]
total successes of this branch: 1
Matrix on 7 elements:

0    0.00000000  1.35469086  1.34917883  1.18909782  1.36430975  1.23598293  1.33551328
1    1.35469086  0.00000000  1.29319607  1.33629534  1.32754630  0.70896432  0.28931688
2    1.34917883  1.29319607  0.00000000  0.98078264  0.70860289  1.33093160  1.32811903
3    1.18909782  1.33629534  0.98078264  0.00000000  0.98578285  1.33528689  1.35782004
4    1.36430975  1.32754630  0.70860289  0.98578285  0.00000000  1.36161694  1.36120188
5    1.23598293  0.70896432  1.33093160  1.33528689  1.36161694  0.00000000  0.52056641
6    1.33551328  0.28931688  1.32811903  1.35782004  1.36120188  0.52056641  0.00000000

--------------------------------------------------------------------------------
n=6
(result of R-step: (1,5:6)0.65418477)
V=[0, 1, 2, 3, 4, 5]
total successes of this branch: 1
Matrix on 6 elements:

0    0.00000000  1.33766755  1.34917883  1.18909782  1.36430975  1.18552344
1    1.33766755  0.00000000  1.27617276  1.31927202  1.31052298  0.64148151
2    1.34917883  1.27617276  0.00000000  0.98078264  0.70860289  1.28047211
3    1.18909782  1.31927202  0.98078264  0.00000000  0.98578285  1.28482740
4    1.36430975  1.31052298  0.70860289  0.98578285  0.00000000  1.31115745
5    1.18552344  0.64148151  1.28047211  1.28482740  1.31115745  0.00000000

--------------------------------------------------------------------------------
n=5
(result of R-step: (0,1:5)0.19068768)
V=[0, 1, 2, 3, 4]
total successes of this branch: 1
Matrix on 5 elements:

0    0.00000000  0.79787065  1.05405064  0.89396963  1.06918156
1    0.79787065  0.00000000  1.03150405  1.07460332  1.06585428
2    1.05405064  1.03150405  0.00000000  0.98078264  0.70860289
3    0.89396963  1.07460332  0.98078264  0.00000000  0.98578285
4    1.06918156  1.06585428  0.70860289  0.98578285  0.00000000

--------------------------------------------------------------------------------
n=4
(result of R-step: (0,4:2)0.16660013)
V=[0, 1, 3, 4]
total successes of this branch: 0
Matrix on 4 elements:

0    0.00000000  0.33959074  0.43568972  0.29881783
1    0.33959074  0.00000000  1.07460332  0.75377046
3    0.43568972  1.07460332  0.00000000  0.67369904
4    0.29881783  0.75377046  0.67369904  0.00000000
reason of abort: no pseudometric

--------------------------------------------------------------------------------
n=4
(result of R-step: (1,4:2)0.02813058)
V=[0, 1, 3, 4]
total successes of this branch: 1
Matrix on 4 elements:

0    0.00000000  0.74220774  0.89396963  0.71619249
1    0.74220774  0.00000000  1.01894041  0.65720229
3    0.89396963  1.01894041  0.00000000  0.63279378
4    0.71619249  0.65720229  0.63279378  0.00000000
