n=8
V=[0, 1, 2, 3, 4, 5, 6, 7]
total successes of this branch: 1
Matrix on 8 elements:

0    0.00000000  1.45452232  1.31027422  1.21325370  1.22007880  1.35521602  1.36569255  1.35741169
1    1.45452232  0.00000000  1.44276185  1.45141273  1.45080417  1.22693937  1.16168243  1.21326280
2    1.31027422  1.44276185  0.00000000  1.27539993  1.24788088  0.96586657  1.01617766  0.97641078
3    1.21325370  1.45141273  1.27539993  0.00000000  0.91172863  1.33023831  1.34302186  1.33291749
4    1.22007880  1.45080417  1.24788088  0.91172863  0.00000000  1.31110347  1.32584149  1.31419227
5    1.35521602  1.22693937  0.96586657  1.33023831  1.31110347  0.00000000  0.67363031  0.19202449
6    1.36569255  1.16168243  1.01617766  1.34302186  1.32584149  0.67363031  0.00000000  0.54593220
7    1.35741169  1.21326280  0.97641078  1.33291749  1.31419227  0.19202449  0.54593220  0.00000000

--------------------------------------------------------------------------------
n=7
(result of R-step: (5,6:7)0.79041969)
V=[0, 1, 2, 3, 4, 5, 6]
total successes of this branch: 1
Matrix on 7 elements:

0    0.00000000  1.45452232  1.31027422  1.21325370  1.22007880  1.32305283  1.33352936
1    1.45452232  0.00000000  1.44276185  1.45141273  1.45080417  1.19477618  1.12951924
2    1.31027422  1.44276185  0.00000000  1.27539993  1.24788088  0.93370338  0.98401447
3    1.21325370  1.45141273  1.27539993  0.00000000  0.91172863  1.29807512  1.31085867
4    1.22007880  1.45080417  1.24788088  0.91172863  0.00000000  1.27894028  1.29367830
5    1.32305283  1.19477618  0.93370338  1.29807512  1.27894028  0.00000000  0.60930392
6    1.33352936  1.12951924  0.98401447  1.31085867  1.29367830  0.60930392  0.00000000

--------------------------------------------------------------------------------
n=6
(result of R-step: (1,5:6)0.10549714)
V=[0, 1, 2, 3, 4, 5]
total successes of this branch: 1
Matrix on 6 elements:

0    0.00000000  1.15033563  1.31027422  1.21325370  1.22007880  1.05102934
1    1.15033563  0.00000000  1.13857517  1.14722605  1.14661749  0.61856600
2    1.31027422  1.13857517  0.00000000  1.27539993  1.24788088  0.66167989
3    1.21325370  1.14722605  1.27539993  0.00000000  0.91172863  1.02605162
4    1.22007880  1.14661749  1.24788088  0.91172863  0.00000000  1.00691679
5    1.05102934  0.61856600  0.66167989  1.02605162  1.00691679  0.00000000

--------------------------------------------------------------------------------
n=5
(result of R-step: (1,2:5)0.31155904)
V=[0, 1, 2, 3, 4]
total successes of this branch: 1
Matrix on 5 elements:

0    0.00000000  1.07950027  0.93525218  1.21325370  1.22007880
1    1.07950027  0.00000000  0.69271776  1.07639069  1.07578212
2    0.93525218  0.69271776  0.00000000  0.90037788  0.87285884
3    1.21325370  1.07639069  0.90037788  0.00000000  0.91172863
4    1.22007880  1.07578212  0.87285884  0.91172863  0.00000000

--------------------------------------------------------------------------------
n=4
(result of R-step: (1,3:0)0.73571658)
V=[1, 2, 3, 4]
total successes of this branch: 1
Matrix on 4 elements:

1    0.00000000  0.27994008  0.22150821  0.66300444
2    0.27994008  0.00000000  0.45827309  0.87285884
3    0.22150821  0.45827309  0.00000000  0.46962384
4    0.66300444  0.87285884  0.46962384  0.00000000

--------------------------------------------------------------------------------
n=4
(result of R-step: (1,4:0)0.69353120)
V=[1, 2, 3, 4]
total successes of this branch: 0
Matrix on 4 elements:

1    0.00000000  0.28719900  0.67087193  0.20257541
2    0.28719900  0.00000000  0.90037788  0.40517088
3    0.67087193  0.90037788  0.00000000  0.44404067
4    0.20257541  0.40517088  0.44404067  0.00000000
reason of abort: no pseudometric

--------------------------------------------------------------------------------
n=4
(result of R-step: (2,3:0)0.88526046)
V=[1, 2, 3, 4]
total successes of this branch: 0
Matrix on 4 elements:

1    0.00000000  0.41642440  0.75642816  1.07578212
2    0.41642440  0.00000000  0.30412199  0.59656548
3    0.75642816  0.30412199  0.00000000  0.59176611
4    1.07578212  0.59656548  0.59176611  0.00000000
reason of abort: no pseudometric

--------------------------------------------------------------------------------
n=4
(result of R-step: (2,4:0)0.80117303)
V=[1, 2, 3, 4]
total successes of this branch: 0
Matrix on 4 elements:

1    0.00000000  0.41120222  1.07639069  0.54731043
2    0.41120222  0.00000000  0.61886234  0.06287160
3    1.07639069  0.61886234  0.00000000  0.38325693
4    0.54731043  0.06287160  0.38325693  0.00000000
reason of abort: no pseudometric
