n=8
V=[0, 1, 2, 3, 4, 5, 6, 7]
total successes of this branch: 1
Matrix on 8 elements:

0    0.00000000  1.56145384  1.47022292  1.47666053  1.50885690  1.55100975  1.48528656  1.51461097
1    1.56145384  0.00000000  1.46669088  1.43104126  1.27395074  1.04580333  1.39154024  1.24280751
2    1.47022292  1.46669088  0.00000000  1.46808254  1.20429127  1.41458663  0.74177542  1.23299761
3    1.47666053  1.43104126  1.46808254  0.00000000  1.45239650  1.43528174  1.46196645  1.45006025
4    1.50885690  1.27395074  1.20429127  1.45239650  0.00000000  1.21742334  0.90870062  0.29993205
5    1.55100975  1.04580333  1.41458663  1.43528174  1.21742334  0.00000000  1.33771138  1.07238255
6    1.48528656  1.39154024  0.74177542  1.46196645  0.90870062  1.33771138  0.00000000  0.96726267
7    1.51461097  1.24280751  1.23299761  1.45006025  0.29993205  1.07238255  0.96726267  0.00000000

--------------------------------------------------------------------------------
n=7
(result of R-step: (4,5:7)0.86349514)
V=[0, 1, 2, 3, 4, 5, 6]
total successes of this branch: 1
Matrix on 7 elements:

0    0.00000000  1.56145384  1.47022292  1.47666053  1.43141127  1.47356412  1.48528656
1    1.56145384  0.00000000  1.46669088  1.43104126  1.19650510  0.96835770  1.39154024
2    1.47022292  1.46669088  0.00000000  1.46808254  1.12684564  1.33714100  0.74177542
3    1.47666053  1.43104126  1.46808254  0.00000000  1.37495087  1.35783610  1.46196645
4    1.43141127  1.19650510  1.12684564  1.37495087  0.00000000  1.06253208  0.83125499
5    1.47356412  0.96835770  1.33714100  1.35783610  1.06253208  0.00000000  1.26026575
6    1.48528656  1.39154024  0.74177542  1.46196645  0.83125499  1.26026575  0.00000000

--------------------------------------------------------------------------------
n=6
(result of R-step: (2,4:6)0.61009350)
V=[0, 1, 2, 3, 4, 5]
total successes of this branch: 1
Matrix on 6 elements:

0    0.00000000  1.56145384  1.24713053  1.47666053  1.28576452  1.47356412
1    1.56145384  0.00000000  1.24359849  1.43104126  1.05085835  0.96835770
2    1.24713053  1.24359849  0.00000000  1.24499015  0.75810651  1.11404862
3    1.47666053  1.43104126  1.24499015  0.00000000  1.22930411  1.35783610
4    1.28576452  1.05085835  0.75810651  1.22930411  0.00000000  0.91688533
5    1.47356412  0.96835770  1.11404862  1.35783610  0.91688533  0.00000000

--------------------------------------------------------------------------------
n=5
(result of R-step: (1,4:5)0.80143169)
V=[0, 1, 2, 3, 4]
total successes of this branch: 1
Matrix on 5 elements:

0    0.00000000  1.06681587  1.24713053  1.47666053  1.01421893
1    1.06681587  0.00000000  0.74896053  0.93640329  0.28467480
2    1.24713053  0.74896053  0.00000000  1.24499015  0.48656092
3    1.47666053  0.93640329  1.24499015  0.00000000  0.95775853
4    1.01421893  0.28467480  0.48656092  0.95775853  0.00000000

--------------------------------------------------------------------------------
n=4
(result of R-step: (0,3:4)0.83183059)
V=[0, 1, 2, 3]
total successes of this branch: 0
reason of abort: negative delta/dxy

--------------------------------------------------------------------------------
n=4
(result of R-step: (0,4:2)0.67259812)
V=[0, 1, 3, 4]
total successes of this branch: 0
reason of abort: negative delta/dxy

--------------------------------------------------------------------------------
n=4
(result of R-step: (1,2:4)0.42347465)
V=[0, 1, 2, 3]
total successes of this branch: 1
Matrix on 4 elements:

0    0.00000000  1.05567827  0.96444735  1.47666053
1    1.05567827  0.00000000  0.45513975  0.92526570
2    0.96444735  0.45513975  0.00000000  0.96230697
3    1.47666053  0.92526570  0.96230697  0.00000000

--------------------------------------------------------------------------------
n=4
(result of R-step: (1,3:2)0.91805373)
V=[0, 1, 3, 4]
total successes of this branch: 0
reason of abort: negative delta/dxy
