n=8
V=[0, 1, 2, 3, 4, 5, 6, 7]
total successes of this branch: 1
Matrix on 8 elements:

0    0.00000000  1.75807265  1.71935335  1.59566156  0.78699307  1.43527013  1.74825072  1.75564531
1    1.75807265  0.00000000  1.47693641  0.93137294  1.69417172  1.54312639  0.28834202  0.12373561
2    1.71935335  1.47693641  0.00000000  1.51674105  1.44509456  0.71963023  1.47934363  1.47753132
3    1.59566156  0.93137294  1.51674105  0.00000000  1.57772330  1.53532189  0.88998201  0.92114381
4    0.78699307  1.69417172  1.44509456  1.57772330  0.00000000  1.12718691  1.68712941  1.69243132
5    1.43527013  1.54312639  0.71963023  1.53532189  1.12718691  0.00000000  1.54265441  1.54300975
6    1.74825072  0.28834202  1.47934363  0.88998201  1.68712941  1.54265441  0.00000000  0.23430857
7    1.75564531  0.12373561  1.47753132  0.92114381  1.69243132  1.54300975  0.23430857  0.00000000

--------------------------------------------------------------------------------
n=7
(result of R-step: (1,6:7)0.75286552)
V=[0, 1, 2, 3, 4, 5, 6]
total successes of this branch: 1
Matrix on 7 elements:

0    0.00000000  1.72322157  1.71935335  1.59566156  0.78699307  1.43527013  1.71339964
1    1.72322157  0.00000000  1.44208534  0.89652186  1.65932064  1.50827531  0.21863987
2    1.71935335  1.44208534  0.00000000  1.51674105  1.44509456  0.71963023  1.44449255
3    1.59566156  0.89652186  1.51674105  0.00000000  1.57772330  1.53532189  0.85513094
4    0.78699307  1.65932064  1.44509456  1.57772330  0.00000000  1.12718691  1.65227834
5    1.43527013  1.50827531  0.71963023  1.53532189  1.12718691  0.00000000  1.50780333
6    1.71339964  0.21863987  1.44449255  0.85513094  1.65227834  1.50780333  0.00000000

--------------------------------------------------------------------------------
n=6
(result of R-step: (1,3:6)0.93952425)
V=[0, 1, 2, 3, 4, 5]
total successes of this branch: 1
Matrix on 6 elements:

0    0.00000000  1.63459710  1.71935335  1.47218601  0.78699307  1.43527013
1    1.63459710  0.00000000  1.35346086  0.68442184  1.57069617  1.41965084
2    1.71935335  1.35346086  0.00000000  1.39326550  1.44509456  0.71963023
3    1.47218601  0.68442184  1.39326550  0.00000000  1.45424775  1.41184634
4    0.78699307  1.57069617  1.44509456  1.45424775  0.00000000  1.12718691
5    1.43527013  1.41965084  0.71963023  1.41184634  1.12718691  0.00000000

--------------------------------------------------------------------------------
n=5
(result of R-step: (2,4:5)0.69530746)
V=[0, 1, 2, 3, 4]
total successes of this branch: 1
Matrix on 5 elements:

0    0.00000000  1.63459710  1.51849206  1.47218601  0.58613178
1    1.63459710  0.00000000  1.15259958  0.68442184  1.36983488
2    1.51849206  1.15259958  0.00000000  1.19240422  1.04337199
3    1.47218601  0.68442184  1.19240422  0.00000000  1.25338647
4    0.58613178  1.36983488  1.04337199  1.25338647  0.00000000

--------------------------------------------------------------------------------
n=4
(result of R-step: (2,3:1)0.17931719)
V=[0, 2, 3, 4]
total successes of this branch: 1
Matrix on 4 elements:

0    0.00000000  1.46298621  1.27936142  0.58613178
2    1.46298621  0.00000000  0.94407378  0.98786614
3    1.27936142  0.94407378  0.00000000  1.06056188
4    0.58613178  0.98786614  1.06056188  0.00000000
