n=8
V=[0, 1, 2, 3, 4, 5, 6, 7]
total successes of this branch: 1
Matrix on 8 elements:

0    0.00000000  1.67904485  1.54108354  1.65762977  1.58844168  1.59652300  0.68392855  1.67704430
1    1.67904485  0.00000000  1.41062211  0.87926757  1.19470812  1.15786395  1.24741080  0.20047947
2    1.54108354  1.41062211  0.00000000  1.31298707  0.97311364  1.01281162  1.50161511  1.40150128
3    1.65762977  0.87926757  1.31298707  0.00000000  1.08034916  1.02325924  1.42215226  0.80932274
4    1.58844168  1.19470812  0.97311364  1.08034916  0.00000000  0.64866490  1.46932567  1.18402498
5    1.59652300  1.15786395  1.01281162  1.02325924  0.64866490  0.00000000  1.46381571  1.14528951
6    0.68392855  1.24741080  1.50161511  1.42215226  1.46932567  1.46381571  0.00000000  1.26373473
7    1.67704430  0.20047947  1.40150128  0.80932274  1.18402498  1.14528951  1.26373473  0.00000000

--------------------------------------------------------------------------------
n=7
(result of R-step: (1,3:7)0.90658240)
V=[0, 1, 2, 3, 4, 5, 6]
total successes of this branch: 1
Matrix on 7 elements:

0    0.00000000  1.61377753  1.54108354  1.59236245  1.58844168  1.59652300  0.68392855
1    1.61377753  0.00000000  1.34535479  0.74873293  1.12944080  1.09259663  1.18214348
2    1.54108354  1.34535479  0.00000000  1.24771975  0.97311364  1.01281162  1.50161511
3    1.59236245  0.74873293  1.24771975  0.00000000  1.01508184  0.95799192  1.35688494
4    1.58844168  1.12944080  0.97311364  1.01508184  0.00000000  0.64866490  1.46932567
5    1.59652300  1.09259663  1.01281162  0.95799192  0.64866490  0.00000000  1.46381571
6    0.68392855  1.18214348  1.50161511  1.35688494  1.46932567  1.46381571  0.00000000

--------------------------------------------------------------------------------
n=6
(result of R-step: (0,1:6)0.69747052)
V=[0, 1, 2, 3, 4, 5]
total successes of this branch: 1
Matrix on 6 elements:

0    0.00000000  1.42675035  1.41493629  1.46621520  1.46229443  1.47037575
1    1.42675035  0.00000000  1.28447486  0.68785300  1.06856087  1.03171670
2    1.41493629  1.28447486  0.00000000  1.24771975  0.97311364  1.01281162
3    1.46621520  0.68785300  1.24771975  0.00000000  1.01508184  0.95799192
4    1.46229443  1.06856087  0.97311364  1.01508184  0.00000000  0.64866490
5    1.47037575  1.03171670  1.01281162  0.95799192  0.64866490  0.00000000

--------------------------------------------------------------------------------
n=5
(result of R-step: (3,4:5)0.11680224)
V=[0, 1, 2, 3, 4]
total successes of this branch: 1
Matrix on 5 elements:

0    0.00000000  1.42675035  1.41493629  1.23569503  1.16650694
1    1.42675035  0.00000000  1.28447486  0.45733283  0.77277338
2    1.41493629  1.28447486  0.00000000  1.01719958  0.67732615
3    1.23569503  0.45733283  1.01719958  0.00000000  0.48877418
4    1.16650694  0.77277338  0.67732615  0.48877418  0.00000000

--------------------------------------------------------------------------------
n=4
(result of R-step: (0,1:4)0.98562941)
V=[0, 1, 2, 3]
total successes of this branch: 0
reason of abort: negative delta/dxy

--------------------------------------------------------------------------------
n=4
(result of R-step: (1,2:4)0.48977690)
V=[0, 1, 2, 3]
total successes of this branch: 0
Matrix on 4 elements:

0    0.00000000  1.04737329  1.11856041  1.23569503
1    1.04737329  0.00000000  0.60872193  0.07795578
2    1.11856041  0.60872193  0.00000000  0.72082370
3    1.23569503  0.07795578  0.72082370  0.00000000
reason of abort: no pseudometric

--------------------------------------------------------------------------------
n=4
(result of R-step: (2,3:4)0.59365362)
V=[0, 1, 2, 3]
total successes of this branch: 1
Matrix on 4 elements:

0    0.00000000  1.42675035  1.04469842  1.16124466
1    1.42675035  0.00000000  0.91423700  0.38288246
2    1.04469842  0.91423700  0.00000000  0.57251134
3    1.16124466  0.38288246  0.57251134  0.00000000
