n=8
V=[0, 1, 2, 3, 4, 5, 6, 7]
total successes of this branch: 1
Matrix on 8 elements:

0    0.00000000  0.85913571  0.85112516  0.38104656  0.62856118  0.57196386  0.69914669  0.33351828
1    0.85913571  0.00000000  0.80243630  0.85709282  0.54741556  0.61822714  0.45025353  0.85757556
2    0.85112516  0.80243630  0.00000000  0.85091800  0.82581822  0.83155760  0.81866034  0.85096695
3    0.38104656  0.85709282  0.85091800  0.00000000  0.56861010  0.49307962  0.65692298  0.22744284
4    0.62856118  0.54741556  0.82581822  0.56861010  0.00000000  0.31382635  0.32718824  0.58277677
5    0.57196386  0.61822714  0.83155760  0.49307962  0.31382635  0.00000000  0.40701220  0.51172027
6    0.69914669  0.45025353  0.81866034  0.65692298  0.32718824  0.40701220  0.00000000  0.66690060
7    0.33351828  0.85757556  0.85096695  0.22744284  0.58277677  0.51172027  0.66690060  0.00000000

--------------------------------------------------------------------------------
n=7
(result of R-step: (0,3:7)0.23630390)
V=[0, 1, 2, 3, 4, 5, 6]
total successes of this branch: 1
Matrix on 7 elements:

0    0.00000000  0.76917843  0.76116788  0.20113199  0.53860389  0.48200658  0.60918941
1    0.76917843  0.00000000  0.80243630  0.76713554  0.54741556  0.61822714  0.45025353
2    0.76116788  0.80243630  0.00000000  0.76096072  0.82581822  0.83155760  0.81866034
3    0.20113199  0.76713554  0.76096072  0.00000000  0.47865282  0.40312234  0.56696570
4    0.53860389  0.54741556  0.82581822  0.47865282  0.00000000  0.31382635  0.32718824
5    0.48200658  0.61822714  0.83155760  0.40312234  0.31382635  0.00000000  0.40701220
6    0.60918941  0.45025353  0.81866034  0.56696570  0.32718824  0.40701220  0.00000000

--------------------------------------------------------------------------------
n=6
(result of R-step: (1,4:6)0.30612882)
V=[0, 1, 2, 3, 4, 5]
total successes of this branch: 1
Matrix on 6 elements:

0    0.00000000  0.65416532  0.76116788  0.20113199  0.42359079  0.48200658
1    0.65416532  0.00000000  0.68742319  0.65212243  0.31738935  0.50321403
2    0.76116788  0.68742319  0.00000000  0.76096072  0.71080512  0.83155760
3    0.20113199  0.65212243  0.76096072  0.00000000  0.36363972  0.40312234
4    0.42359079  0.31738935  0.71080512  0.36363972  0.00000000  0.19881324
5    0.48200658  0.50321403  0.83155760  0.40312234  0.19881324  0.00000000

--------------------------------------------------------------------------------
n=5
(result of R-step: (3,4:5)0.22866252)
V=[0, 1, 2, 3, 4]
total successes of this branch: 1
Matrix on 5 elements:

0    0.00000000  0.65416532  0.76116788  0.17194135  0.41945596
1    0.65416532  0.00000000  0.68742319  0.62293178  0.31325452
2    0.76116788  0.68742319  0.00000000  0.73177007  0.70667029
3    0.17194135  0.62293178  0.73177007  0.00000000  0.33031424
4    0.41945596  0.31325452  0.70667029  0.33031424  0.00000000

--------------------------------------------------------------------------------
n=4
(result of R-step: (0,4:3)0.99359064)
V=[0, 1, 2, 4]
total successes of this branch: 0
reason of abort: negative delta/dxy

--------------------------------------------------------------------------------
n=4
(result of R-step: (2,3:0)0.18568371)
V=[1, 2, 3, 4]
total successes of this branch: 1
Matrix on 4 elements:

1    0.00000000  0.29423561  0.61261329  0.31325452
2    0.29423561  0.00000000  0.32826399  0.31348271
3    0.61261329  0.32826399  0.00000000  0.31999575
4    0.31325452  0.31348271  0.31999575  0.00000000
