n=8
V=[0, 1, 2, 3, 4, 5, 6, 7]
total successes of this branch: 1
Matrix on 8 elements:

0    0.00000000  3.30145782  3.26612248  3.21294633  3.29134070  3.27940152  3.29906055  3.29908802
1    3.30145782  0.00000000  3.27578108  2.53051814  2.45061838  2.68640742  0.98317287  0.97627616
2    3.26612248  3.27578108  0.00000000  3.27478638  3.27566738  2.29683969  3.16938120  3.17060012
3    3.21294633  2.53051814  3.27478638  0.00000000  2.52020674  2.99508997  2.58101186  2.58043340
4    3.29134070  2.45061838  3.27566738  2.52020674  0.00000000  2.96561351  2.50659254  2.50595130
5    3.27940152  2.68640742  2.29683969  2.99508997  2.96561351  0.00000000  2.47871077  2.48109014
6    3.29906055  0.98317287  3.16938120  2.58101186  2.50659254  2.47871077  0.00000000  0.38805176
7    3.29908802  0.97627616  3.17060012  2.58043340  2.50595130  2.48109014  0.38805176  0.00000000

--------------------------------------------------------------------------------
n=7
(result of R-step: (1,6:7)0.01145598)
V=[0, 1, 2, 3, 4, 5, 6]
total successes of this branch: 1
Matrix on 7 elements:

0    0.00000000  3.11088030  3.26612248  3.21294633  3.29134070  3.27940152  3.10848302
1    3.11088030  0.00000000  3.08520355  2.33994061  2.26004085  2.49582989  0.60201781
2    3.26612248  3.08520355  0.00000000  3.27478638  3.27566738  2.29683969  2.97880368
3    3.21294633  2.33994061  3.27478638  0.00000000  2.52020674  2.99508997  2.39043433
4    3.29134070  2.26004085  3.27566738  2.52020674  0.00000000  2.96561351  2.31601501
5    3.27940152  2.49582989  2.29683969  2.99508997  2.96561351  0.00000000  2.28813324
6    3.10848302  0.60201781  2.97880368  2.39043433  2.31601501  2.28813324  0.00000000

--------------------------------------------------------------------------------
n=6
(result of R-step: (1,5:6)0.89131129)
V=[0, 1, 2, 3, 4, 5]
total successes of this branch: 1
Matrix on 6 elements:

0    0.00000000  2.91371971  3.26612248  3.21294633  3.29134070  2.89166342
1    2.91371971  0.00000000  2.88804297  2.14278003  2.06288027  1.91093120
2    3.26612248  2.88804297  0.00000000  3.27478638  3.27566738  1.90910158
3    3.21294633  2.14278003  3.27478638  0.00000000  2.52020674  2.60735186
4    3.29134070  2.06288027  3.27566738  2.52020674  0.00000000  2.57787540
5    2.89166342  1.91093120  1.90910158  2.60735186  2.57787540  0.00000000

--------------------------------------------------------------------------------
n=5
(result of R-step: (1,2:5)0.37580055)
V=[0, 1, 2, 3, 4]
total successes of this branch: 1
Matrix on 5 elements:

0    0.00000000  2.44772481  2.41238947  3.21294633  3.29134070
1    2.44772481  0.00000000  1.56831505  1.67678513  1.59688536
2    2.41238947  1.56831505  0.00000000  2.42105337  2.42193437
3    3.21294633  1.67678513  2.42105337  0.00000000  2.52020674
4    3.29134070  1.59688536  2.42193437  2.52020674  0.00000000

--------------------------------------------------------------------------------
n=4
(result of R-step: (1,3:4)0.88569708)
V=[0, 1, 2, 3]
total successes of this branch: 1
Matrix on 4 elements:

0    0.00000000  2.08130433  2.41238947  1.99279284
1    2.08130433  0.00000000  1.20189458  0.09021116
2    2.41238947  1.20189458  0.00000000  1.20089988
3    1.99279284  0.09021116  1.20089988  0.00000000
