n=8
V=[0, 1, 2, 3, 4, 5, 6, 7]
total successes of this branch: 1
Matrix on 8 elements:

0    0.00000000  2.11825295  1.74370193  1.71479919  1.94762725  1.97184260  2.04495531  2.00299537
1    2.11825295  0.00000000  1.93712622  1.92684419  1.27604991  1.03973614  0.64285644  0.87062872
2    1.74370193  1.93712622  0.00000000  1.80594001  1.88164591  1.36122193  1.64881035  1.48376117
3    1.71479919  1.92684419  1.80594001  0.00000000  1.44991616  1.87958328  1.90318389  1.88963932
4    1.94762725  1.27604991  1.88164591  1.44991616  0.00000000  1.51277472  1.39456182  1.46240510
5    1.97184260  1.03973614  1.36122193  1.87958328  1.51277472  0.00000000  0.64185255  0.41212518
6    2.04495531  0.64285644  1.64881035  1.90318389  1.39456182  0.64185255  0.00000000  0.47129358
7    2.00299537  0.87062872  1.48376117  1.88963932  1.46240510  0.41212518  0.47129358  0.00000000

--------------------------------------------------------------------------------
n=7
(result of R-step: (5,6:7)0.57390760)
V=[0, 1, 2, 3, 4, 5, 6]
total successes of this branch: 1
Matrix on 7 elements:

0    0.00000000  2.11825295  1.74370193  1.71479919  1.94762725  1.85105950  1.92417221
1    2.11825295  0.00000000  1.93712622  1.92684419  1.27604991  0.91895304  0.52207334
2    1.74370193  1.93712622  0.00000000  1.80594001  1.88164591  1.24043883  1.52802725
3    1.71479919  1.92684419  1.80594001  0.00000000  1.44991616  1.75880018  1.78240078
4    1.94762725  1.27604991  1.88164591  1.44991616  0.00000000  1.39199162  1.27377872
5    1.85105950  0.91895304  1.24043883  1.75880018  1.39199162  0.00000000  0.40028634
6    1.92417221  0.52207334  1.52802725  1.78240078  1.27377872  0.40028634  0.00000000

--------------------------------------------------------------------------------
n=6
(result of R-step: (1,5:6)0.49936843)
V=[0, 1, 2, 3, 4, 5]
total successes of this branch: 1
Matrix on 6 elements:

0    0.00000000  1.99576653  1.74370193  1.71479919  1.94762725  1.84935618
1    1.99576653  0.00000000  1.81463979  1.80435777  1.15356348  0.79476329
2    1.74370193  1.81463979  0.00000000  1.80594001  1.88164591  1.23873551
3    1.71479919  1.80435777  1.80594001  0.00000000  1.44991616  1.75709685
4    1.94762725  1.15356348  1.88164591  1.44991616  0.00000000  1.39028830
5    1.84935618  0.79476329  1.23873551  1.75709685  1.39028830  0.00000000

--------------------------------------------------------------------------------
n=5
(result of R-step: (1,2:5)0.60910440)
V=[0, 1, 2, 3, 4]
total successes of this branch: 1
Matrix on 5 elements:

0    0.00000000  1.88633703  1.51178600  1.71479919  1.94762725
1    1.88633703  0.00000000  1.47329437  1.69492827  1.04413398
2    1.51178600  1.47329437  0.00000000  1.57402408  1.64972999
3    1.71479919  1.69492827  1.57402408  0.00000000  1.44991616
4    1.94762725  1.04413398  1.64972999  1.44991616  0.00000000

--------------------------------------------------------------------------------
n=4
(result of R-step: (0,1:2)0.82218403)
V=[0, 1, 3, 4]
total successes of this branch: 1
Matrix on 4 elements:

0    0.00000000  0.91983991  0.91594708  1.14877515
1    0.91983991  0.00000000  1.52728326  0.87648897
3    0.91594708  1.52728326  0.00000000  1.44991616
4    1.14877515  0.87648897  1.44991616  0.00000000

--------------------------------------------------------------------------------
n=4
(result of R-step: (0,4:2)0.52839405)
V=[0, 1, 3, 4]
total successes of this branch: 0
Matrix on 4 elements:

0    0.00000000  1.30994135  1.13840351  0.69644151
1    1.30994135  0.00000000  1.69492827  0.36934391
3    1.13840351  1.69492827  0.00000000  0.77512609
4    0.69644151  0.36934391  0.77512609  0.00000000
reason of abort: no pseudometric

--------------------------------------------------------------------------------
n=4
(result of R-step: (3,4:2)0.97892684)
V=[0, 1, 3, 4]
total successes of this branch: 0
reason of abort: negative delta/dxy
