n=8
V=[0, 1, 2, 3, 4, 5, 6, 7]
total successes of this branch: 1
Matrix on 8 elements:

0    0.00000000  2.37451540  2.14364414  1.81531663  1.51800748  1.76486768  1.78927731  1.90648776
1    2.37451540  0.00000000  2.36383497  1.91497165  2.04236760  1.93658885  1.92612941  2.36532371
2    2.14364414  2.36383497  0.00000000  2.24296985  2.21543451  2.23829751  2.24055821  0.67940467
3    1.81531663  1.91497165  2.24296985  0.00000000  1.04016971  0.76875465  0.73466182  2.18335956
4    1.51800748  2.04236760  2.21543451  1.04016971  0.00000000  0.98470268  1.01154030  2.11822064
5    1.76486768  1.93658885  2.23829751  0.76875465  0.98470268  0.00000000  0.73238564  2.17230646
6    1.78927731  1.92612941  2.24055821  0.73466182  1.01154030  0.73238564  0.00000000  2.17765448
7    1.90648776  2.36532371  0.67940467  2.18335956  2.11822064  2.17230646  2.17765448  0.00000000

--------------------------------------------------------------------------------
n=7
(result of R-step: (0,2:7)0.13938930)
V=[0, 1, 2, 3, 4, 5, 6]
total successes of this branch: 1
Matrix on 7 elements:

0    0.00000000  2.15339126  1.70139586  1.59419248  1.29688334  1.54374354  1.56815317
1    2.15339126  0.00000000  2.14271083  1.91497165  2.04236760  1.93658885  1.92612941
2    1.70139586  2.14271083  0.00000000  2.02184571  1.99431037  2.01717337  2.01943407
3    1.59419248  1.91497165  2.02184571  0.00000000  1.04016971  0.76875465  0.73466182
4    1.29688334  2.04236760  1.99431037  1.04016971  0.00000000  0.98470268  1.01154030
5    1.54374354  1.93658885  2.01717337  0.76875465  0.98470268  0.00000000  0.73238564
6    1.56815317  1.92612941  2.01943407  0.73466182  1.01154030  0.73238564  0.00000000

--------------------------------------------------------------------------------
n=6
(result of R-step: (3,5:6)0.48384817)
V=[0, 1, 2, 3, 4, 5]
total successes of this branch: 1
Matrix on 6 elements:

0    0.00000000  2.15339126  1.70139586  1.24504608  1.29688334  1.19459713
1    2.15339126  0.00000000  2.14271083  1.56582524  2.04236760  1.58744244
2    1.70139586  2.14271083  0.00000000  1.67269930  1.99431037  1.66802696
3    1.24504608  1.56582524  1.67269930  0.00000000  0.69102330  0.07046183
4    1.29688334  2.04236760  1.99431037  0.69102330  0.00000000  0.63555627
5    1.19459713  1.58744244  1.66802696  0.07046183  0.63555627  0.00000000

--------------------------------------------------------------------------------
n=5
(result of R-step: (3,4:5)0.83031486)
V=[0, 1, 2, 3, 4]
total successes of this branch: 1
Matrix on 5 elements:

0    0.00000000  2.15339126  1.70139586  1.23754868  0.94023953
1    2.15339126  0.00000000  2.14271083  1.55832784  1.68572379
2    1.70139586  2.14271083  0.00000000  1.66520190  1.63766656
3    1.23754868  1.55832784  1.66520190  0.00000000  0.32688210
4    0.94023953  1.68572379  1.63766656  0.32688210  0.00000000

--------------------------------------------------------------------------------
n=4
(result of R-step: (0,4:1)0.85768037)
V=[0, 2, 3, 4]
total successes of this branch: 0
reason of abort: negative delta/dxy

--------------------------------------------------------------------------------
n=4
(result of R-step: (2,3:1)0.52306012)
V=[0, 2, 3, 4]
total successes of this branch: 1
Matrix on 4 elements:

0    0.00000000  1.05588018  1.22276220  0.94023953
2    1.05588018  0.00000000  1.00489975  0.99215088
3    1.22276220  1.00489975  0.00000000  0.31209562
4    0.94023953  0.99215088  0.31209562  0.00000000

--------------------------------------------------------------------------------
n=4
(result of R-step: (2,4:1)0.03169643)
V=[0, 2, 3, 4]
total successes of this branch: 0
reason of abort: negative delta/dxy
