n=8
V=[0, 1, 2, 3, 4, 5, 6, 7]
total successes of this branch: 1
Matrix on 8 elements:

0    0.00000000  1.20761526  1.20707611  1.20746276  1.16766422  1.20257074  1.20750597  1.20298651
1    1.20761526  0.00000000  1.02818659  1.02512826  0.64856374  0.59005779  0.89327463  1.02916923
2    1.20707611  1.02818659  0.00000000  1.02698035  1.04011780  1.02969311  1.02732212  0.46440857
3    1.20746276  1.02512826  1.02698035  0.00000000  1.03728923  1.02666380  0.69161823  1.02796876
4    1.16766422  0.64856374  1.04011780  1.03728923  0.00000000  0.64010875  0.92714985  1.04081630
5    1.20257074  0.59005779  1.02969311  1.02666380  0.64010875  0.00000000  0.90295821  1.03063988
6    1.20750597  0.89327463  1.02732212  0.69161823  0.92714985  0.90295821  0.00000000  1.02830890
7    1.20298651  1.02916923  0.46440857  1.02796876  1.04081630  1.03063988  1.02830890  0.00000000

--------------------------------------------------------------------------------
n=7
(result of R-step: (0,2:7)0.00547648)
V=[0, 1, 2, 3, 4, 5, 6]
total successes of this branch: 1
Matrix on 7 elements:

0    0.00000000  0.97745577  0.74675714  0.97730327  0.93750473  0.97241126  0.97734648
1    0.97745577  0.00000000  0.79802711  1.02512826  0.64856374  0.59005779  0.89327463
2    0.74675714  0.79802711  0.00000000  0.79682087  0.80995831  0.79953363  0.79716264
3    0.97730327  1.02512826  0.79682087  0.00000000  1.03728923  1.02666380  0.69161823
4    0.93750473  0.64856374  0.80995831  1.03728923  0.00000000  0.64010875  0.92714985
5    0.97241126  0.59005779  0.79953363  1.02666380  0.64010875  0.00000000  0.90295821
6    0.97734648  0.89327463  0.79716264  0.69161823  0.92714985  0.90295821  0.00000000

--------------------------------------------------------------------------------
n=6
(result of R-step: (1,3:6)0.28333460)
V=[0, 1, 2, 3, 4, 5]
total successes of this branch: 1
Matrix on 6 elements:

0    0.00000000  0.69757347  0.74675714  0.69742097  0.93750473  0.97241126
1    0.69757347  0.00000000  0.51814481  0.46536367  0.36868144  0.31017549
2    0.74675714  0.51814481  0.00000000  0.51693857  0.80995831  0.79953363
3    0.69742097  0.46536367  0.51693857  0.00000000  0.75740694  0.74678150
4    0.93750473  0.36868144  0.80995831  0.75740694  0.00000000  0.64010875
5    0.97241126  0.31017549  0.79953363  0.74678150  0.64010875  0.00000000

--------------------------------------------------------------------------------
n=5
(result of R-step: (0,3:2)0.00440908)
V=[0, 1, 3, 4, 5]
total successes of this branch: 1
Matrix on 5 elements:

0    0.00000000  0.62342661  0.39119773  0.86335787  0.89826440
1    0.62342661  0.00000000  0.23328729  0.36868144  0.31017549
3    0.39119773  0.23328729  0.00000000  0.52533056  0.51470512
4    0.86335787  0.36868144  0.52533056  0.00000000  0.64010875
5    0.89826440  0.31017549  0.51470512  0.64010875  0.00000000

--------------------------------------------------------------------------------
n=4
(result of R-step: (0,1:4)0.08807970)
V=[0, 1, 3, 5]
total successes of this branch: 0
Matrix on 4 elements:

0    0.00000000  0.50904236  0.29635227  0.80341893
1    0.50904236  0.00000000  0.21374849  0.29063670
3    0.29635227  0.21374849  0.00000000  0.51470512
5    0.80341893  0.29063670  0.51470512  0.00000000
reason of abort: no pseudometric

--------------------------------------------------------------------------------
n=4
(result of R-step: (0,5:4)0.10962696)
V=[0, 1, 3, 5]
total successes of this branch: 1
Matrix on 4 elements:

0    0.00000000  0.44371584  0.21148696  0.42796217
1    0.44371584  0.00000000  0.23328729  0.01958405
3    0.21148696  0.23328729  0.00000000  0.22411367
5    0.42796217  0.01958405  0.22411367  0.00000000

--------------------------------------------------------------------------------
n=4
(result of R-step: (1,3:4)0.79393189)
V=[0, 1, 3, 5]
total successes of this branch: 0
Matrix on 4 elements:

0    0.00000000  0.60275598  0.26422487  0.89826440
1    0.60275598  0.00000000  0.08564380  0.28950487
3    0.26422487  0.08564380  0.00000000  0.38773226
5    0.89826440  0.28950487  0.38773226  0.00000000
reason of abort: no pseudometric

--------------------------------------------------------------------------------
n=4
(result of R-step: (3,5:4)0.21714818)
V=[0, 1, 3, 5]
total successes of this branch: 0
Matrix on 4 elements:

0    0.00000000  0.62342661  0.28253774  0.60884858
1    0.62342661  0.00000000  0.12462729  0.02075968
3    0.28253774  0.12462729  0.00000000  0.11662931
5    0.60884858  0.02075968  0.11662931  0.00000000
reason of abort: no pseudometric
