n=8
V=[0, 1, 2, 3, 4, 5, 6, 7]
total successes of this branch: 2
Matrix on 8 elements:

0    0.00000000  1.96419658  1.83838347  1.69281339  0.81965615  1.93413955  1.85766131  0.87491422
1    1.96419658  0.00000000  1.92863958  1.50983953  1.93636328  1.01861087  1.74543052  1.95237998
2    1.83838347  1.92863958  0.00000000  1.89488923  1.84184494  1.64298916  0.80556224  1.35882399
3    1.69281339  1.50983953  1.89488923  0.00000000  1.63583450  1.60182876  1.83588962  1.75996894
4    0.81965615  1.93636328  1.84184494  1.63583450  0.00000000  1.91378264  1.85632760  1.15935855
5    1.93413955  1.01861087  1.64298916  1.60182876  1.91378264  0.00000000  1.43189938  1.83738200
6    1.85766131  1.74543052  0.80556224  1.83588962  1.85632760  1.43189938  0.00000000  1.50801887
7    0.87491422  1.95237998  1.35882399  1.75996894  1.15935855  1.83738200  1.50801887  0.00000000

--------------------------------------------------------------------------------
n=7
(result of R-step: (0,2:7)0.66767156)
V=[0, 1, 2, 3, 4, 5, 6]
total successes of this branch: 2
Matrix on 7 elements:

0    0.00000000  1.76651922  1.44302874  1.49513602  0.62197879  1.73646219  1.65998394
1    1.76651922  0.00000000  1.73096221  1.50983953  1.93636328  1.01861087  1.74543052
2    1.44302874  1.73096221  0.00000000  1.69721186  1.64416757  1.44531180  0.60788488
3    1.49513602  1.50983953  1.69721186  0.00000000  1.63583450  1.60182876  1.83588962
4    0.62197879  1.93636328  1.64416757  1.63583450  0.00000000  1.91378264  1.85632760
5    1.73646219  1.01861087  1.44531180  1.60182876  1.91378264  0.00000000  1.43189938
6    1.65998394  1.74543052  0.60788488  1.83588962  1.85632760  1.43189938  0.00000000

--------------------------------------------------------------------------------
n=6
(result of R-step: (2,5:6)0.79867771)
V=[0, 1, 2, 3, 4, 5]
total successes of this branch: 2
Matrix on 6 elements:

0    0.00000000  1.76651922  1.34346988  1.49513602  0.62197879  1.43922596
1    1.76651922  0.00000000  1.63140335  1.50983953  1.93636328  0.72137464
2    1.34346988  1.63140335  0.00000000  1.59765300  1.54460871  1.04851671
3    1.49513602  1.50983953  1.59765300  0.00000000  1.63583450  1.30459253
4    0.62197879  1.93636328  1.54460871  1.63583450  0.00000000  1.61654641
5    1.43922596  0.72137464  1.04851671  1.30459253  1.61654641  0.00000000

--------------------------------------------------------------------------------
n=5
(result of R-step: (1,2:5)0.76109776)
V=[0, 1, 2, 3, 4]
total successes of this branch: 2
Matrix on 5 elements:

0    0.00000000  1.40003899  1.27422588  1.49513602  0.62197879
1    1.40003899  0.00000000  1.19567912  1.14335930  1.56988305
2    1.27422588  1.19567912  0.00000000  1.52840900  1.47536471
3    1.49513602  1.14335930  1.52840900  0.00000000  1.63583450
4    0.62197879  1.56988305  1.47536471  1.63583450  0.00000000

--------------------------------------------------------------------------------
n=4
(result of R-step: (0,1:2)0.36898904)
V=[0, 1, 3, 4]
total successes of this branch: 1
Matrix on 4 elements:

0    0.00000000  0.88054193  1.31147476  0.43831752
1    0.88054193  0.00000000  0.80752350  1.23404725
3    1.31147476  0.80752350  0.00000000  1.63583450
4    0.43831752  1.23404725  1.63583450  0.00000000

--------------------------------------------------------------------------------
n=4
(result of R-step: (0,3:2)0.16748027)
V=[0, 1, 3, 4]
total successes of this branch: 0
Matrix on 4 elements:

0    0.00000000  1.33983907  0.67298889  0.56177886
1    1.33983907  0.00000000  0.38141209  1.56988305
3    0.67298889  0.38141209  0.00000000  0.87388729
4    0.56177886  1.56988305  0.87388729  0.00000000
reason of abort: no pseudometric

--------------------------------------------------------------------------------
n=4
(result of R-step: (1,4:2)0.59791533)
V=[0, 1, 3, 4]
total successes of this branch: 0
Matrix on 4 elements:

0    0.00000000  1.08442554  1.49513602  0.18715172
1    1.08442554  0.00000000  0.82774585  0.81944253
3    1.49513602  0.82774585  0.00000000  1.20100743
4    0.18715172  0.81944253  1.20100743  0.00000000
reason of abort: no pseudometric

--------------------------------------------------------------------------------
n=4
(result of R-step: (2,3:1)0.48222063)
V=[0, 2, 3, 4]
total successes of this branch: 1
Matrix on 4 elements:

0    0.00000000  0.86687076  1.11379739  0.62197879
2    0.86687076  0.00000000  0.73971525  1.06800960
3    1.11379739  0.73971525  0.00000000  1.25449587
4    0.62197879  1.06800960  1.25449587  0.00000000

--------------------------------------------------------------------------------
n=4
(result of R-step: (3,4:2)0.78977151)
V=[0, 1, 3, 4]
total successes of this branch: 0
Matrix on 4 elements:

0    0.00000000  1.40003899  0.72158470  0.09689095
1    1.40003899  0.00000000  0.36980797  1.04479522
3    0.72158470  0.36980797  0.00000000  0.33719533
4    0.09689095  1.04479522  0.33719533  0.00000000
reason of abort: no pseudometric
