n=8
V=[0, 1, 2, 3, 4, 5, 6, 7]
total successes of this branch: 1
Matrix on 8 elements:

0    0.00000000  3.05710952  3.05679644  3.04728823  2.63973707  3.05005464  2.20575848  2.84561855
1    3.05710952  0.00000000  3.03668542  3.03721989  3.04627565  3.03706439  1.71900951  3.04170098
2    3.05679644  3.03668542  0.00000000  2.70296069  2.86406227  2.21277188  3.04450544  2.78267903
3    3.04728823  3.03721989  2.70296069  0.00000000  2.55971365  1.50835999  3.04113489  1.68079763
4    2.63973707  3.04627565  2.86406227  2.55971365  0.00000000  2.64826376  2.88819628  1.69877801
5    3.05005464  3.03706439  2.21277188  1.50835999  2.64826376  0.00000000  3.04211555  2.07242174
6    2.20575848  1.71900951  3.04450544  3.04113489  2.88819628  3.04211555  0.00000000  2.96545585
7    2.84561855  3.04170098  2.78267903  1.68079763  1.69877801  2.07242174  2.96545585  0.00000000

--------------------------------------------------------------------------------
n=7
(result of R-step: (0,1:6)0.38884224)
V=[0, 1, 2, 3, 4, 5, 7]
total successes of this branch: 1
Matrix on 7 elements:

0    0.00000000  2.18945105  2.62296720  2.61345899  2.20590783  2.61622540  2.41178932
1    2.18945105  0.00000000  2.60285619  2.60339066  2.61244641  2.60323515  2.60787174
2    2.62296720  2.60285619  0.00000000  2.70296069  2.86406227  2.21277188  2.78267903
3    2.61345899  2.60339066  2.70296069  0.00000000  2.55971365  1.50835999  1.68079763
4    2.20590783  2.61244641  2.86406227  2.55971365  0.00000000  2.64826376  1.69877801
5    2.61622540  2.60323515  2.21277188  1.50835999  2.64826376  0.00000000  2.07242174
7    2.41178932  2.60787174  2.78267903  1.68079763  1.69877801  2.07242174  0.00000000

--------------------------------------------------------------------------------
n=6
(result of R-step: (3,4:7)0.50516722)
V=[0, 1, 2, 3, 4, 5]
total successes of this branch: 1
Matrix on 6 elements:

0    0.00000000  2.18945105  2.62296720  2.20352800  1.79597684  2.61622540
1    2.18945105  0.00000000  2.60285619  2.19345966  2.20251542  2.60323515
2    2.62296720  2.60285619  0.00000000  2.29302970  2.45413127  2.21277188
3    2.20352800  2.19345966  2.29302970  0.00000000  1.73985166  1.09842900
4    1.79597684  2.20251542  2.45413127  1.73985166  0.00000000  2.23833276
5    2.61622540  2.60323515  2.21277188  1.09842900  2.23833276  0.00000000

--------------------------------------------------------------------------------
n=5
(result of R-step: (2,3:5)0.29094959)
V=[0, 1, 2, 3, 4]
total successes of this branch: 1
Matrix on 5 elements:

0    0.00000000  2.18945105  2.11388161  2.10437340  1.79597684
1    2.18945105  0.00000000  2.09377060  2.09430507  2.20251542
2    2.11388161  2.09377060  0.00000000  1.68478950  1.94504568
3    2.10437340  2.09430507  1.68478950  0.00000000  1.64069706
4    1.79597684  2.20251542  1.94504568  1.64069706  0.00000000

--------------------------------------------------------------------------------
n=4
(result of R-step: (0,4:2)0.32058782)
V=[0, 1, 3, 4]
total successes of this branch: 0
reason of abort: negative delta/dxy

--------------------------------------------------------------------------------
n=4
(result of R-step: (1,3:2)0.61845024)
V=[0, 1, 3, 4]
total successes of this branch: 1
Matrix on 4 elements:

0    0.00000000  1.10787892  1.53737774  1.79597684
1    1.10787892  0.00000000  0.44573729  1.12094329
3    1.53737774  0.44573729  0.00000000  1.07370141
4    1.79597684  1.12094329  1.07370141  0.00000000
