n=8
V=[0, 1, 2, 3, 4, 5, 6, 7]
total successes of this branch: 1
Matrix on 8 elements:

0    0.00000000  1.60306937  1.54515522  1.45437661  1.47324571  1.45744595  1.45529637  1.45701880
1    1.60306937  0.00000000  1.57925628  1.60055360  1.59612677  1.59983351  1.60033781  1.59993372
2    1.54515522  1.57925628  0.00000000  1.53443189  1.46223937  1.52268870  1.53091293  1.52432298
3    1.45437661  1.60055360  1.53443189  0.00000000  1.25930868  0.98834126  0.34623564  0.86074551
4    1.47324571  1.59612677  1.46223937  1.25930868  0.00000000  1.20666922  1.24353477  1.21399494
5    1.45744595  1.59983351  1.52268870  0.98834126  1.20666922  0.00000000  0.71359914  0.16632758
6    1.45529637  1.60033781  1.53091293  0.34623564  1.24353477  0.71359914  0.00000000  0.57787866
7    1.45701880  1.59993372  1.52432298  0.86074551  1.21399494  0.16632758  0.57787866  0.00000000

--------------------------------------------------------------------------------
n=7
(result of R-step: (5,6:7)0.80128541)
V=[0, 1, 2, 3, 4, 5, 6]
total successes of this branch: 1
Matrix on 7 elements:

0    0.00000000  1.60306937  1.54515522  1.45437661  1.47324571  1.44214240  1.43999282
1    1.60306937  0.00000000  1.57925628  1.60055360  1.59612677  1.58452996  1.58503427
2    1.54515522  1.57925628  0.00000000  1.53443189  1.46223937  1.50738516  1.51560938
3    1.45437661  1.60055360  1.53443189  0.00000000  1.25930868  0.97303772  0.33093209
4    1.47324571  1.59612677  1.46223937  1.25930868  0.00000000  1.19136567  1.22823122
5    1.44214240  1.58452996  1.50738516  0.97303772  1.19136567  0.00000000  0.68299204
6    1.43999282  1.58503427  1.51560938  0.33093209  1.22823122  0.68299204  0.00000000

--------------------------------------------------------------------------------
n=6
(result of R-step: (3,5:6)0.70034051)
V=[0, 1, 2, 3, 4, 5]
total successes of this branch: 1
Matrix on 6 elements:

0    0.00000000  1.60306937  1.54515522  1.41862985  1.47324571  1.42169919
1    1.60306937  0.00000000  1.57925628  1.56480684  1.59612677  1.56408675
2    1.54515522  1.57925628  0.00000000  1.49868513  1.46223937  1.48694194
3    1.41862985  1.56480684  1.49868513  0.00000000  1.22356192  0.91684775
4    1.47324571  1.59612677  1.46223937  1.22356192  0.00000000  1.17092246
5    1.42169919  1.56408675  1.48694194  0.91684775  1.17092246  0.00000000

--------------------------------------------------------------------------------
n=5
(result of R-step: (3,4:5)0.83733517)
V=[0, 1, 2, 3, 4]
total successes of this branch: 1
Matrix on 5 elements:

0    0.00000000  1.60306937  1.54515522  0.98652571  1.00539481
1    1.60306937  0.00000000  1.57925628  1.13270269  1.12827586
2    1.54515522  1.57925628  0.00000000  1.06658098  0.99438847
3    0.98652571  1.13270269  1.06658098  0.00000000  0.32360687
4    1.00539481  1.12827586  0.99438847  0.32360687  0.00000000

--------------------------------------------------------------------------------
n=4
(result of R-step: (1,3:4)0.87670211)
V=[0, 1, 2, 3]
total successes of this branch: 0
reason of abort: negative delta/dxy

--------------------------------------------------------------------------------
n=4
(result of R-step: (2,3:4)0.20785847)
V=[0, 1, 2, 3]
total successes of this branch: 1
Matrix on 4 elements:

0    0.00000000  1.60306937  0.95159714  0.86081853
1    1.60306937  0.00000000  0.98569819  1.00699552
2    0.95159714  0.98569819  0.00000000  0.34731573
3    0.86081853  1.00699552  0.34731573  0.00000000
