n=8
V=[0, 1, 2, 3, 4, 5, 6, 7]
total successes of this branch: 2
Matrix on 8 elements:

0    0.00000000  1.38138798  1.37084050  1.38064575  0.88768686  1.38079858  1.38064839  1.38067963
1    1.38138798  0.00000000  1.28963438  1.03053392  1.32164269  0.98140278  1.02968414  1.01964236
2    1.37084050  1.28963438  0.00000000  1.27002113  1.36207419  1.27405965  1.27009099  1.27091641
3    1.38064575  1.03053392  1.27002113  0.00000000  1.34285070  0.84105706  0.65046725  0.69010699
4    0.88768686  1.32164269  1.36207419  1.34285070  0.00000000  1.33848382  1.34277517  1.34188264
5    1.38079858  0.98140278  1.27405965  0.84105706  1.33848382  0.00000000  0.83770255  0.79259856
6    1.38064839  1.02968414  1.27009099  0.65046725  1.34277517  0.83770255  0.00000000  0.66594430
7    1.38067963  1.01964236  1.27091641  0.69010699  1.34188264  0.79259856  0.66594430  0.00000000

--------------------------------------------------------------------------------
n=7
(result of R-step: (5,6:7)0.20798454)
V=[0, 1, 2, 3, 4, 5, 6]
total successes of this branch: 2
Matrix on 7 elements:

0    0.00000000  1.38138798  1.37084050  1.38064575  0.88768686  1.07037842  1.07022824
1    1.38138798  0.00000000  1.28963438  1.03053392  1.32164269  0.67098262  0.71926398
2    1.37084050  1.28963438  0.00000000  1.27002113  1.36207419  0.96363949  0.95967083
3    1.38064575  1.03053392  1.27002113  0.00000000  1.34285070  0.53063690  0.34004710
4    0.88768686  1.32164269  1.36207419  1.34285070  0.00000000  1.02806366  1.03235502
5    1.07037842  0.67098262  0.96363949  0.53063690  1.02806366  0.00000000  0.21686224
6    1.07022824  0.71926398  0.95967083  0.34004710  1.03235502  0.21686224  0.00000000

--------------------------------------------------------------------------------
n=6
(result of R-step: (3,5:6)0.98270375)
V=[0, 1, 2, 3, 4, 5]
total successes of this branch: 2
Matrix on 6 elements:

0    0.00000000  1.38138798  1.37084050  1.05708938  0.88768686  1.05724221
1    1.38138798  0.00000000  1.28963438  0.70697755  1.32164269  0.65784641
2    1.37084050  1.28963438  0.00000000  0.94646476  1.36207419  0.95050327
3    1.05708938  0.70697755  0.94646476  0.00000000  1.01929433  0.19394431
4    0.88768686  1.32164269  1.36207419  1.01929433  0.00000000  1.01492745
5    1.05724221  0.65784641  0.95050327  0.19394431  1.01492745  0.00000000

--------------------------------------------------------------------------------
n=5
(result of R-step: (1,3:5)0.20590736)
V=[0, 1, 2, 3, 4]
total successes of this branch: 2
Matrix on 5 elements:

0    0.00000000  0.98542502  1.37084050  0.98468279  0.88768686
1    0.98542502  0.00000000  0.89367142  0.23860801  0.92567974
2    1.37084050  0.89367142  0.00000000  0.87405818  1.36207419
3    0.98468279  0.23860801  0.87405818  0.00000000  0.94688775
4    0.88768686  0.92567974  1.36207419  0.94688775  0.00000000

--------------------------------------------------------------------------------
n=4
(result of R-step: (0,1:2)0.25387569)
V=[0, 1, 3, 4]
total successes of this branch: 0
Matrix on 4 elements:

0    0.00000000  0.47978926  0.61136817  0.51437224
1    0.47978926  0.00000000  0.10628686  0.79335859
3    0.61136817  0.10628686  0.00000000  0.94688775
4    0.51437224  0.79335859  0.94688775  0.00000000
reason of abort: no pseudometric

--------------------------------------------------------------------------------
n=4
(result of R-step: (0,1:4)0.89204865)
V=[0, 1, 2, 3]
total successes of this branch: 1
Matrix on 4 elements:

0    0.00000000  0.55344640  0.95686971  0.57071200
1    0.55344640  0.00000000  0.87566359  0.22060018
2    0.95686971  0.87566359  0.00000000  0.87405818
3    0.57071200  0.22060018  0.87405818  0.00000000

--------------------------------------------------------------------------------
n=4
(result of R-step: (0,3:2)0.29760750)
V=[0, 1, 3, 4]
total successes of this branch: 1
Matrix on 4 elements:

0    0.00000000  0.57145424  0.46521250  0.47371607
1    0.57145424  0.00000000  0.13310850  0.92567974
3    0.46521250  0.13310850  0.00000000  0.84138824
4    0.47371607  0.92567974  0.84138824  0.00000000

--------------------------------------------------------------------------------
n=4
(result of R-step: (0,3:4)0.79611239)
V=[0, 1, 2, 3]
total successes of this branch: 0
Matrix on 4 elements:

0    0.00000000  0.61211040  0.99752588  0.43860601
1    0.61211040  0.00000000  0.89367142  0.06584585
2    0.99752588  0.89367142  0.00000000  0.70129602
3    0.43860601  0.06584585  0.70129602  0.00000000
reason of abort: no pseudometric

--------------------------------------------------------------------------------
n=4
(result of R-step: (1,4:2)0.68979015)
V=[0, 1, 3, 4]
total successes of this branch: 0
Matrix on 4 elements:

0    0.00000000  0.84713540  0.98468279  0.39154754
1    0.84713540  0.00000000  0.10031839  0.29125080
3    0.98468279  0.10031839  0.00000000  0.45074843
4    0.39154754  0.29125080  0.45074843  0.00000000
reason of abort: no pseudometric

--------------------------------------------------------------------------------
n=4
(result of R-step: (3,4:2)0.65703763)
V=[0, 1, 3, 4]
total successes of this branch: 0
Matrix on 4 elements:

0    0.00000000  0.98542502  0.88583941  0.42042037
1    0.98542502  0.00000000  0.13976463  0.45841325
3    0.88583941  0.13976463  0.00000000  0.38077787
4    0.42042037  0.45841325  0.38077787  0.00000000
reason of abort: no pseudometric
