n=8
V=[0, 1, 2, 3, 4, 5, 6, 7]
total successes of this branch: 1
Matrix on 8 elements:

0    0.00000000  1.36245433  1.27461398  1.28368059  1.21407946  1.27763806  0.49520126  1.26830707
1    1.36245433  0.00000000  1.32110466  1.30548862  1.19040390  1.31589606  1.35876048  0.80316361
2    1.27461398  1.32110466  0.00000000  1.18542736  1.29957687  0.87792783  1.27514992  1.30744478
3    1.28368059  1.30548862  1.18542736  0.00000000  1.29539028  1.03153365  1.28393199  1.29908099
4    1.21407946  1.19040390  1.29957687  1.29539028  0.00000000  1.29818047  1.19830682  0.51809660
5    1.27763806  1.31589606  0.87792783  1.03153365  1.29818047  0.00000000  1.27807910  1.30465511
6    0.49520126  1.35876048  1.27514992  1.28393199  1.19830682  1.27807910  0.00000000  1.25694895
7    1.26830707  0.80316361  1.30744478  1.29908099  0.51809660  1.30465511  1.25694895  0.00000000

--------------------------------------------------------------------------------
n=7
(result of R-step: (1,4:7)0.36547701)
V=[0, 1, 2, 3, 4, 5, 6]
total successes of this branch: 1
Matrix on 7 elements:

0    0.00000000  1.29702617  1.27461398  1.28368059  1.14865130  1.27763806  0.49520126
1    1.29702617  0.00000000  1.25567649  1.24006046  1.05954757  1.25046790  1.29333232
2    1.27461398  1.25567649  0.00000000  1.18542736  1.23414870  0.87792783  1.27514992
3    1.28368059  1.24006046  1.18542736  0.00000000  1.22996212  1.03153365  1.28393199
4    1.14865130  1.05954757  1.23414870  1.22996212  0.00000000  1.23275231  1.13287866
5    1.27763806  1.25046790  0.87792783  1.03153365  1.23275231  0.00000000  1.27807910
6    0.49520126  1.29333232  1.27514992  1.28393199  1.13287866  1.27807910  0.00000000

--------------------------------------------------------------------------------
n=6
(result of R-step: (0,4:6)0.97853043)
V=[0, 1, 2, 3, 4, 5]
total successes of this branch: 1
Matrix on 6 elements:

0    0.00000000  1.05731186  1.03489966  1.04396628  0.73465084  1.03792375
1    1.05731186  0.00000000  1.25567649  1.24006046  0.88526143  1.25046790
2    1.03489966  1.25567649  0.00000000  1.18542736  1.05986256  0.87792783
3    1.04396628  1.24006046  1.18542736  0.00000000  1.05567597  1.03153365
4    0.73465084  0.88526143  1.05986256  1.05567597  0.00000000  1.05846616
5    1.03792375  1.25046790  0.87792783  1.03153365  1.05846616  0.00000000

--------------------------------------------------------------------------------
n=5
(result of R-step: (0,1:4)0.46305603)
V=[0, 1, 2, 3, 5]
total successes of this branch: 1
Matrix on 5 elements:

0    0.00000000  0.32042530  0.75359946  0.76266607  0.75662355
1    0.32042530  0.00000000  0.80009014  0.78447411  0.79488155
2    0.75359946  0.80009014  0.00000000  1.18542736  0.87792783
3    0.76266607  0.78447411  1.18542736  0.00000000  1.03153365
5    0.75662355  0.79488155  0.87792783  1.03153365  0.00000000

--------------------------------------------------------------------------------
n=4
(result of R-step: (1,2:0)0.94825543)
V=[1, 2, 3, 5]
total successes of this branch: 1
Matrix on 4 elements:

1    0.00000000  0.26850897  0.61491000  0.62531744
2    0.26850897  0.00000000  0.82341031  0.51591077
3    0.61491000  0.82341031  0.00000000  1.03153365
5    0.62531744  0.51591077  1.03153365  0.00000000

--------------------------------------------------------------------------------
n=4
(result of R-step: (1,5:0)0.85414035)
V=[1, 2, 3, 5]
total successes of this branch: 0
Matrix on 4 elements:

1    0.00000000  0.64652743  0.63091140  0.17673798
2    0.64652743  0.00000000  1.18542736  0.41334697
3    0.63091140  1.18542736  0.00000000  0.56695279
5    0.17673798  0.41334697  0.56695279  0.00000000
reason of abort: no pseudometric
