n=8
V=[0, 1, 2, 3, 4, 5, 6, 7]
total successes of this branch: 2
Matrix on 8 elements:

0    0.00000000  2.76205570  2.68298774  2.25204439  2.22965591  2.08935867  2.39084467  2.23335450
1    2.76205570  0.00000000  2.73088079  2.65184968  2.65487560  2.67047088  2.73579256  2.65437572
2    2.68298774  2.73088079  0.00000000  2.69149782  2.69126416  2.69005990  1.12090340  2.69130276
3    2.25204439  2.65184968  2.69149782  0.00000000  1.45903005  1.57441794  2.62225967  1.26545545
4    2.22965591  2.65487560  2.69126416  1.45903005  0.00000000  1.40574687  2.61853541  0.48084843
5    2.08935867  2.67047088  2.69005990  1.57441794  1.40574687  0.00000000  2.59541633  1.43361140
6    2.39084467  2.73579256  1.12090340  2.62225967  2.61853541  2.59541633  0.00000000  2.61915066
7    2.23335450  2.65437572  2.69130276  1.26545545  0.48084843  1.43361140  2.61915066  0.00000000

--------------------------------------------------------------------------------
n=7
(result of R-step: (0,2:6)0.15755514)
V=[0, 1, 2, 3, 4, 5, 7]
total successes of this branch: 2
Matrix on 7 elements:

0    0.00000000  2.34767553  1.85422741  1.83766422  1.81527575  1.67497850  1.81897433
1    2.34767553  0.00000000  2.31650063  2.65184968  2.65487560  2.67047088  2.65437572
2    1.85422741  2.31650063  0.00000000  2.27711766  2.27688400  2.27567973  2.27692260
3    1.83766422  2.65184968  2.27711766  0.00000000  1.45903005  1.57441794  1.26545545
4    1.81527575  2.65487560  2.27688400  1.45903005  0.00000000  1.40574687  0.48084843
5    1.67497850  2.67047088  2.27567973  1.57441794  1.40574687  0.00000000  1.43361140
7    1.81897433  2.65437572  2.27692260  1.26545545  0.48084843  1.43361140  0.00000000

--------------------------------------------------------------------------------
n=6
(result of R-step: (3,4:7)0.16520041)
V=[0, 1, 2, 3, 4, 5]
total successes of this branch: 2
Matrix on 6 elements:

0    0.00000000  2.34767553  1.85422741  1.69402731  1.67163883  1.67497850
1    2.34767553  0.00000000  2.31650063  2.50821276  2.51123868  2.67047088
2    1.85422741  2.31650063  0.00000000  2.13348074  2.13324708  2.27567973
3    1.69402731  2.50821276  2.13348074  0.00000000  1.17175622  1.43078102
4    1.67163883  2.51123868  2.13324708  1.17175622  0.00000000  1.26210996
5    1.67497850  2.67047088  2.27567973  1.43078102  1.26210996  0.00000000

--------------------------------------------------------------------------------
n=5
(result of R-step: (0,4:5)0.14550542)
V=[0, 1, 2, 3, 4]
total successes of this branch: 2
Matrix on 5 elements:

0    0.00000000  2.12933088  1.63588276  1.47568266  0.96420628
1    2.12933088  0.00000000  2.31650063  2.50821276  2.02215079
2    1.63588276  2.31650063  0.00000000  2.13348074  1.64415918
3    1.47568266  2.50821276  2.13348074  0.00000000  0.68266832
4    0.96420628  2.02215079  1.64415918  0.68266832  0.00000000

--------------------------------------------------------------------------------
n=4
(result of R-step: (0,3:4)0.02745695)
V=[0, 1, 2, 3]
total successes of this branch: 1
Matrix on 4 elements:

0    0.00000000  2.04373491  1.55028679  0.81540281
1    2.04373491  0.00000000  2.31650063  1.93352889
2    1.55028679  2.31650063  0.00000000  1.55879687
3    0.81540281  1.93352889  1.55879687  0.00000000

--------------------------------------------------------------------------------
n=4
(result of R-step: (1,4:3)0.04495855)
V=[0, 1, 2, 4]
total successes of this branch: 1
Matrix on 4 elements:

0    0.00000000  0.81833574  1.63588276  0.89475312
1    0.81833574  0.00000000  1.00550549  0.64170249
2    1.63588276  1.00550549  0.00000000  1.57470603
4    0.89475312  0.64170249  1.57470603  0.00000000

--------------------------------------------------------------------------------
n=4
(result of R-step: (2,4:3)0.06735384)
V=[0, 1, 2, 4]
total successes of this branch: 0
Matrix on 4 elements:

0    0.00000000  2.12933088  0.64243080  0.90754412
1    2.12933088  0.00000000  1.32304866  1.96548862
2    0.64243080  1.32304866  0.00000000  0.59404506
4    0.90754412  1.96548862  0.59404506  0.00000000
reason of abort: no pseudometric
