n=8
V=[0, 1, 2, 3, 4, 5, 6, 7]
total successes of this branch: 1
Matrix on 8 elements:

0    0.00000000  1.61392550  1.43738043  1.58880671  1.61109481  1.23463952  1.61011903  1.61260992
1    1.61392550  0.00000000  1.51066174  1.15520775  1.01159418  1.54939905  1.01788161  0.59066494
2    1.43738043  1.51066174  0.00000000  1.45169856  1.50401705  1.09966601  1.50172653  1.50757357
3    1.58880671  1.15520775  1.45169856  0.00000000  1.13696816  1.50313191  1.10306451  1.14673077
4    1.61109481  1.01159418  1.50401705  1.13696816  0.00000000  1.54418511  0.39646628  0.64609642
5    1.23463952  1.54939905  1.09966601  1.50313191  1.54418511  0.00000000  1.54238779  1.54697583
6    1.61011903  1.01788161  1.50172653  1.10306451  0.39646628  1.54238779  0.00000000  0.72907425
7    1.61260992  0.59066494  1.50757357  1.14673077  0.64609642  1.54697583  0.72907425  0.00000000

--------------------------------------------------------------------------------
n=7
(result of R-step: (0,2:5)0.37512982)
V=[0, 1, 2, 3, 4, 6, 7]
total successes of this branch: 1
Matrix on 7 elements:

0    0.00000000  1.16546295  0.54045533  1.14034416  1.16263226  1.16165648  1.16414736
1    1.16546295  0.00000000  1.06219918  1.15520775  1.01159418  1.01788161  0.59066494
2    0.54045533  1.06219918  0.00000000  1.00323600  1.05555450  1.05326398  1.05911102
3    1.14034416  1.15520775  1.00323600  0.00000000  1.13696816  1.10306451  1.14673077
4    1.16263226  1.01159418  1.05555450  1.13696816  0.00000000  0.39646628  0.64609642
6    1.16165648  1.01788161  1.05326398  1.10306451  0.39646628  0.00000000  0.72907425
7    1.16414736  0.59066494  1.05911102  1.14673077  0.64609642  0.72907425  0.00000000

--------------------------------------------------------------------------------
n=6
(result of R-step: (1,4:7)0.53524261)
V=[0, 1, 2, 3, 4, 6]
total successes of this branch: 1
Matrix on 6 elements:

0    0.00000000  1.05287936  0.54045533  1.14034416  1.05004866  1.16165648
1    1.05287936  0.00000000  0.94961559  1.04262415  0.78642699  0.90529802
2    0.54045533  0.94961559  0.00000000  1.00323600  0.94297090  1.05326398
3    1.14034416  1.04262415  1.00323600  0.00000000  1.02438457  1.10306451
4    1.05004866  0.78642699  0.94297090  1.02438457  0.00000000  0.28388269
6    1.16165648  0.90529802  1.05326398  1.10306451  0.28388269  0.00000000

--------------------------------------------------------------------------------
n=5
(result of R-step: (3,4:6)0.04378023)
V=[0, 1, 2, 3, 4]
total successes of this branch: 1
Matrix on 5 elements:

0    0.00000000  1.05287936  0.54045533  0.95906284  0.98135094
1    1.05287936  0.00000000  0.94961559  0.86134284  0.71772927
2    0.54045533  0.94961559  0.00000000  0.82195469  0.87427318
3    0.95906284  0.86134284  0.82195469  0.00000000  0.77440554
4    0.98135094  0.71772927  0.87427318  0.77440554  0.00000000

--------------------------------------------------------------------------------
n=4
(result of R-step: (0,3:2)0.75248073)
V=[0, 1, 3, 4]
total successes of this branch: 1
Matrix on 4 elements:

0    0.00000000  0.81438582  0.40517332  0.74285741
1    0.81438582  0.00000000  0.54594685  0.71772927
3    0.40517332  0.54594685  0.00000000  0.45900955
4    0.74285741  0.71772927  0.45900955  0.00000000
