n=8
V=[0, 1, 2, 3, 4, 5, 6, 7]
total successes of this branch: 1
Matrix on 8 elements:

0    0.00000000  1.63442561  1.57086705  1.57816090  1.19840908  1.23741842  1.57325091  1.27256678
1    1.63442561  0.00000000  1.34019256  1.31739597  1.55806143  1.53524296  1.33274192  0.37487863
2    1.57086705  1.34019256  0.00000000  1.16433962  1.44031858  1.33919228  0.44283383  1.39167357
3    1.57816090  1.31739597  1.16433962  0.00000000  1.47075922  1.43866640  0.81404005  1.37559244
4    1.19840908  1.55806143  1.44031858  1.47075922  0.00000000  0.57589924  1.45026753  1.47779566
5    1.23741842  1.53524296  1.33919228  1.43866640  0.57589924  0.00000000  1.37170354  1.46877568
6    1.57325091  1.33274192  0.44283383  0.81404005  1.45026753  1.37170354  0.00000000  1.38641775
7    1.27256678  0.37487863  1.39167357  1.37559244  1.47779566  1.46877568  1.38641775  0.00000000

--------------------------------------------------------------------------------
n=7
(result of R-step: (2,3:6)0.67316867)
V=[0, 1, 2, 3, 4, 5, 7]
total successes of this branch: 1
Matrix on 7 elements:

0    0.00000000  1.63442561  1.52459992  1.53189377  1.19840908  1.23741842  1.27256678
1    1.63442561  0.00000000  1.29392543  1.27112884  1.55806143  1.53524296  0.37487863
2    1.52459992  1.29392543  0.00000000  1.07180536  1.39405144  1.29292515  1.34540643
3    1.53189377  1.27112884  1.07180536  0.00000000  1.42449209  1.39239927  1.32932530
4    1.19840908  1.55806143  1.39405144  1.42449209  0.00000000  0.57589924  1.47779566
5    1.23741842  1.53524296  1.29292515  1.39239927  0.57589924  0.00000000  1.46877568
7    1.27256678  0.37487863  1.34540643  1.32932530  1.47779566  1.46877568  0.00000000

--------------------------------------------------------------------------------
n=6
(result of R-step: (2,4:5)0.10473487)
V=[0, 1, 2, 3, 4, 7]
total successes of this branch: 1
Matrix on 6 elements:

0    0.00000000  1.63442561  1.33348058  1.53189377  0.96102260  1.27256678
1    1.63442561  0.00000000  1.10280608  1.27112884  1.32067495  0.37487863
2    1.33348058  1.10280608  0.00000000  0.88068602  0.96554563  1.15428709
3    1.53189377  1.27112884  0.88068602  0.00000000  1.18710561  1.32932530
4    0.96102260  1.32067495  0.96554563  1.18710561  0.00000000  1.24040919
7    1.27256678  0.37487863  1.15428709  1.32932530  1.24040919  0.00000000

--------------------------------------------------------------------------------
n=5
(result of R-step: (3,4:2)0.95149969)
V=[0, 1, 3, 4, 7]
total successes of this branch: 1
Matrix on 5 elements:

0    0.00000000  1.63442561  1.00964621  0.89153063  1.27256678
1    1.63442561  0.00000000  0.74888128  1.25118298  0.37487863
3    1.00964621  0.74888128  0.00000000  0.59536608  0.80707775
4    0.89153063  1.25118298  0.59536608  0.00000000  1.17091722
7    1.27256678  0.37487863  0.80707775  1.17091722  0.00000000

--------------------------------------------------------------------------------
n=4
(result of R-step: (0,3:4)0.32962858)
V=[0, 1, 3, 7]
total successes of this branch: 1
Matrix on 4 elements:

0    0.00000000  1.62791571  0.96423485  1.26605688
1    1.62791571  0.00000000  0.70997982  0.37487863
3    0.96423485  0.70997982  0.00000000  0.76817629
7    1.26605688  0.37487863  0.76817629  0.00000000
