n=8
V=[0, 1, 2, 3, 4, 5, 6, 7]
total successes of this branch: 1
Matrix on 8 elements:

0    0.00000000  2.30054529  2.25138811  2.16230921  1.82637839  1.25965566  2.18341701  2.17067721
1    2.30054529  0.00000000  2.22473682  2.27490712  2.28937118  2.26525172  1.97527158  2.22803408
2    2.25138811  2.22473682  0.00000000  2.24721851  2.24957083  1.38746420  2.24378569  0.36530281
3    2.16230921  2.27490712  2.24721851  0.00000000  1.90278803  2.20183979  0.61221464  2.24352542
4    1.82637839  2.28937118  2.24957083  1.90278803  0.00000000  2.02340090  1.96181693  2.23116428
5    1.25965566  2.26525172  1.38746420  2.20183979  2.02340090  0.00000000  2.21152240  1.29690700
6    2.18341701  1.97527158  2.24378569  0.61221464  1.96181693  2.21152240  0.00000000  2.24115998
7    2.17067721  2.22803408  0.36530281  2.24352542  2.23116428  1.29690700  2.24115998  0.00000000

--------------------------------------------------------------------------------
n=7
(result of R-step: (1,3:6)0.15269391)
V=[0, 1, 2, 3, 4, 5, 7]
total successes of this branch: 1
Matrix on 7 elements:

0    0.00000000  2.14425575  2.25138811  2.00601966  1.82637839  1.25965566  2.17067721
1    2.14425575  0.00000000  2.06844728  1.96232803  2.13308163  2.10896217  2.07174453
2    2.25138811  2.06844728  0.00000000  2.09092896  2.24957083  1.38746420  0.36530281
3    2.00601966  1.96232803  2.09092896  0.00000000  1.74649849  2.04555024  2.08723587
4    1.82637839  2.13308163  2.24957083  1.74649849  0.00000000  2.02340090  2.23116428
5    1.25965566  2.10896217  1.38746420  2.04555024  2.02340090  0.00000000  1.29690700
7    2.17067721  2.07174453  0.36530281  2.08723587  2.23116428  1.29690700  0.00000000

--------------------------------------------------------------------------------
n=6
(result of R-step: (1,4:3)0.67792089)
V=[0, 1, 2, 4, 5, 7]
total successes of this branch: 1
Matrix on 6 elements:

0    0.00000000  1.17720971  2.25138811  1.30431361  1.25965566  2.17067721
1    1.17720971  0.00000000  1.10140123  0.64397081  1.14191613  1.10469849
2    2.25138811  1.10140123  0.00000000  1.72750605  1.38746420  0.36530281
4    1.30431361  0.64397081  1.72750605  0.00000000  1.50133611  1.70909949
5    1.25965566  1.14191613  1.38746420  1.50133611  0.00000000  1.29690700
7    2.17067721  1.10469849  0.36530281  1.70909949  1.29690700  0.00000000

--------------------------------------------------------------------------------
n=5
(result of R-step: (0,1:4)0.25835361)
V=[0, 1, 2, 5, 7]
total successes of this branch: 1
Matrix on 5 elements:

0    0.00000000  0.97204056  2.05352223  1.06178978  1.97281133
1    0.97204056  0.00000000  1.09409797  1.13461287  1.09739522
2    2.05352223  1.09409797  0.00000000  1.38746420  0.36530281
5    1.06178978  1.13461287  1.38746420  0.00000000  1.29690700
7    1.97281133  1.09739522  0.36530281  1.29690700  0.00000000

--------------------------------------------------------------------------------
n=4
(result of R-step: (0,2:7)0.46093623)
V=[0, 1, 2, 5]
total successes of this branch: 0
reason of abort: negative delta/dxy

--------------------------------------------------------------------------------
n=4
(result of R-step: (1,5:0)0.10491037)
V=[1, 2, 5, 7]
total successes of this branch: 0
reason of abort: negative delta/dxy

--------------------------------------------------------------------------------
n=4
(result of R-step: (2,5:7)0.91861626)
V=[0, 1, 2, 5]
total successes of this branch: 1
Matrix on 4 elements:

0    0.00000000  0.97204056  1.91614942  0.92441698
1    0.97204056  0.00000000  0.95672517  0.99724006
2    1.91614942  0.95672517  0.00000000  1.11271859
5    0.92441698  0.99724006  1.11271859  0.00000000
