n=8
V=[0, 1, 2, 3, 4, 5, 6, 7]
total successes of this branch: 1
Matrix on 8 elements:

0    0.00000000  1.88055321  1.70350954  1.63002636  1.68065602  0.84803539  0.91139925  1.85323145
1    1.88055321  0.00000000  1.79355900  1.84241683  1.80875394  1.86706894  1.86507141  0.45178970
2    1.70350954  1.79355900  0.00000000  1.64615163  1.32192646  1.68322892  1.68022459  1.54870841
3    1.63002636  1.84241683  1.64615163  0.00000000  1.49980097  1.20229113  1.13135000  1.81212876
4    1.68065602  1.80875394  1.32192646  1.49980097  0.00000000  1.61670926  1.60723631  1.73362568
5    0.84803539  1.86706894  1.68322892  1.20229113  1.61670926  0.00000000  0.39772805  1.83869836
6    0.91139925  1.86507141  1.68022459  1.13135000  1.60723631  0.39772805  0.00000000  1.83654545
7    1.85323145  0.45178970  1.54870841  1.81212876  1.73362568  1.83869836  1.83654545  0.00000000

--------------------------------------------------------------------------------
n=7
(result of R-step: (1,2:7)0.84567786)
V=[0, 1, 2, 3, 4, 5, 6]
total successes of this branch: 1
Matrix on 7 elements:

0    0.00000000  1.77708366  1.60003998  1.63002636  1.68065602  0.84803539  0.91139925
1    1.77708366  0.00000000  1.58661988  1.73894727  1.70528439  1.76359938  1.76160185
2    1.60003998  1.58661988  0.00000000  1.54268207  1.21845691  1.57975936  1.57675503
3    1.63002636  1.73894727  1.54268207  0.00000000  1.49980097  1.20229113  1.13135000
4    1.68065602  1.70528439  1.21845691  1.49980097  0.00000000  1.61670926  1.60723631
5    0.84803539  1.76359938  1.57975936  1.20229113  1.61670926  0.00000000  0.39772805
6    0.91139925  1.76160185  1.57675503  1.13135000  1.60723631  0.39772805  0.00000000

--------------------------------------------------------------------------------
n=6
(result of R-step: (3,5:6)0.08102888)
V=[0, 1, 2, 3, 4, 5]
total successes of this branch: 1
Matrix on 6 elements:

0    0.00000000  1.77708366  1.60003998  1.46663290  1.68065602  0.68464193
1    1.77708366  0.00000000  1.58661988  1.57555381  1.70528439  1.60020592
2    1.60003998  1.58661988  0.00000000  1.37928861  1.21845691  1.41636590
3    1.46663290  1.57555381  1.37928861  0.00000000  1.33640751  0.87550421
4    1.68065602  1.70528439  1.21845691  1.33640751  0.00000000  1.45331580
5    0.68464193  1.60020592  1.41636590  0.87550421  1.45331580  0.00000000

--------------------------------------------------------------------------------
n=5
(result of R-step: (0,3:5)0.64641980)
V=[0, 1, 2, 3, 4]
total successes of this branch: 1
Matrix on 5 elements:

0    0.00000000  1.56693358  1.38988990  1.20972621  1.47050595
1    1.56693358  0.00000000  1.58661988  1.52879719  1.70528439
2    1.38988990  1.58661988  0.00000000  1.33253200  1.21845691
3    1.20972621  1.52879719  1.33253200  0.00000000  1.28965089
4    1.47050595  1.70528439  1.21845691  1.28965089  0.00000000

--------------------------------------------------------------------------------
n=4
(result of R-step: (2,3:4)0.68899664)
V=[0, 1, 2, 3]
total successes of this branch: 1
Matrix on 4 elements:

0    0.00000000  1.56693358  0.90557156  0.83208838
1    1.56693358  0.00000000  1.10230154  1.15115937
2    0.90557156  1.10230154  0.00000000  0.47057583
3    0.83208838  1.15115937  0.47057583  0.00000000
