n=8
V=[0, 1, 2, 3, 4, 5, 6, 7]
total successes of this branch: 1
Matrix on 8 elements:

0    0.00000000  0.98414874  0.89547809  0.89310334  0.80617475  0.60091236  0.94882056  0.76865281
1    0.98414874  0.00000000  0.93353858  0.84347910  0.95330781  0.95106989  0.67857869  0.88930437
2    0.89547809  0.93353858  0.00000000  0.91858386  0.75616066  0.90091147  0.76468119  0.91105681
3    0.89310334  0.84347910  0.91858386  0.00000000  0.90863072  0.80326907  0.87340236  0.34589309
4    0.80617475  0.95330781  0.75616066  0.90863072  0.00000000  0.83026755  0.87476039  0.87525413
5    0.60091236  0.95106989  0.90091147  0.80326907  0.83026755  0.00000000  0.93108576  0.46393121
6    0.94882056  0.67857869  0.76468119  0.87340236  0.87476039  0.93108576  0.00000000  0.89797098
7    0.76865281  0.88930437  0.91105681  0.34589309  0.87525413  0.46393121  0.89797098  0.00000000

--------------------------------------------------------------------------------
n=7
(result of R-step: (1,2:6)0.60157974)
V=[0, 1, 2, 3, 4, 5, 7]
total successes of this branch: 1
Matrix on 7 elements:

0    0.00000000  0.72928809  0.64061744  0.89310334  0.80617475  0.60091236  0.76865281
1    0.72928809  0.00000000  0.42381727  0.58861845  0.69844716  0.69620924  0.63444372
2    0.64061744  0.42381727  0.00000000  0.66372321  0.50130001  0.64605082  0.65619615
3    0.89310334  0.58861845  0.66372321  0.00000000  0.90863072  0.80326907  0.34589309
4    0.80617475  0.69844716  0.50130001  0.90863072  0.00000000  0.83026755  0.87525413
5    0.60091236  0.69620924  0.64605082  0.80326907  0.83026755  0.00000000  0.46393121
7    0.76865281  0.63444372  0.65619615  0.34589309  0.87525413  0.46393121  0.00000000

--------------------------------------------------------------------------------
n=6
(result of R-step: (1,4:2)0.32637530)
V=[0, 1, 3, 4, 5, 7]
total successes of this branch: 1
Matrix on 6 elements:

0    0.00000000  0.58560469  0.89310334  0.49902485  0.60091236  0.76865281
1    0.58560469  0.00000000  0.44493505  0.24761386  0.55252584  0.49076032
3    0.89310334  0.44493505  0.00000000  0.60148082  0.80326907  0.34589309
4    0.49902485  0.24761386  0.60148082  0.00000000  0.52311765  0.56810423
5    0.60091236  0.55252584  0.80326907  0.52311765  0.00000000  0.46393121
7    0.76865281  0.49076032  0.34589309  0.56810423  0.46393121  0.00000000

--------------------------------------------------------------------------------
n=5
(result of R-step: (3,5:7)0.57407811)
V=[0, 1, 3, 4, 5]
total successes of this branch: 1
Matrix on 5 elements:

0    0.00000000  0.58560469  0.88982573  0.49902485  0.59763475
1    0.58560469  0.00000000  0.44165744  0.24761386  0.54924823
3    0.88982573  0.44165744  0.00000000  0.59820321  0.79671385
4    0.49902485  0.24761386  0.59820321  0.00000000  0.51984004
5    0.59763475  0.54924823  0.79671385  0.51984004  0.00000000

--------------------------------------------------------------------------------
n=4
(result of R-step: (0,1:5)0.42097667)
V=[0, 1, 3, 4]
total successes of this branch: 0
Matrix on 4 elements:

0    0.00000000  0.35840767  0.78035653  0.38955565
1    0.35840767  0.00000000  0.32392962  0.12988604
3    0.78035653  0.32392962  0.00000000  0.59820321
4    0.38955565  0.12988604  0.59820321  0.00000000
reason of abort: no pseudometric

--------------------------------------------------------------------------------
n=4
(result of R-step: (0,3:5)0.76484730)
V=[0, 1, 3, 4]
total successes of this branch: 1
Matrix on 4 elements:

0    0.00000000  0.33006564  0.38202525  0.24348580
1    0.33006564  0.00000000  0.18939600  0.24761386
3    0.38202525  0.18939600  0.00000000  0.34594177
4    0.24348580  0.24761386  0.34594177  0.00000000
