n=8
V=[0, 1, 2, 3, 4, 5, 6, 7]
total successes of this branch: 1
Matrix on 8 elements:

0    0.00000000  2.08925922  1.93527059  1.79865417  1.73525743  1.65479246  0.96377066  1.87068283
1    2.08925922  0.00000000  1.97595272  2.00752735  1.15967497  1.22290942  2.05855692  1.99088017
2    1.93527059  1.97595272  0.00000000  1.58163499  1.96473294  1.96272878  1.80242856  0.91488373
3    1.79865417  2.00752735  1.58163499  0.00000000  1.94992196  1.93963205  1.29634055  0.98376216
4    1.73525743  1.15967497  1.96473294  1.94992196  0.00000000  0.63283928  1.81589544  1.95773079
5    1.65479246  1.22290942  1.96272878  1.93963205  0.63283928  0.00000000  1.76179150  1.95180940
6    0.96377066  2.05855692  1.80242856  1.29634055  1.81589544  1.76179150  0.00000000  1.56316673
7    1.87068283  1.99088017  0.91488373  0.98376216  1.95773079  1.95180940  1.56316673  0.00000000

--------------------------------------------------------------------------------
n=7
(result of R-step: (2,3:7)0.52723277)
V=[0, 1, 2, 3, 4, 5, 6]
total successes of this branch: 1
Matrix on 7 elements:

0    0.00000000  2.08925922  1.77676514  1.64014872  1.73525743  1.65479246  0.96377066
1    2.08925922  0.00000000  1.81744726  1.84902190  1.15967497  1.22290942  2.05855692
2    1.77676514  1.81744726  0.00000000  1.26462409  1.80622749  1.80422333  1.64392311
3    1.64014872  1.84902190  1.26462409  0.00000000  1.79141651  1.78112660  1.13783510
4    1.73525743  1.15967497  1.80622749  1.79141651  0.00000000  0.63283928  1.81589544
5    1.65479246  1.22290942  1.80422333  1.78112660  0.63283928  0.00000000  1.76179150
6    0.96377066  2.05855692  1.64392311  1.13783510  1.81589544  1.76179150  0.00000000

--------------------------------------------------------------------------------
n=6
(result of R-step: (0,3:6)0.62435335)
V=[0, 1, 2, 3, 4, 5]
total successes of this branch: 1
Matrix on 6 elements:

0    0.00000000  1.85853070  1.54603662  1.33719713  1.50452891  1.42406394
1    1.85853070  0.00000000  1.81744726  1.77679883  1.15967497  1.22290942
2    1.54603662  1.81744726  0.00000000  1.19240102  1.80622749  1.80422333
3    1.33719713  1.77679883  1.19240102  0.00000000  1.71919344  1.70890353
4    1.50452891  1.15967497  1.80622749  1.71919344  0.00000000  0.63283928
5    1.42406394  1.22290942  1.80422333  1.70890353  0.63283928  0.00000000

--------------------------------------------------------------------------------
n=5
(result of R-step: (1,3:2)0.11269390)
V=[0, 1, 3, 4, 5]
total successes of this branch: 1
Matrix on 5 elements:

0    0.00000000  1.45569411  0.86268318  1.50452891  1.42406394
1    1.45569411  0.00000000  0.89944829  0.75683838  0.82007283
3    0.86268318  0.89944829  0.00000000  1.24467948  1.23438958
4    1.50452891  0.75683838  1.24467948  0.00000000  0.63283928
5    1.42406394  0.82007283  1.23438958  0.63283928  0.00000000

--------------------------------------------------------------------------------
n=4
(result of R-step: (0,1:3)0.51165384)
V=[0, 1, 4, 5]
total successes of this branch: 1
Matrix on 4 elements:

0    0.00000000  1.35970325  1.45907027  1.37860531
1    1.35970325  0.00000000  0.70630616  0.76954061
4    1.45907027  0.70630616  0.00000000  0.63283928
5    1.37860531  0.76954061  0.63283928  0.00000000
