n=8
V=[0, 1, 2, 3, 4, 5, 6, 7]
total successes of this branch: 1
Matrix on 8 elements:

0    0.00000000  2.57416287  2.31956436  2.53288767  2.44788501  2.07705848  1.13591915  2.15228518
1    2.57416287  0.00000000  2.10974936  1.80537995  1.92666163  2.19210681  2.17448592  2.16655906
2    2.31956436  2.10974936  0.00000000  2.05085795  1.64434370  1.19457998  2.27393768  1.01274870
3    2.53288767  1.80537995  2.05085795  0.00000000  1.43718097  2.13633939  2.37468276  2.10982257
4    2.44788501  1.92666163  1.64434370  1.43718097  0.00000000  1.78684087  2.33453900  1.74263744
5    2.07705848  2.19210681  1.19457998  2.13633939  1.78684087  0.00000000  2.10207706  0.79024764
6    1.13591915  2.17448592  2.27393768  2.37468276  2.33453900  2.10207706  0.00000000  2.15538920
7    2.15228518  2.16655906  1.01274870  2.10982257  1.74263744  0.79024764  2.15538920  0.00000000

--------------------------------------------------------------------------------
n=7
(result of R-step: (0,1:6)0.78253852)
V=[0, 1, 2, 3, 4, 5, 7]
total successes of this branch: 1
Matrix on 7 elements:

0    0.00000000  1.83792067  1.95144326  2.16476657  2.07976391  1.70893738  1.78416408
1    1.83792067  0.00000000  1.74162826  1.43725885  1.55854053  1.82398571  1.79843796
2    1.95144326  1.74162826  0.00000000  2.05085795  1.64434370  1.19457998  1.01274870
3    2.16476657  1.43725885  2.05085795  0.00000000  1.43718097  2.13633939  2.10982257
4    2.07976391  1.55854053  1.64434370  1.43718097  0.00000000  1.78684087  1.74263744
5    1.70893738  1.82398571  1.19457998  2.13633939  1.78684087  0.00000000  0.79024764
7    1.78416408  1.79843796  1.01274870  2.10982257  1.74263744  0.79024764  0.00000000

--------------------------------------------------------------------------------
n=6
(result of R-step: (2,5:7)0.31020567)
V=[0, 1, 2, 3, 4, 5]
total successes of this branch: 1
Matrix on 6 elements:

0    0.00000000  1.83792067  1.64723508  2.16476657  2.07976391  1.40472919
1    1.83792067  0.00000000  1.43742007  1.43725885  1.55854053  1.51977752
2    1.64723508  1.43742007  0.00000000  1.74664977  1.34013551  0.58616361
3    2.16476657  1.43725885  1.74664977  0.00000000  1.43718097  1.83213121
4    2.07976391  1.55854053  1.34013551  1.43718097  0.00000000  1.48263269
5    1.40472919  1.51977752  0.58616361  1.83213121  1.48263269  0.00000000

--------------------------------------------------------------------------------
n=5
(result of R-step: (0,2:5)0.17733646)
V=[0, 1, 2, 3, 4]
total successes of this branch: 1
Matrix on 5 elements:

0    0.00000000  1.73000473  1.36749026  2.05685062  1.97184796
1    1.73000473  0.00000000  1.26559121  1.43725885  1.55854053
2    1.36749026  1.26559121  0.00000000  1.57482090  1.16830665
3    2.05685062  1.43725885  1.57482090  0.00000000  1.43718097
4    1.97184796  1.55854053  1.16830665  1.43718097  0.00000000

--------------------------------------------------------------------------------
n=4
(result of R-step: (0,3:1)0.58031082)
V=[0, 2, 3, 4]
total successes of this branch: 1
Matrix on 4 elements:

0    0.00000000  0.45790852  0.63193552  1.06226622
2    0.45790852  0.00000000  1.05948755  1.16830665
3    0.63193552  1.05948755  0.00000000  0.92184761
4    1.06226622  1.16830665  0.92184761  0.00000000

--------------------------------------------------------------------------------
n=4
(result of R-step: (2,4:1)0.32604029)
V=[0, 2, 3, 4]
total successes of this branch: 0
reason of abort: negative delta/dxy
