n=8
V=[0, 1, 2, 3, 4, 5, 6, 7]
total successes of this branch: 1
Matrix on 8 elements:

0    0.00000000  1.59104893  1.55701083  1.57350941  1.57522160  1.56268686  1.57547200  1.57720840
1    1.59104893  0.00000000  1.42549489  1.38150840  1.35497470  0.52126847  1.33768865  1.20063532
2    1.55701083  1.42549489  0.00000000  1.37873318  1.38329800  1.42889159  1.38396560  1.38859495
3    1.57350941  1.38150840  1.37873318  0.00000000  1.13623262  1.38646727  1.14011317  1.16702198
4    1.57522160  1.35497470  1.38329800  1.13623262  0.00000000  1.36066309  0.27967142  0.39953761
5    1.56268686  0.52126847  1.42889159  1.38646727  1.36066309  0.00000000  1.34738287  1.25529426
6    1.57547200  1.33768865  1.38396560  1.14011317  0.27967142  1.34738287  0.00000000  0.24525524
7    1.57720840  1.20063532  1.38859495  1.16702198  0.39953761  1.25529426  0.24525524  0.00000000

--------------------------------------------------------------------------------
n=7
(result of R-step: (1,6:7)0.11147199)
V=[0, 1, 2, 3, 4, 5, 6]
total successes of this branch: 1
Matrix on 7 elements:

0    0.00000000  1.53694797  1.55701083  1.57350941  1.57522160  1.56268686  1.52137105
1    1.53694797  0.00000000  1.37139393  1.32740744  1.30087374  0.46716751  1.22948674
2    1.55701083  1.37139393  0.00000000  1.37873318  1.38329800  1.42889159  1.32986464
3    1.57350941  1.32740744  1.37873318  0.00000000  1.13623262  1.38646727  1.08601222
4    1.57522160  1.30087374  1.38329800  1.13623262  0.00000000  1.36066309  0.22557047
5    1.56268686  0.46716751  1.42889159  1.38646727  1.36066309  0.00000000  1.29328192
6    1.52137105  1.22948674  1.32986464  1.08601222  0.22557047  1.29328192  0.00000000

--------------------------------------------------------------------------------
n=6
(result of R-step: (1,4:6)0.01582118)
V=[0, 1, 2, 3, 4, 5]
total successes of this branch: 1
Matrix on 6 elements:

0    0.00000000  1.45985624  1.55701083  1.57350941  1.44402891  1.56268686
1    1.45985624  0.00000000  1.29430220  1.25031571  1.09258933  0.39007578
2    1.55701083  1.29430220  0.00000000  1.37873318  1.25210531  1.42889159
3    1.57350941  1.25031571  1.37873318  0.00000000  1.00503993  1.38646727
4    1.44402891  1.09258933  1.25210531  1.00503993  0.00000000  1.22947040
5    1.56268686  0.39007578  1.42889159  1.38646727  1.22947040  0.00000000

--------------------------------------------------------------------------------
n=5
(result of R-step: (0,1:5)0.02582731)
V=[0, 1, 2, 3, 4]
total successes of this branch: 1
Matrix on 5 elements:

0    0.00000000  1.09814253  1.31055763  1.32705621  1.19757571
1    1.09814253  0.00000000  1.17904169  1.13505520  0.97732881
2    1.31055763  1.17904169  0.00000000  1.37873318  1.25210531
3    1.32705621  1.13505520  1.37873318  0.00000000  1.00503993
4    1.19757571  0.97732881  1.25210531  1.00503993  0.00000000

--------------------------------------------------------------------------------
n=4
(result of R-step: (0,3:2)0.88507414)
V=[0, 1, 3, 4]
total successes of this branch: 1
Matrix on 4 elements:

0    0.00000000  0.48724025  0.16130447  0.58667343
1    0.48724025  0.00000000  0.58020573  0.97732881
3    0.16130447  0.58020573  0.00000000  0.45019047
4    0.58667343  0.97732881  0.45019047  0.00000000

--------------------------------------------------------------------------------
n=4
(result of R-step: (0,4:2)0.85476232)
V=[0, 1, 3, 4]
total successes of this branch: 0
Matrix on 4 elements:

0    0.00000000  0.49085169  0.71976537  0.14268458
1    0.49085169  0.00000000  1.13505520  0.52972853
3    0.71976537  1.13505520  0.00000000  0.55743965
4    0.14268458  0.52972853  0.55743965  0.00000000
reason of abort: no pseudometric
