n=8
V=[0, 1, 2, 3, 4, 5, 6, 7]
total successes of this branch: 1
Matrix on 8 elements:

0    0.00000000  3.36464120  2.18846972  2.18432007  3.33817806  3.13263982  1.47866229  0.90638584
1    3.36464120  0.00000000  3.23660121  3.23868536  1.81402597  1.57822468  3.31120089  3.34962594
2    2.18846972  3.23660121  0.00000000  1.93768585  3.21901372  2.82910510  2.08206760  2.15857364
3    2.18432007  3.23868536  1.93768585  0.00000000  3.22099327  2.98206149  1.66428565  2.03820466
4    3.33817806  1.81402597  3.21901372  3.22099327  0.00000000  2.09116166  3.28845911  3.32420840
5    3.13263982  1.57822468  2.82910510  2.98206149  2.09116166  0.00000000  3.06875273  3.11468930
6    1.47866229  3.31120089  2.08206760  1.66428565  3.28845911  3.06875273  0.00000000  1.25503523
7    0.90638584  3.34962594  2.15857364  2.03820466  3.32420840  3.11468930  1.25503523  0.00000000

--------------------------------------------------------------------------------
n=7
(result of R-step: (0,6:7)0.71902742)
V=[0, 1, 2, 3, 4, 5, 6]
total successes of this branch: 1
Matrix on 7 elements:

0    0.00000000  3.02326181  1.84709033  1.84294068  2.99679867  2.79126043  0.79590351
1    3.02326181  0.00000000  3.23660121  3.23868536  1.81402597  1.57822468  2.96982150
2    1.84709033  3.23660121  0.00000000  1.93768585  3.21901372  2.82910510  1.74068821
3    1.84294068  3.23868536  1.93768585  0.00000000  3.22099327  2.98206149  1.32290626
4    2.99679867  1.81402597  3.21901372  3.22099327  0.00000000  2.09116166  2.94707973
5    2.79126043  1.57822468  2.82910510  2.98206149  2.09116166  0.00000000  2.72737334
6    0.79590351  2.96982150  1.74068821  1.32290626  2.94707973  2.72737334  0.00000000

--------------------------------------------------------------------------------
n=6
(result of R-step: (0,3:6)0.57572185)
V=[0, 1, 2, 3, 4, 5]
total successes of this branch: 1
Matrix on 6 elements:

0    0.00000000  2.88532727  1.70915578  1.22569220  2.85886412  2.65332589
1    2.88532727  0.00000000  3.23660121  2.75937143  1.81402597  1.57822468
2    1.70915578  3.23660121  0.00000000  1.45837191  3.21901372  2.82910510
3    1.22569220  2.75937143  1.45837191  0.00000000  2.74167934  2.50274756
4    2.85886412  1.81402597  3.21901372  2.74167934  0.00000000  2.09116166
5    2.65332589  1.57822468  2.82910510  2.50274756  2.09116166  0.00000000

--------------------------------------------------------------------------------
n=5
(result of R-step: (1,2:5)0.80274868)
V=[0, 1, 2, 3, 4]
total successes of this branch: 1
Matrix on 5 elements:

0    0.00000000  2.29996298  1.12379149  1.22569220  2.85886412
1    2.29996298  0.00000000  2.06587264  2.17400714  1.22866169
2    1.12379149  2.06587264  0.00000000  0.87300763  2.63364943
3    1.22569220  2.17400714  0.87300763  0.00000000  2.74167934
4    2.85886412  1.22866169  2.63364943  2.74167934  0.00000000

--------------------------------------------------------------------------------
n=4
(result of R-step: (2,4:1)0.06565201)
V=[0, 2, 3, 4]
total successes of this branch: 1
Matrix on 4 elements:

0    0.00000000  0.74209927  1.22569220  2.05576534
2    0.74209927  0.00000000  0.49131541  1.44885843
3    1.22569220  0.49131541  0.00000000  1.93858056
4    2.05576534  1.44885843  1.93858056  0.00000000

--------------------------------------------------------------------------------
n=4
(result of R-step: (3,4:1)0.06962939)
V=[0, 2, 3, 4]
total successes of this branch: 0
Matrix on 4 elements:

0    0.00000000  1.12379149  0.73442230  2.06189967
2    1.12379149  0.00000000  0.38173773  1.83668498
3    0.73442230  0.38173773  0.00000000  1.45344498
4    2.06189967  1.83668498  1.45344498  0.00000000
reason of abort: no pseudometric
