n=8
V=[0, 1, 2, 3, 4, 5, 6, 7]
total successes of this branch: 1
Matrix on 8 elements:

0    0.00000000  2.20995501  1.95795627  2.13691368  1.78662990  1.49902136  1.51616478  2.19126829
1    2.20995501  0.00000000  2.15825303  1.84798691  2.20241342  2.14221150  2.20539287  0.63442113
2    1.95795627  2.15825303  0.00000000  2.12462171  1.92869766  1.98914825  1.94025683  2.14964887
3    2.13691368  1.84798691  2.12462171  0.00000000  2.13512069  1.99004267  2.13582905  1.43077183
4    1.78662990  2.20241342  1.92869766  2.13512069  0.00000000  1.85185108  1.37249285  2.18519741
5    1.49902136  2.14221150  1.98914825  1.99004267  1.85185108  0.00000000  1.71245898  2.10328099
6    1.51616478  2.20539287  1.94025683  2.13582905  1.37249285  1.71245898  0.00000000  2.18759583
7    2.19126829  0.63442113  2.14964887  1.43077183  2.18519741  2.10328099  2.18759583  0.00000000

--------------------------------------------------------------------------------
n=7
(result of R-step: (0,4:6)0.39506904)
V=[0, 1, 2, 3, 4, 5, 7]
total successes of this branch: 1
Matrix on 7 elements:

0    0.00000000  1.65894114  1.40694240  1.58589981  0.68460216  0.94800750  1.64025442
1    1.65894114  0.00000000  2.15825303  1.84798691  1.65139956  2.14221150  0.63442113
2    1.40694240  2.15825303  0.00000000  2.12462171  1.37768379  1.98914825  2.14964887
3    1.58589981  1.84798691  2.12462171  0.00000000  1.58410682  1.99004267  1.43077183
4    0.68460216  1.65139956  1.37768379  1.58410682  0.00000000  1.30083721  1.63418354
5    0.94800750  2.14221150  1.98914825  1.99004267  1.30083721  0.00000000  2.10328099
7    1.64025442  0.63442113  2.14964887  1.43077183  1.63418354  2.10328099  0.00000000

--------------------------------------------------------------------------------
n=6
(result of R-step: (1,3:7)0.74416239)
V=[0, 1, 2, 3, 4, 5]
total successes of this branch: 1
Matrix on 6 elements:

0    0.00000000  1.55033811  1.40694240  1.47729678  0.68460216  0.94800750
1    1.55033811  0.00000000  2.04965000  1.63078085  1.54279653  2.03360847
2    1.40694240  2.04965000  0.00000000  2.01601868  1.37768379  1.98914825
3    1.47729678  1.63078085  2.01601868  0.00000000  1.47550379  1.88143964
4    0.68460216  1.54279653  1.37768379  1.47550379  0.00000000  1.30083721
5    0.94800750  2.03360847  1.98914825  1.88143964  1.30083721  0.00000000

--------------------------------------------------------------------------------
n=5
(result of R-step: (0,3:5)0.81284675)
V=[0, 1, 2, 3, 4]
total successes of this branch: 1
Matrix on 5 elements:

0    0.00000000  1.42527680  1.28188109  0.78476332  0.55954085
1    1.42527680  0.00000000  2.04965000  1.06330870  1.54279653
2    1.28188109  2.04965000  0.00000000  1.44854653  1.37768379
3    0.78476332  1.06330870  1.44854653  0.00000000  0.90803165
4    0.55954085  1.54279653  1.37768379  0.90803165  0.00000000

--------------------------------------------------------------------------------
n=4
(result of R-step: (0,1:2)0.78096002)
V=[0, 1, 3, 4]
total successes of this branch: 0
Matrix on 4 elements:

0    0.00000000  0.42841185  0.54984870  0.32462623
1    0.42841185  0.00000000  0.30135838  0.78084620
3    0.54984870  0.30135838  0.00000000  0.90803165
4    0.32462623  0.78084620  0.90803165  0.00000000
reason of abort: no pseudometric

--------------------------------------------------------------------------------
n=4
(result of R-step: (0,3:2)0.72726115)
V=[0, 1, 3, 4]
total successes of this branch: 0
Matrix on 4 elements:

0    0.00000000  1.18825761  0.26409791  0.32252167
1    1.18825761  0.00000000  0.77966247  1.54279653
3    0.26409791  0.77966247  0.00000000  0.62438542
4    0.32252167  1.54279653  0.62438542  0.00000000
reason of abort: no pseudometric

--------------------------------------------------------------------------------
n=4
(result of R-step: (1,4:2)0.25592665)
V=[0, 1, 3, 4]
total successes of this branch: 1
Matrix on 4 elements:

0    0.00000000  0.64200380  0.78476332  0.23560390
1    0.64200380  0.00000000  0.28003570  0.43558658
3    0.78476332  0.28003570  0.00000000  0.58409470
4    0.23560390  0.43558658  0.58409470  0.00000000

--------------------------------------------------------------------------------
n=4
(result of R-step: (3,4:2)0.30578065)
V=[0, 1, 3, 4]
total successes of this branch: 0
Matrix on 4 elements:

0    0.00000000  1.42527680  0.51544965  0.23791793
1    1.42527680  0.00000000  0.79399503  1.22117360
3    0.51544965  0.79399503  0.00000000  0.31709505
4    0.23791793  1.22117360  0.31709505  0.00000000
reason of abort: no pseudometric
