n=8
V=[0, 1, 2, 3, 4, 5, 6, 7]
total successes of this branch: 1
Matrix on 8 elements:

0    0.00000000  3.40600886  3.08022403  2.69068001  2.39690304  2.38822516  2.66918250  3.09064010
1    3.40600886  0.00000000  3.24024611  3.33168163  3.37558248  2.99367724  3.33489413  3.14611154
2    3.08022403  3.24024611  0.00000000  2.76356665  2.95059808  3.12636168  2.77725291  0.39012207
3    2.69068001  3.33168163  2.76356665  0.00000000  2.48707189  2.87549394  1.22554194  2.78173056
4    2.39690304  3.37558248  2.95059808  2.48707189  0.00000000  2.67907642  2.38746924  2.96418579
5    2.38822516  2.99367724  3.12636168  2.87549394  2.67907642  0.00000000  2.86112083  3.12211946
6    2.66918250  3.33489413  2.77725291  1.22554194  2.38746924  2.86112083  0.00000000  2.79508196
7    3.09064010  3.14611154  0.39012207  2.78173056  2.96418579  3.12211946  2.79508196  0.00000000

--------------------------------------------------------------------------------
n=7
(result of R-step: (1,2:7)0.03197225)
V=[0, 1, 2, 3, 4, 5, 6]
total successes of this branch: 1
Matrix on 7 elements:

0    0.00000000  3.25801511  2.93223028  2.69068001  2.39690304  2.38822516  2.66918250
1    3.25801511  0.00000000  2.94425861  3.18368788  3.22758873  2.84568349  3.18690038
2    2.93223028  2.94425861  0.00000000  2.61557290  2.80260433  2.97836793  2.62925916
3    2.69068001  3.18368788  2.61557290  0.00000000  2.48707189  2.87549394  1.22554194
4    2.39690304  3.22758873  2.80260433  2.48707189  0.00000000  2.67907642  2.38746924
5    2.38822516  2.84568349  2.97836793  2.87549394  2.67907642  0.00000000  2.86112083
6    2.66918250  3.18690038  2.62925916  1.22554194  2.38746924  2.86112083  0.00000000

--------------------------------------------------------------------------------
n=6
(result of R-step: (0,1:5)0.71167946)
V=[0, 1, 2, 3, 4, 6]
total successes of this branch: 1
Matrix on 6 elements:

0    0.00000000  1.43011532  1.94428351  1.70273324  1.40895627  1.68123573
1    1.43011532  0.00000000  2.10430559  2.34373486  2.38763571  2.34694736
2    1.94428351  2.10430559  0.00000000  2.61557290  2.80260433  2.62925916
3    1.70273324  2.34373486  2.61557290  0.00000000  2.48707189  1.22554194
4    1.40895627  2.38763571  2.80260433  2.48707189  0.00000000  2.38746924
6    1.68123573  2.34694736  2.62925916  1.22554194  2.38746924  0.00000000

--------------------------------------------------------------------------------
n=5
(result of R-step: (0,2:1)0.29768735)
V=[0, 2, 3, 4, 6]
total successes of this branch: 1
Matrix on 5 elements:

0    0.00000000  0.74944675  1.59403255  1.30025558  1.57253504
2    0.74944675  0.00000000  1.52943682  1.71646825  1.54312309
3    1.59403255  1.52943682  0.00000000  2.48707189  1.22554194
4    1.30025558  1.71646825  2.48707189  0.00000000  2.38746924
6    1.57253504  1.54312309  1.22554194  2.38746924  0.00000000

--------------------------------------------------------------------------------
n=4
(result of R-step: (0,3:6)0.27847004)
V=[0, 2, 3, 4]
total successes of this branch: 0
Matrix on 4 elements:

0    0.00000000  0.40559888  0.86852243  0.95640771
2    0.40559888  0.00000000  1.14777457  1.71646825
3    0.86852243  1.14777457  0.00000000  2.10540963
4    0.95640771  1.71646825  2.10540963  0.00000000
reason of abort: no pseudometric

--------------------------------------------------------------------------------
n=4
(result of R-step: (3,4:6)0.92682370)
V=[0, 2, 3, 4]
total successes of this branch: 1
Matrix on 4 elements:

0    0.00000000  0.74944675  1.03106290  0.73728593
2    0.74944675  0.00000000  0.96646717  1.15349861
3    1.03106290  0.96646717  0.00000000  1.36113259
4    0.73728593  1.15349861  1.36113259  0.00000000
