n=8
V=[0, 1, 2, 3, 4, 5, 6, 7]
total successes of this branch: 1
Matrix on 8 elements:

0    0.00000000  1.70839852  1.67813267  1.61568094  1.70650941  1.61751201  1.63100654  1.70583950
1    1.70839852  0.00000000  1.51474930  1.34473659  1.22634516  1.33836412  1.52338282  0.55161957
2    1.67813267  1.51474930  0.00000000  1.54794209  1.49554951  1.54728657  0.66822331  1.51566542
3    1.61568094  1.34473659  1.54794209  0.00000000  1.35742012  1.02843375  1.55096211  1.33583072
4    1.70650941  1.22634516  1.49554951  1.35742012  0.00000000  1.35483153  1.50495480  1.22996285
5    1.61751201  1.33836412  1.54728657  1.02843375  1.35483153  0.00000000  1.55041745  1.31557063
6    1.63100654  1.52338282  0.66822331  1.55096211  1.50495480  1.55041745  0.00000000  1.52414401
7    1.70583950  0.55161957  1.51566542  1.33583072  1.22996285  1.31557063  1.52414401  0.00000000

--------------------------------------------------------------------------------
n=7
(result of R-step: (1,5:7)0.97184384)
V=[0, 1, 2, 3, 4, 5, 6]
total successes of this branch: 1
Matrix on 7 elements:

0    0.00000000  1.44398548  1.67813267  1.61568094  1.70650941  1.35309897  1.63100654
1    1.44398548  0.00000000  1.25033626  1.08032355  0.96193212  0.80953803  1.25896978
2    1.67813267  1.25033626  0.00000000  1.54794209  1.49554951  1.28287353  0.66822331
3    1.61568094  1.08032355  1.54794209  0.00000000  1.35742012  0.76402070  1.55096211
4    1.70650941  0.96193212  1.49554951  1.35742012  0.00000000  1.09041849  1.50495480
5    1.35309897  0.80953803  1.28287353  0.76402070  1.09041849  0.00000000  1.28600441
6    1.63100654  1.25896978  0.66822331  1.55096211  1.50495480  1.28600441  0.00000000

--------------------------------------------------------------------------------
n=6
(result of R-step: (1,3:5)0.01974888)
V=[0, 1, 2, 3, 4, 6]
total successes of this branch: 1
Matrix on 6 elements:

0    0.00000000  1.19736788  1.67813267  1.10465031  1.70650941  1.63100654
1    1.19736788  0.00000000  1.00371866  0.32267532  0.71531453  1.01235218
2    1.67813267  1.00371866  0.00000000  1.03691145  1.49554951  0.66822331
3    1.10465031  0.32267532  1.03691145  0.00000000  0.84638948  1.03993148
4    1.70650941  0.71531453  1.49554951  0.84638948  0.00000000  1.50495480
6    1.63100654  1.01235218  0.66822331  1.03993148  1.50495480  0.00000000

--------------------------------------------------------------------------------
n=5
(result of R-step: (3,4:1)0.12086684)
V=[0, 2, 3, 4, 6]
total successes of this branch: 1
Matrix on 5 elements:

0    0.00000000  1.67813267  1.04266896  1.10966534  1.63100654
2    1.67813267  0.00000000  0.97493011  0.89870544  0.66822331
3    1.04266896  0.97493011  0.00000000  0.18756407  0.97795013
4    1.10966534  0.89870544  0.18756407  0.00000000  0.90811073
6    1.63100654  0.66822331  0.97795013  0.90811073  0.00000000

--------------------------------------------------------------------------------
n=4
(result of R-step: (0,4:3)0.11295076)
V=[0, 2, 4, 6]
total successes of this branch: 1
Matrix on 4 elements:

0    0.00000000  1.36758408  0.75738358  1.32045795
2    1.36758408  0.00000000  0.85697227  0.66822331
4    0.75738358  0.85697227  0.00000000  0.86637756
6    1.32045795  0.66822331  0.86637756  0.00000000
