n=8
V=[0, 1, 2, 3, 4, 5, 6, 7]
total successes of this branch: 1
Matrix on 8 elements:

0    0.00000000  1.83577313  1.77277537  1.58824918  1.60456029  1.42271383  1.68574213  0.70071251
1    1.83577313  0.00000000  1.83351771  1.80263871  1.83461966  1.83521778  1.31601191  1.83082046
2    1.77277537  1.83351771  0.00000000  1.77994659  1.59669540  1.68800082  1.80104680  1.77384727
3    1.58824918  1.80263871  1.77994659  0.00000000  1.68628740  1.63545016  1.05377326  1.43227339
4    1.60456029  1.83461966  1.59669540  1.68628740  0.00000000  1.43572090  1.74471144  1.61677620
5    1.42271383  1.83521778  1.68800082  1.63545016  1.43572090  0.00000000  1.71413319  1.45451193
6    1.68574213  1.31601191  1.80104680  1.05377326  1.74471144  1.71413319  0.00000000  1.59128054
7    0.70071251  1.83082046  1.77384727  1.43227339  1.61677620  1.45451193  1.59128054  0.00000000

--------------------------------------------------------------------------------
n=7
(result of R-step: (0,3:7)0.85052810)
V=[0, 1, 2, 3, 4, 5, 6]
total successes of this branch: 1
Matrix on 7 elements:

0    0.00000000  1.56340477  1.50040701  1.04351246  1.33219193  1.15034547  1.41337377
1    1.56340477  0.00000000  1.83351771  1.53027035  1.83461966  1.83521778  1.31601191
2    1.50040701  1.83351771  0.00000000  1.50757823  1.59669540  1.68800082  1.80104680
3    1.04351246  1.53027035  1.50757823  0.00000000  1.41391904  1.36308180  0.78140490
4    1.33219193  1.83461966  1.59669540  1.41391904  0.00000000  1.43572090  1.74471144
5    1.15034547  1.83521778  1.68800082  1.36308180  1.43572090  0.00000000  1.71413319
6    1.41337377  1.31601191  1.80104680  0.78140490  1.74471144  1.71413319  0.00000000

--------------------------------------------------------------------------------
n=6
(result of R-step: (1,3:6)0.39387281)
V=[0, 1, 2, 3, 4, 5]
total successes of this branch: 1
Matrix on 6 elements:

0    0.00000000  1.27983154  1.50040701  1.03230759  1.33219193  1.15034547
1    1.27983154  0.00000000  1.54994448  1.23549225  1.55104643  1.55164455
2    1.50040701  1.54994448  0.00000000  1.49637336  1.59669540  1.68800082
3    1.03230759  1.23549225  1.49637336  0.00000000  1.40271417  1.35187693
4    1.33219193  1.55104643  1.59669540  1.40271417  0.00000000  1.43572090
5    1.15034547  1.55164455  1.68800082  1.35187693  1.43572090  0.00000000

--------------------------------------------------------------------------------
n=5
(result of R-step: (2,3:1)0.36185738)
V=[0, 2, 3, 4, 5]
total successes of this branch: 1
Matrix on 5 elements:

0    0.00000000  0.78616685  0.54975105  1.33219193  1.15034547
2    0.78616685  0.00000000  0.29957666  0.88245524  0.97376066
3    0.54975105  0.29957666  0.00000000  0.92015763  0.86932039
4    1.33219193  0.88245524  0.92015763  0.00000000  1.43572090
5    1.15034547  0.97376066  0.86932039  1.43572090  0.00000000

--------------------------------------------------------------------------------
n=4
(result of R-step: (0,2:3)0.52037960)
V=[0, 2, 4, 5]
total successes of this branch: 1
Matrix on 4 elements:

0    0.00000000  0.34110677  0.97762307  0.79577661
2    0.34110677  0.00000000  0.79196402  0.88326944
4    0.97762307  0.79196402  0.00000000  1.43572090
5    0.79577661  0.88326944  1.43572090  0.00000000

--------------------------------------------------------------------------------
n=4
(result of R-step: (4,5:3)0.26940904)
V=[0, 2, 4, 5]
total successes of this branch: 0
reason of abort: negative delta/dxy
