n=8
V=[0, 1, 2, 3, 4, 5, 6, 7]
total successes of this branch: 2
Matrix on 8 elements:

0    0.00000000  1.63217588  1.59037634  1.58250504  1.48536347  1.62018212  1.41603440  0.62121144
1    1.63217588  0.00000000  1.61952735  1.26765572  1.34373781  1.21569767  1.37914648  1.62828893
2    1.59037634  1.61952735  0.00000000  1.61603149  1.61067679  1.45702759  1.60818470  1.16041983
3    1.58250504  1.26765572  1.61603149  0.00000000  1.21422742  1.36761694  1.25943719  1.59280787
4    1.48536347  1.34373781  1.61067679  1.21422742  0.00000000  1.42033195  0.98993988  1.52387283
5    1.62018212  1.21569767  1.45702759  1.36761694  1.42033195  0.00000000  1.44486557  1.57004398
6    1.41603440  1.37914648  1.60818470  1.25943719  0.98993988  1.44486557  0.00000000  1.47508308
7    0.62121144  1.62828893  1.16041983  1.59280787  1.52387283  1.57004398  1.47508308  0.00000000

--------------------------------------------------------------------------------
n=7
(result of R-step: (0,2:7)0.69269536)
V=[0, 1, 2, 3, 4, 5, 6]
total successes of this branch: 2
Matrix on 7 elements:

0    0.00000000  1.53654841  1.39912140  1.48687757  1.38973599  1.52455465  1.32040693
1    1.53654841  0.00000000  1.52389988  1.26765572  1.34373781  1.21569767  1.37914648
2    1.39912140  1.52389988  0.00000000  1.52040402  1.51504932  1.36140012  1.51255723
3    1.48687757  1.26765572  1.52040402  0.00000000  1.21422742  1.36761694  1.25943719
4    1.38973599  1.34373781  1.51504932  1.21422742  0.00000000  1.42033195  0.98993988
5    1.52455465  1.21569767  1.36140012  1.36761694  1.42033195  0.00000000  1.44486557
6    1.32040693  1.37914648  1.51255723  1.25943719  0.98993988  1.44486557  0.00000000

--------------------------------------------------------------------------------
n=6
(result of R-step: (0,4:6)0.12276005)
V=[0, 1, 2, 3, 4, 5]
total successes of this branch: 2
Matrix on 6 elements:

0    0.00000000  1.17187047  1.03444346  1.12219963  0.56475265  1.15987672
1    1.17187047  0.00000000  1.52389988  1.26765572  0.88343240  1.21569767
2    1.03444346  1.52389988  0.00000000  1.52040402  1.05474391  1.36140012
3    1.12219963  1.26765572  1.52040402  0.00000000  0.75392201  1.36761694
4    0.56475265  0.88343240  1.05474391  0.75392201  0.00000000  0.96002654
5    1.15987672  1.21569767  1.36140012  1.36761694  0.96002654  0.00000000

--------------------------------------------------------------------------------
n=5
(result of R-step: (1,2:5)0.71306496)
V=[0, 1, 2, 3, 4]
total successes of this branch: 2
Matrix on 5 elements:

0    0.00000000  0.64527151  0.60347197  1.12219963  0.56475265
1    0.64527151  0.00000000  0.56632944  0.74105677  0.35683344
2    0.60347197  0.56632944  0.00000000  1.08943253  0.62377242
3    1.12219963  0.74105677  1.08943253  0.00000000  0.75392201
4    0.56475265  0.35683344  0.62377242  0.75392201  0.00000000

--------------------------------------------------------------------------------
n=4
(result of R-step: (0,2:3)0.32311644)
V=[0, 1, 2, 4]
total successes of this branch: 0
reason of abort: negative delta/dxy

--------------------------------------------------------------------------------
n=4
(result of R-step: (0,3:1)0.42458983)
V=[0, 2, 3, 4]
total successes of this branch: 0
Matrix on 4 elements:

0    0.00000000  0.23097646  0.24454152  0.19225713
2    0.23097646  0.00000000  0.58426993  0.62377242
3    0.24454152  0.58426993  0.00000000  0.24875941
4    0.19225713  0.62377242  0.24875941  0.00000000
reason of abort: no pseudometric

--------------------------------------------------------------------------------
n=4
(result of R-step: (0,4:1)0.11472016)
V=[0, 2, 3, 4]
total successes of this branch: 0
reason of abort: negative delta/dxy

--------------------------------------------------------------------------------
n=4
(result of R-step: (1,4:3)0.66530621)
V=[0, 1, 2, 4]
total successes of this branch: 1
Matrix on 4 elements:

0    0.00000000  0.55677877  0.60347197  0.54586789
1    0.55677877  0.00000000  0.47783669  0.24945594
2    0.60347197  0.47783669  0.00000000  0.60488767
4    0.54586789  0.24945594  0.60488767  0.00000000

--------------------------------------------------------------------------------
n=4
(result of R-step: (2,3:1)0.20546592)
V=[0, 2, 3, 4]
total successes of this branch: 1
Matrix on 4 elements:

0    0.00000000  0.43048603  0.56365671  0.56475265
2    0.43048603  0.00000000  0.35790367  0.45078648
3    0.56365671  0.35790367  0.00000000  0.19537909
4    0.56475265  0.45078648  0.19537909  0.00000000
