n=8
V=[0, 1, 2, 3, 4, 5, 6, 7]
total successes of this branch: 1
Matrix on 8 elements:

0    0.00000000  1.10523452  1.09487695  1.06070601  1.09654360  1.06262856  1.06214655  1.08352060
1    1.10523452  0.00000000  1.10335363  1.10365923  1.05478216  1.10364204  1.10364635  1.10345519
2    1.09487695  1.10335363  0.00000000  0.91873881  0.85007316  0.90154324  0.90585440  0.41281400
3    1.06070601  1.10365923  0.91873881  0.00000000  0.94849464  0.63030485  0.58614983  0.81716604
4    1.09654360  1.05478216  0.85007316  0.94849464  0.00000000  0.94295717  0.94434549  0.88278251
5    1.06262856  1.10364204  0.90154324  0.63030485  0.94295717  0.00000000  0.49834257  0.63588305
6    1.06214655  1.10364635  0.90585440  0.58614983  0.94434549  0.49834257  0.00000000  0.76234805
7    1.08352060  1.10345519  0.41281400  0.81716604  0.88278251  0.63588305  0.76234805  0.00000000

--------------------------------------------------------------------------------
n=7
(result of R-step: (2,5:7)0.64784741)
V=[0, 1, 2, 3, 4, 5, 6]
total successes of this branch: 1
Matrix on 7 elements:

0    0.00000000  1.10523452  1.02130004  1.06070601  1.09654360  0.98905165  1.06214655
1    1.10523452  0.00000000  1.02977672  1.10365923  1.05478216  1.03006513  1.10364635
2    1.02130004  1.02977672  0.00000000  0.84516190  0.77649625  0.75438942  0.83227749
3    1.06070601  1.10365923  0.84516190  0.00000000  0.94849464  0.55672794  0.58614983
4    1.09654360  1.05478216  0.77649625  0.94849464  0.00000000  0.86938027  0.94434549
5    0.98905165  1.03006513  0.75438942  0.55672794  0.86938027  0.00000000  0.42476566
6    1.06214655  1.10364635  0.83227749  0.58614983  0.94434549  0.42476566  0.00000000

--------------------------------------------------------------------------------
n=6
(result of R-step: (3,5:6)0.25071371)
V=[0, 1, 2, 3, 4, 5]
total successes of this branch: 1
Matrix on 6 elements:

0    0.00000000  1.10523452  1.02130004  0.83361224  1.09654360  0.83553479
1    1.10523452  0.00000000  1.02977672  0.87656546  1.05478216  0.87654827
2    1.02130004  1.02977672  0.00000000  0.61806813  0.77649625  0.60087256
3    0.83361224  0.87656546  0.61806813  0.00000000  0.72140087  0.17611730
4    1.09654360  1.05478216  0.77649625  0.72140087  0.00000000  0.71586340
5    0.83553479  0.87654827  0.60087256  0.17611730  0.71586340  0.00000000

--------------------------------------------------------------------------------
n=5
(result of R-step: (2,3:5)0.05626279)
V=[0, 1, 2, 3, 4]
total successes of this branch: 1
Matrix on 5 elements:

0    0.00000000  1.10523452  0.78832231  0.75415137  1.09654360
1    1.10523452  0.00000000  0.79679899  0.79710459  1.05478216
2    0.78832231  0.79679899  0.00000000  0.30562953  0.54351852
3    0.75415137  0.79710459  0.30562953  0.00000000  0.64194000
4    1.09654360  1.05478216  0.54351852  0.64194000  0.00000000

--------------------------------------------------------------------------------
n=4
(result of R-step: (3,4:2)0.59302741)
V=[0, 1, 3, 4]
total successes of this branch: 1
Matrix on 4 elements:

0    0.00000000  1.10523452  0.62806036  0.76727841
1    1.10523452  0.00000000  0.67101358  0.72551696
3    0.62806036  0.67101358  0.00000000  0.18658379
4    0.76727841  0.72551696  0.18658379  0.00000000
