n=8
V=[0, 1, 2, 3, 4, 5, 6, 7]
total successes of this branch: 1
Matrix on 8 elements:

0    0.00000000  2.57941373  2.56077960  2.51283604  2.53919919  2.49884098  2.57223765  2.52372270
1    2.57941373  0.00000000  2.54340854  2.55859777  2.55024553  1.94206778  1.26921511  1.44397839
2    2.56077960  2.54340854  0.00000000  2.49507576  2.17837994  2.54535811  1.74539144  2.54475606
3    2.51283604  2.55859777  2.49507576  0.00000000  2.23583419  2.55346189  2.53413517  2.55504790
4    2.53919919  2.55024553  2.17837994  2.23583419  0.00000000  2.54900579  2.40703851  2.54938863
5    2.49884098  1.94206778  2.54535811  2.55346189  2.54900579  0.00000000  2.17439745  0.82722892
6    2.57223765  1.26921511  1.74539144  2.53413517  2.40703851  2.17439745  0.00000000  1.89486752
7    2.52372270  1.44397839  2.54475606  2.55504790  2.54938863  0.82722892  1.89486752  0.00000000

--------------------------------------------------------------------------------
n=7
(result of R-step: (1,5:7)0.30881063)
V=[0, 1, 2, 3, 4, 5, 6]
total successes of this branch: 1
Matrix on 7 elements:

0    0.00000000  2.41484397  2.56077960  2.51283604  2.53919919  2.33427121  2.57223765
1    2.41484397  0.00000000  2.37883877  2.39402801  2.38567576  1.61292824  1.10464534
2    2.56077960  2.37883877  0.00000000  2.49507576  2.17837994  2.38078834  1.74539144
3    2.51283604  2.39402801  2.49507576  0.00000000  2.23583419  2.38889212  2.53413517
4    2.53919919  2.38567576  2.17837994  2.23583419  0.00000000  2.38443602  2.40703851
5    2.33427121  1.61292824  2.38078834  2.38889212  2.38443602  0.00000000  2.00982768
6    2.57223765  1.10464534  1.74539144  2.53413517  2.40703851  2.00982768  0.00000000

--------------------------------------------------------------------------------
n=6
(result of R-step: (1,2:6)0.61489574)
V=[0, 1, 2, 3, 4, 5]
total successes of this branch: 1
Matrix on 6 elements:

0    0.00000000  2.34381473  2.32518059  2.51283604  2.53919919  2.33427121
1    2.34381473  0.00000000  2.07221053  2.32299877  2.31464653  1.54189901
2    2.32518059  2.07221053  0.00000000  2.25947676  1.94278094  2.14518934
3    2.51283604  2.32299877  2.25947676  0.00000000  2.23583419  2.38889212
4    2.53919919  2.31464653  1.94278094  2.23583419  0.00000000  2.38443602
5    2.33427121  1.54189901  2.14518934  2.38889212  2.38443602  0.00000000

--------------------------------------------------------------------------------
n=5
(result of R-step: (2,3:4)0.54987890)
V=[0, 1, 2, 3, 5]
total successes of this branch: 1
Matrix on 5 elements:

0    0.00000000  2.34381473  1.60121041  1.55326685  2.33427121
1    2.34381473  0.00000000  1.34824034  1.36342958  1.54189901
2    1.60121041  1.34824034  0.00000000  0.57593738  1.42121915
3    1.55326685  1.36342958  0.57593738  0.00000000  1.42932293
5    2.33427121  1.54189901  1.42121915  1.42932293  0.00000000

--------------------------------------------------------------------------------
n=4
(result of R-step: (0,2:3)0.08586111)
V=[0, 1, 2, 5]
total successes of this branch: 1
Matrix on 4 elements:

0    0.00000000  1.41306722  0.39219689  1.40352370
1    1.41306722  0.00000000  1.06997433  1.54189901
2    0.39219689  1.06997433  0.00000000  1.14295314
5    1.40352370  1.54189901  1.14295314  0.00000000

--------------------------------------------------------------------------------
n=4
(result of R-step: (1,5:3)0.77890932)
V=[0, 1, 2, 5]
total successes of this branch: 0
reason of abort: negative delta/dxy
