n=8
V=[0, 1, 2, 3, 4, 5, 6, 7]
total successes of this branch: 1
Matrix on 8 elements:

0    0.00000000  1.12802502  1.04905395  1.03647298  1.11387055  1.12189030  1.04368294  1.07551751
1    1.12802502  0.00000000  0.98903451  0.77700040  0.50695500  0.47617958  0.75184436  0.64077138
2    1.04905395  0.98903451  0.00000000  1.00145022  0.99095405  0.98986646  1.00047245  0.99615525
3    1.03647298  0.77700040  1.00145022  0.00000000  0.72761452  0.75559595  0.32255532  0.50627556
4    1.11387055  0.50695500  0.99095405  0.72761452  0.00000000  0.48341328  0.68600516  0.48531921
5    1.12189030  0.47617958  0.98986646  0.75559595  0.48341328  0.00000000  0.73024081  0.61828874
6    1.04368294  0.75184436  1.00047245  0.32255532  0.68600516  0.73024081  0.00000000  0.44422659
7    1.07551751  0.64077138  0.99615525  0.50627556  0.48531921  0.61828874  0.44422659  0.00000000

--------------------------------------------------------------------------------
n=7
(result of R-step: (4,6:7)0.45356393)
V=[0, 1, 2, 3, 4, 5, 6]
total successes of this branch: 1
Matrix on 7 elements:

0    0.00000000  1.12802502  1.04905395  1.03647298  0.99210023  1.12189030  0.92191262
1    1.12802502  0.00000000  0.98903451  0.77700040  0.38518468  0.47617958  0.63007404
2    1.04905395  0.98903451  0.00000000  1.00145022  0.86918373  0.98986646  0.87870213
3    1.03647298  0.77700040  1.00145022  0.00000000  0.60584420  0.75559595  0.20078500
4    0.99210023  0.38518468  0.86918373  0.60584420  0.00000000  0.36164296  0.44246452
5    1.12189030  0.47617958  0.98986646  0.75559595  0.36164296  0.00000000  0.60847049
6    0.92191262  0.63007404  0.87870213  0.20078500  0.44246452  0.60847049  0.00000000

--------------------------------------------------------------------------------
n=6
(result of R-step: (3,4:6)0.90684512)
V=[0, 1, 2, 3, 4, 5]
total successes of this branch: 1
Matrix on 6 elements:

0    0.00000000  1.12802502  1.04905395  0.89599999  0.97339757  1.12189030
1    1.12802502  0.00000000  0.98903451  0.63652742  0.36648202  0.47617958
2    1.04905395  0.98903451  0.00000000  0.86097723  0.85048107  0.98986646
3    0.89599999  0.63652742  0.86097723  0.00000000  0.44666855  0.61512296
4    0.97339757  0.36648202  0.85048107  0.44666855  0.00000000  0.34294030
5    1.12189030  0.47617958  0.98986646  0.61512296  0.34294030  0.00000000

--------------------------------------------------------------------------------
n=5
(result of R-step: (1,4:5)0.56658765)
V=[0, 1, 2, 3, 4]
total successes of this branch: 1
Matrix on 5 elements:

0    0.00000000  0.90170608  1.04905395  0.89599999  0.88755162
1    0.90170608  0.00000000  0.76271558  0.41020849  0.05431714
2    1.04905395  0.76271558  0.00000000  0.86097723  0.76463512
3    0.89599999  0.41020849  0.86097723  0.00000000  0.36082260
4    0.88755162  0.05431714  0.76463512  0.36082260  0.00000000

--------------------------------------------------------------------------------
n=4
(result of R-step: (0,1:2)0.74702685)
V=[0, 1, 3, 4]
total successes of this branch: 1
Matrix on 4 elements:

0    0.00000000  0.40857732  0.40533686  0.39688849
1    0.40857732  0.00000000  0.40774286  0.05185151
3    0.40533686  0.40774286  0.00000000  0.36082260
4    0.39688849  0.05185151  0.36082260  0.00000000

--------------------------------------------------------------------------------
n=4
(result of R-step: (0,4:2)0.66699584)
V=[0, 1, 3, 4]
total successes of this branch: 0
Matrix on 4 elements:

0    0.00000000  0.44420546  0.43849937  0.38583482
1    0.44420546  0.00000000  0.41020849  0.01010096
3    0.43849937  0.41020849  0.00000000  0.31660643
4    0.38583482  0.01010096  0.31660643  0.00000000
reason of abort: no pseudometric
