n=8
V=[0, 1, 2, 3, 4, 5, 6, 7]
total successes of this branch: 1
Matrix on 8 elements:

0    0.00000000  1.57594168  1.56827473  1.55923956  1.38274693  1.57035695  1.43439688  1.56840338
1    1.57594168  0.00000000  1.53918630  1.46152314  1.54696799  1.25166201  1.47250622  1.52142136
2    1.56827473  1.53918630  0.00000000  1.54289158  0.87749595  0.76801876  1.54532812  0.14893388
3    1.55923956  1.46152314  1.54289158  0.00000000  1.54635270  1.52079317  0.38350727  1.54152621
4    1.38274693  1.54696799  0.87749595  1.54635270  0.00000000  1.05931418  1.53064812  0.88872974
5    1.57035695  1.25166201  0.76801876  1.52079317  1.05931418  0.00000000  1.52555082  0.72724907
6    1.43439688  1.47250622  1.54532812  0.38350727  1.53064812  1.52555082  0.00000000  1.54410616
7    1.56840338  1.52142136  0.14893388  1.54152621  0.88872974  0.72724907  1.54410616  0.00000000

--------------------------------------------------------------------------------
n=7
(result of R-step: (0,3:6)0.09599037)
V=[0, 1, 2, 3, 4, 5, 7]
total successes of this branch: 1
Matrix on 7 elements:

0    0.00000000  1.44660938  1.43894243  1.30057496  1.25341463  1.44102466  1.43907109
1    1.44660938  0.00000000  1.53918630  1.33219084  1.54696799  1.25166201  1.52142136
2    1.43894243  1.53918630  0.00000000  1.41355928  0.87749595  0.76801876  0.14893388
3    1.30057496  1.33219084  1.41355928  0.00000000  1.41702040  1.39146087  1.41219391
4    1.25341463  1.54696799  0.87749595  1.41702040  0.00000000  1.05931418  0.88872974
5    1.44102466  1.25166201  0.76801876  1.39146087  1.05931418  0.00000000  0.72724907
7    1.43907109  1.52142136  0.14893388  1.41219391  0.88872974  0.72724907  0.00000000

--------------------------------------------------------------------------------
n=6
(result of R-step: (2,5:7)0.93821413)
V=[0, 1, 2, 3, 4, 5]
total successes of this branch: 1
Matrix on 6 elements:

0    0.00000000  1.44660938  1.38486034  1.30057496  1.25341463  1.38694256
1    1.44660938  0.00000000  1.48510420  1.33219084  1.54696799  1.19757991
2    1.38486034  1.48510420  0.00000000  1.35947718  0.82341385  0.65985457
3    1.30057496  1.33219084  1.35947718  0.00000000  1.41702040  1.33737878
4    1.25341463  1.54696799  0.82341385  1.41702040  0.00000000  1.00523208
5    1.38694256  1.19757991  0.65985457  1.33737878  1.00523208  0.00000000

--------------------------------------------------------------------------------
n=5
(result of R-step: (1,2:5)0.27158450)
V=[0, 1, 2, 3, 4]
total successes of this branch: 1
Matrix on 5 elements:

0    0.00000000  1.20636214  1.19869520  1.30057496  1.25341463
1    1.20636214  0.00000000  1.05869183  1.09194360  1.30672075
2    1.19869520  1.05869183  0.00000000  1.17331204  0.63724871
3    1.30057496  1.09194360  1.17331204  0.00000000  1.41702040
4    1.25341463  1.30672075  0.63724871  1.41702040  0.00000000

--------------------------------------------------------------------------------
n=4
(result of R-step: (0,1:3)0.02235050)
V=[0, 1, 2, 4]
total successes of this branch: 1
Matrix on 4 elements:

0    0.00000000  0.50206641  0.98204342  1.03676286
1    0.50206641  0.00000000  0.57104787  0.81907680
2    0.98204342  0.57104787  0.00000000  0.63724871
4    1.03676286  0.81907680  0.63724871  0.00000000
