n=8
V=[0, 1, 2, 3, 4, 5, 6, 7]
total successes of this branch: 1
Matrix on 8 elements:

0    0.00000000  1.68123762  1.50754743  1.17601788  1.51724568  0.95687510  1.51138896  1.30435067
1    1.68123762  0.00000000  1.32356054  1.64079882  1.28317489  1.65278911  1.30756358  0.48114135
2    1.50754743  1.32356054  0.00000000  1.46528690  0.64066192  1.47781734  0.44445257  1.36753201
3    1.17601788  1.64079882  1.46528690  0.00000000  1.47508687  0.65607301  1.46916872  1.52971972
4    1.51724568  1.28317489  0.64066192  1.47508687  0.00000000  1.48758715  0.51196490  1.33911602
5    0.95687510  1.65278911  1.47781734  0.65607301  1.48758715  0.00000000  1.48168721  1.48647097
6    1.51138896  1.30756358  0.44445257  1.46916872  0.51196490  1.48168721  0.00000000  1.35627629
7    1.30435067  0.48114135  1.36753201  1.52971972  1.33911602  1.48647097  1.35627629  0.00000000

--------------------------------------------------------------------------------
n=7
(result of R-step: (0,1:7)0.23899237)
V=[0, 1, 2, 3, 4, 5, 6]
total successes of this branch: 1
Matrix on 7 elements:

0    0.00000000  1.57698323  1.45542023  1.12389068  1.46511849  0.90474791  1.45926176
1    1.57698323  0.00000000  1.27143335  1.58867162  1.23104769  1.60066191  1.25543639
2    1.45542023  1.27143335  0.00000000  1.46528690  0.64066192  1.47781734  0.44445257
3    1.12389068  1.58867162  1.46528690  0.00000000  1.47508687  0.65607301  1.46916872
4    1.46511849  1.23104769  0.64066192  1.47508687  0.00000000  1.48758715  0.51196490
5    0.90474791  1.60066191  1.47781734  0.65607301  1.48758715  0.00000000  1.48168721
6    1.45926176  1.25543639  0.44445257  1.46916872  0.51196490  1.48168721  0.00000000

--------------------------------------------------------------------------------
n=6
(result of R-step: (0,3:5)0.29650445)
V=[0, 1, 2, 3, 4, 6]
total successes of this branch: 1
Matrix on 6 elements:

0    0.00000000  1.41064531  1.28908231  0.73908764  1.29878056  1.29292384
1    1.41064531  0.00000000  1.27143335  1.37020651  1.23104769  1.25543639
2    1.28908231  1.27143335  0.00000000  1.24682178  0.64066192  0.44445257
3    0.73908764  1.37020651  1.24682178  0.00000000  1.25662175  1.25070360
4    1.29878056  1.23104769  0.64066192  1.25662175  0.00000000  0.51196490
6    1.29292384  1.25543639  0.44445257  1.25070360  0.51196490  0.00000000

--------------------------------------------------------------------------------
n=5
(result of R-step: (2,4:6)0.60389505)
V=[0, 1, 2, 3, 4]
total successes of this branch: 1
Matrix on 5 elements:

0    0.00000000  1.41064531  1.13120454  0.73908764  1.14090279
1    1.41064531  0.00000000  1.11355557  1.37020651  1.07316991
2    1.13120454  1.11355557  0.00000000  1.08894401  0.32490637
3    0.73908764  1.37020651  1.08894401  0.00000000  1.09874398
4    1.14090279  1.07316991  0.32490637  1.09874398  0.00000000

--------------------------------------------------------------------------------
n=4
(result of R-step: (0,2:3)0.99668532)
V=[0, 1, 2, 4]
total successes of this branch: 1
Matrix on 4 elements:

0    0.00000000  1.02196089  0.60025977  0.75221837
1    1.02196089  0.00000000  0.97129522  1.07316991
2    0.60025977  0.97129522  0.00000000  0.18264601
4    0.75221837  1.07316991  0.18264601  0.00000000

--------------------------------------------------------------------------------
n=4
(result of R-step: (0,4:3)0.99611425)
V=[0, 1, 2, 4]
total successes of this branch: 0
Matrix on 4 elements:

0    0.00000000  1.02224516  0.74280439  0.57211163
1    1.02224516  0.00000000  1.11355557  0.89277889
2    0.74280439  1.11355557  0.00000000  0.14451535
4    0.57211163  0.89277889  0.14451535  0.00000000
reason of abort: no pseudometric
