n=8
V=[0, 1, 2, 3, 4, 5, 6, 7]
total successes of this branch: 1
Matrix on 8 elements:

0    0.00000000  1.85802846  1.75097965  1.84312484  1.07638710  1.85374948  1.79327791  1.84583492
1    1.85802846  0.00000000  1.73174397  1.25399939  1.72807638  0.62447884  1.51244046  1.09342475
2    1.75097965  1.73174397  0.00000000  1.65447331  1.74823751  1.70955878  0.95405138  1.66852421
3    1.84312484  1.25399939  1.65447331  0.00000000  1.75914215  1.00046549  1.06012122  0.44076199
4    1.07638710  1.72807638  1.74823751  1.75914215  0.00000000  1.73699568  1.75324316  1.75349315
5    1.85374948  0.62447884  1.70955878  1.00046549  1.73699568  0.00000000  1.38405713  0.80881400
6    1.79327791  1.51244046  0.95405138  1.06012122  1.75324316  1.38405713  0.00000000  1.14274901
7    1.84583492  1.09342475  1.66852421  0.44076199  1.75349315  0.80881400  1.14274901  0.00000000

--------------------------------------------------------------------------------
n=7
(result of R-step: (3,5:7)0.74492550)
V=[0, 1, 2, 3, 4, 5, 6]
total successes of this branch: 1
Matrix on 7 elements:

0    0.00000000  1.85802846  1.75097965  1.71856959  1.07638710  1.72919423  1.79327791
1    1.85802846  0.00000000  1.73174397  1.12944414  1.72807638  0.49992359  1.51244046
2    1.75097965  1.73174397  0.00000000  1.52991806  1.74823751  1.58500353  0.95405138
3    1.71856959  1.12944414  1.52991806  0.00000000  1.63458690  0.75135500  0.93556597
4    1.07638710  1.72807638  1.74823751  1.63458690  0.00000000  1.61244043  1.75324316
5    1.72919423  0.49992359  1.58500353  0.75135500  1.61244043  0.00000000  1.25950188
6    1.79327791  1.51244046  0.95405138  0.93556597  1.75324316  1.25950188  0.00000000

--------------------------------------------------------------------------------
n=6
(result of R-step: (2,3:6)0.54096075)
V=[0, 1, 2, 3, 4, 5]
total successes of this branch: 1
Matrix on 6 elements:

0    0.00000000  1.85802846  1.57113000  1.66327520  1.07638710  1.72919423
1    1.85802846  0.00000000  1.55189432  1.07414974  1.72807638  0.49992359
2    1.57113000  1.55189432  0.00000000  1.29477401  1.56838786  1.40515388
3    1.66327520  1.07414974  1.29477401  0.00000000  1.57929250  0.69606060
4    1.07638710  1.72807638  1.56838786  1.57929250  0.00000000  1.61244043
5    1.72919423  0.49992359  1.40515388  0.69606060  1.61244043  0.00000000

--------------------------------------------------------------------------------
n=5
(result of R-step: (2,4:0)0.42432059)
V=[1, 2, 3, 4, 5]
total successes of this branch: 1
Matrix on 5 elements:

1    0.00000000  1.00568980  1.07414974  1.54900269  0.49992359
2    1.00568980  0.00000000  0.74856949  0.84310964  0.85894936
3    1.07414974  0.74856949  0.00000000  1.40021880  0.69606060
4    1.54900269  0.84310964  1.40021880  0.00000000  1.43336674
5    0.49992359  0.85894936  0.69606060  1.43336674  0.00000000

--------------------------------------------------------------------------------
n=4
(result of R-step: (1,2:4)0.11281224)
V=[1, 2, 3, 5]
total successes of this branch: 1
Matrix on 4 elements:

1    0.00000000  0.75555478  0.88867727  0.31445112
2    0.75555478  0.00000000  0.68390694  0.79428681
3    0.88867727  0.68390694  0.00000000  0.69606060
5    0.31445112  0.79428681  0.69606060  0.00000000

--------------------------------------------------------------------------------
n=4
(result of R-step: (2,5:4)0.76098250)
V=[1, 2, 3, 5]
total successes of this branch: 0
reason of abort: negative delta/dxy
