n=8
V=[0, 1, 2, 3, 4, 5, 6, 7]
total successes of this branch: 1
Matrix on 8 elements:

0    0.00000000  2.59464800  2.44950747  2.37498466  2.58262247  2.51028407  2.44161214  2.55878423
1    2.59464800  0.00000000  2.44569834  2.17640476  1.94088118  1.63417491  2.44625122  0.69499746
2    2.44950747  2.44569834  0.00000000  2.44701002  2.40009346  2.44620210  0.33036140  2.44591249
3    2.37498466  2.17640476  2.44701002  0.00000000  2.19882560  1.83830540  2.44674267  2.03267606
4    2.58262247  1.94088118  2.40009346  2.19882560  0.00000000  2.03994735  2.40077099  1.98299499
5    2.51028407  1.63417491  2.44620210  1.83830540  2.03994735  0.00000000  2.44643997  0.93969378
6    2.44161214  2.44625122  0.33036140  2.44674267  2.40077099  2.44643997  0.00000000  2.44633146
7    2.55878423  0.69499746  2.44591249  2.03267606  1.98299499  0.93969378  2.44633146  0.00000000

--------------------------------------------------------------------------------
n=7
(result of R-step: (0,2:6)0.00371188)
V=[0, 1, 2, 3, 4, 5, 7]
total successes of this branch: 1
Matrix on 7 elements:

0    0.00000000  2.43341496  2.12704139  2.21375162  2.42138943  2.34905103  2.39755119
1    2.43341496  0.00000000  2.28446530  2.17640476  1.94088118  1.63417491  0.69499746
2    2.12704139  2.28446530  0.00000000  2.28577698  2.23886042  2.28496907  2.28467946
3    2.21375162  2.17640476  2.28577698  0.00000000  2.19882560  1.83830540  2.03267606
4    2.42138943  1.94088118  2.23886042  2.19882560  0.00000000  2.03994735  1.98299499
5    2.34905103  1.63417491  2.28496907  1.83830540  2.03994735  0.00000000  0.93969378
7    2.39755119  0.69499746  2.28467946  2.03267606  1.98299499  0.93969378  0.00000000

--------------------------------------------------------------------------------
n=6
(result of R-step: (0,4:2)0.53732950)
V=[0, 1, 3, 4, 5, 7]
total successes of this branch: 1
Matrix on 6 elements:

0    0.00000000  1.57006692  1.35040357  0.62990219  1.48570298  1.53420315
1    1.57006692  0.00000000  2.17640476  1.01274198  1.63417491  0.69499746
3    1.35040357  2.17640476  0.00000000  1.27068639  1.83830540  2.03267606
4    0.62990219  1.01274198  1.27068639  0.00000000  1.11180815  1.05485579
5    1.48570298  1.63417491  1.83830540  1.11180815  0.00000000  0.93969378
7    1.53420315  0.69499746  2.03267606  1.05485579  0.93969378  0.00000000

--------------------------------------------------------------------------------
n=5
(result of R-step: (3,4:0)0.41958958)
V=[1, 3, 4, 5, 7]
total successes of this branch: 1
Matrix on 5 elements:

1    0.00000000  1.52836699  0.98890432  1.63417491  0.69499746
3    1.52836699  0.00000000  0.59881096  1.19026762  1.38463829
4    0.98890432  0.59881096  0.00000000  1.08797049  1.03101813
5    1.63417491  1.19026762  1.08797049  0.00000000  0.93969378
7    0.69499746  1.38463829  1.03101813  0.93969378  0.00000000

--------------------------------------------------------------------------------
n=4
(result of R-step: (1,3:4)0.22171359)
V=[1, 3, 5, 7]
total successes of this branch: 1
Matrix on 4 elements:

1    0.00000000  1.23215824  1.63391675  0.69473929
3    1.23215824  0.00000000  0.89431703  1.08868770
5    1.63391675  0.89431703  0.00000000  0.93969378
7    0.69473929  1.08868770  0.93969378  0.00000000

--------------------------------------------------------------------------------
n=4
(result of R-step: (3,7:4)0.24988200)
V=[1, 3, 5, 7]
total successes of this branch: 0
reason of abort: negative delta/dxy

--------------------------------------------------------------------------------
n=4
(result of R-step: (4,7:1)0.58960502)
V=[3, 4, 5, 7]
total successes of this branch: 0
reason of abort: negative delta/dxy

--------------------------------------------------------------------------------
n=4
(result of R-step: (5,7:4)0.95252612)
V=[1, 3, 5, 7]
total successes of this branch: 0
reason of abort: negative delta/dxy
