n=8
V=[0, 1, 2, 3, 4, 5, 6, 7]
total successes of this branch: 1
Matrix on 8 elements:

0    0.00000000  1.27861819  1.27785500  1.10352534  1.23466910  1.15145196  1.27850889  1.19363555
1    1.27861819  0.00000000  1.27170739  1.27856304  1.27340571  0.88504573  0.75295661  0.80294998
2    1.27785500  1.27170739  0.00000000  1.27645268  1.08355765  1.27320866  1.18499951  1.27271066
3    1.10352534  1.27856304  1.27645268  0.00000000  1.21293197  1.23581821  1.27826081  1.24999753
4    1.23466910  1.27340571  1.08355765  1.21293197  0.00000000  1.26394609  1.24621752  1.26708404
5    1.15145196  0.88504573  1.27320866  1.23581821  1.26394609  0.00000000  0.94063464  0.71965643
6    1.27850889  0.75295661  1.18499951  1.27826081  1.24621752  0.94063464  0.00000000  0.87837807
7    1.19363555  0.80294998  1.27271066  1.24999753  1.26708404  0.71965643  0.87837807  0.00000000

--------------------------------------------------------------------------------
n=7
(result of R-step: (1,5:7)0.33172005)
V=[0, 1, 2, 3, 4, 5, 6]
total successes of this branch: 1
Matrix on 7 elements:

0    0.00000000  0.95983785  1.27785500  1.10352534  1.23466910  0.83267162  1.27850889
1    0.95983785  0.00000000  0.95292705  0.95978270  0.95462537  0.24748505  0.43417627
2    1.27785500  0.95292705  0.00000000  1.27645268  1.08355765  0.95442832  1.18499951
3    1.10352534  0.95978270  1.27645268  0.00000000  1.21293197  0.91703787  1.27826081
4    1.23466910  0.95462537  1.08355765  1.21293197  0.00000000  0.94516575  1.24621752
5    0.83267162  0.24748505  0.95442832  0.91703787  0.94516575  0.00000000  0.62185430
6    1.27850889  0.43417627  1.18499951  1.27826081  1.24621752  0.62185430  0.00000000

--------------------------------------------------------------------------------
n=6
(result of R-step: (1,2:6)0.85678976)
V=[0, 1, 2, 3, 4, 5]
total successes of this branch: 1
Matrix on 6 elements:

0    0.00000000  0.94549382  0.94473063  1.10352534  1.23466910  0.83267162
1    0.94549382  0.00000000  0.60545866  0.94543868  0.94028135  0.23314103
2    0.94473063  0.60545866  0.00000000  0.94332832  0.75043329  0.62130396
3    1.10352534  0.94543868  0.94332832  0.00000000  1.21293197  0.91703787
4    1.23466910  0.94028135  0.75043329  1.21293197  0.00000000  0.94516575
5    0.83267162  0.23314103  0.62130396  0.91703787  0.94516575  0.00000000

--------------------------------------------------------------------------------
n=5
(result of R-step: (0,1:5)0.24420354)
V=[0, 1, 2, 3, 4]
total successes of this branch: 1
Matrix on 5 elements:

0    0.00000000  0.52073868  0.56579088  0.72458559  0.85572935
1    0.52073868  0.00000000  0.55964328  0.89962329  0.89446596
2    0.56579088  0.55964328  0.00000000  0.94332832  0.75043329
3    0.72458559  0.89962329  0.94332832  0.00000000  1.21293197
4    0.85572935  0.89446596  0.75043329  1.21293197  0.00000000

--------------------------------------------------------------------------------
n=4
(result of R-step: (1,3:0)0.31179263)
V=[1, 2, 3, 4]
total successes of this branch: 1
Matrix on 4 elements:

1    0.00000000  0.30383451  0.13379605  0.63865720
2    0.30383451  0.00000000  0.43330985  0.75043329
3    0.13379605  0.43330985  0.00000000  0.70291350
4    0.63865720  0.75043329  0.70291350  0.00000000
