n=8
V=[0, 1, 2, 3, 4, 5, 6, 7]
total successes of this branch: 1
Matrix on 8 elements:

0    0.00000000  2.28874339  2.25032961  2.25820202  2.08565785  2.18698294  1.37348135  1.41243072
1    2.28874339  0.00000000  2.23735614  2.14030333  1.66670780  2.24048179  1.96254641  1.94636682
2    2.25032961  2.23735614  0.00000000  1.86083521  2.24054927  1.27222668  2.24520078  2.24494639
3    2.25820202  2.14030333  1.86083521  0.00000000  2.16932152  1.88500524  2.21159287  2.20928102
4    2.08565785  1.66670780  2.24054927  2.16932152  0.00000000  2.23112793  1.30039924  1.25772219
5    2.18698294  2.24048179  1.27222668  1.88500524  2.23112793  0.00000000  2.21013268  2.21128092
6    1.37348135  1.96254641  2.24520078  2.21159287  1.30039924  2.21013268  0.00000000  0.56274041
7    1.41243072  1.94636682  2.24494639  2.20928102  1.25772219  2.21128092  0.56274041  0.00000000

--------------------------------------------------------------------------------
n=7
(result of R-step: (4,6:7)0.05469061)
V=[0, 1, 2, 3, 4, 5, 6]
total successes of this branch: 1
Matrix on 7 elements:

0    0.00000000  2.28874339  2.25032961  2.25820202  1.82562617  2.18698294  1.11344967
1    2.28874339  0.00000000  2.23735614  2.14030333  1.40667612  2.24048179  1.70251473
2    2.25032961  2.23735614  0.00000000  1.86083521  1.98051759  1.27222668  1.98516910
3    2.25820202  2.14030333  1.86083521  0.00000000  1.90928984  1.88500524  1.95156119
4    1.82562617  1.40667612  1.98051759  1.90928984  0.00000000  1.97109625  0.78033587
5    2.18698294  2.24048179  1.27222668  1.88500524  1.97109625  0.00000000  1.95010100
6    1.11344967  1.70251473  1.98516910  1.95156119  0.78033587  1.95010100  0.00000000

--------------------------------------------------------------------------------
n=6
(result of R-step: (0,4:6)0.47559757)
V=[0, 1, 2, 3, 4, 5]
total successes of this branch: 1
Matrix on 6 elements:

0    0.00000000  1.99463202  1.95621824  1.96409065  1.49743511  1.89287157
1    1.99463202  0.00000000  2.23735614  2.14030333  1.37259643  2.24048179
2    1.95621824  2.23735614  0.00000000  1.86083521  1.94643790  1.27222668
3    1.96409065  2.14030333  1.86083521  0.00000000  1.87521015  1.88500524
4    1.49743511  1.37259643  1.94643790  1.87521015  0.00000000  1.93701656
5    1.89287157  2.24048179  1.27222668  1.88500524  1.93701656  0.00000000

--------------------------------------------------------------------------------
n=5
(result of R-step: (3,4:1)0.37351852)
V=[0, 2, 3, 4, 5]
total successes of this branch: 1
Matrix on 5 elements:

0    0.00000000  1.95621824  1.10385689  1.21867325  1.89287157
2    1.95621824  0.00000000  1.00060145  1.66767604  1.27222668
3    1.10385689  1.00060145  0.00000000  0.73621453  1.02477148
4    1.21867325  1.66767604  0.73621453  0.00000000  1.65825470
5    1.89287157  1.27222668  1.02477148  1.65825470  0.00000000

--------------------------------------------------------------------------------
n=4
(result of R-step: (3,5:2)0.40537591)
V=[0, 3, 4, 5]
total successes of this branch: 1
Matrix on 4 elements:

0    0.00000000  1.09392361  1.21867325  1.49462433
3    1.09392361  0.00000000  0.72628125  0.61659096
4    1.21867325  0.72628125  0.00000000  1.26000746
5    1.49462433  0.61659096  1.26000746  0.00000000
