n=8
V=[0, 1, 2, 3, 4, 5, 6, 7]
total successes of this branch: 1
Matrix on 8 elements:

0    0.00000000  2.03326588  1.99980502  1.91225254  2.01602268  2.02254121  2.02707876  2.02506486
1    2.03326588  0.00000000  1.95024611  1.96237246  1.52405831  1.18493837  0.84147840  0.99391629
2    1.99980502  1.95024611  0.00000000  1.48795304  1.49710814  1.66841003  1.78765334  1.73472956
3    1.91225254  1.96237246  1.48795304  0.00000000  1.71789258  1.81031447  1.87464938  1.84609560
4    2.01602268  1.52405831  1.49710814  1.71789258  0.00000000  0.96611799  1.20217949  1.09740828
5    2.02254121  1.18493837  1.66841003  1.81031447  0.96611799  0.00000000  0.71661766  0.44029452
6    2.02707876  0.84147840  1.78765334  1.87464938  1.20217949  0.71661766  0.00000000  0.37035323
7    2.02506486  0.99391629  1.73472956  1.84609560  1.09740828  0.44029452  0.37035323  0.00000000

--------------------------------------------------------------------------------
n=7
(result of R-step: (0,2:3)0.47868915)
V=[0, 1, 2, 4, 5, 6, 7]
total successes of this branch: 1
Matrix on 7 elements:

0    0.00000000  1.09596994  0.52704891  1.07872674  1.08524527  1.08978282  1.08776892
1    1.09596994  0.00000000  1.41478594  1.52405831  1.18493837  0.84147840  0.99391629
2    0.52704891  1.41478594  0.00000000  0.96164797  1.13294987  1.25219317  1.19926940
4    1.07872674  1.52405831  0.96164797  0.00000000  0.96611799  1.20217949  1.09740828
5    1.08524527  1.18493837  1.13294987  0.96611799  0.00000000  0.71661766  0.44029452
6    1.08978282  0.84147840  1.25219317  1.20217949  0.71661766  0.00000000  0.37035323
7    1.08776892  0.99391629  1.19926940  1.09740828  0.44029452  0.37035323  0.00000000

--------------------------------------------------------------------------------
n=6
(result of R-step: (5,6:7)0.44383015)
V=[0, 1, 2, 4, 5, 6]
total successes of this branch: 1
Matrix on 6 elements:

0    0.00000000  1.09596994  0.52704891  1.07872674  1.03823023  1.04276778
1    1.09596994  0.00000000  1.41478594  1.52405831  1.13792332  0.79446336
2    0.52704891  1.41478594  0.00000000  0.96164797  1.08593482  1.20517813
4    1.07872674  1.52405831  0.96164797  0.00000000  0.91910294  1.15516445
5    1.03823023  1.13792332  1.08593482  0.91910294  0.00000000  0.62258758
6    1.04276778  0.79446336  1.20517813  1.15516445  0.62258758  0.00000000

--------------------------------------------------------------------------------
n=5
(result of R-step: (1,5:6)0.42309454)
V=[0, 1, 2, 4, 5]
total successes of this branch: 1
Matrix on 5 elements:

0    0.00000000  0.90939109  0.52704891  1.07872674  0.89866642
1    0.90939109  0.00000000  1.22820710  1.33747946  0.81178067
2    0.52704891  1.22820710  0.00000000  0.96164797  0.94637102
4    1.07872674  1.33747946  0.96164797  0.00000000  0.77953914
5    0.89866642  0.81178067  0.94637102  0.77953914  0.00000000

--------------------------------------------------------------------------------
n=4
(result of R-step: (0,5:1)0.38427351)
V=[0, 2, 4, 5]
total successes of this branch: 0
reason of abort: negative delta/dxy

--------------------------------------------------------------------------------
n=4
(result of R-step: (1,2:0)0.32283761)
V=[1, 2, 4, 5]
total successes of this branch: 1
Matrix on 4 elements:

1    0.00000000  1.00176041  1.21055929  0.68486050
2    1.00176041  0.00000000  0.86212145  0.84684450
4    1.21055929  0.86212145  0.00000000  0.77953914
5    0.68486050  0.84684450  0.77953914  0.00000000

--------------------------------------------------------------------------------
n=4
(result of R-step: (2,4:1)0.28054900)
V=[0, 2, 4, 5]
total successes of this branch: 0
reason of abort: negative delta/dxy

--------------------------------------------------------------------------------
n=4
(result of R-step: (2,5:1)0.98824204)
V=[0, 2, 4, 5]
total successes of this branch: 0
reason of abort: negative delta/dxy
