n=8
V=[0, 1, 2, 3, 4, 5, 6, 7]
total successes of this branch: 1
Matrix on 8 elements:

0    0.00000000  1.71767677  1.52120931  0.95161880  0.79818642  0.93825147  1.38379641  0.95061704
1    1.71767677  0.00000000  1.51173363  1.69051697  1.71512557  1.69266092  1.55486485  1.69067764
2    1.52120931  1.51173363  0.00000000  1.43468020  1.51308140  1.44151066  0.65372872  1.43519208
3    0.95161880  1.69051697  1.43468020  0.00000000  0.93571235  0.60895541  1.18637302  0.05289406
4    0.79818642  1.71512557  1.51308140  0.93571235  0.00000000  0.90452780  1.37379194  0.93337537
5    0.93825147  1.69266092  1.44151066  0.60895541  0.90452780  0.00000000  1.24065790  0.56390806
6    1.38379641  1.55486485  0.65372872  1.18637302  1.37379194  1.24065790  0.00000000  1.19044115
7    0.95061704  1.69067764  1.43519208  0.05289406  0.93337537  0.56390806  1.19044115  0.00000000

--------------------------------------------------------------------------------
n=7
(result of R-step: (3,5:7)0.92505956)
V=[0, 1, 2, 3, 4, 5, 6]
total successes of this branch: 1
Matrix on 7 elements:

0    0.00000000  1.71767677  1.52120931  0.94769545  0.79818642  0.93432812  1.38379641
1    1.71767677  0.00000000  1.51173363  1.68659361  1.71512557  1.68873756  1.55486485
2    1.52120931  1.51173363  0.00000000  1.43075685  1.51308140  1.43758731  0.65372872
3    0.94769545  1.68659361  1.43075685  0.00000000  0.93178900  0.60110871  1.18244967
4    0.79818642  1.71512557  1.51308140  0.93178900  0.00000000  0.90060445  1.37379194
5    0.93432812  1.68873756  1.43758731  0.60110871  0.90060445  0.00000000  1.23673455
6    1.38379641  1.55486485  0.65372872  1.18244967  1.37379194  1.23673455  0.00000000

--------------------------------------------------------------------------------
n=6
(result of R-step: (2,3:6)0.75875143)
V=[0, 1, 2, 3, 4, 5]
total successes of this branch: 1
Matrix on 6 elements:

0    0.00000000  1.71767677  1.31849854  0.74890802  0.79818642  0.93432812
1    1.71767677  0.00000000  1.30902285  1.48780619  1.71512557  1.68873756
2    1.31849854  1.30902285  0.00000000  1.02925865  1.31037063  1.23487654
3    0.74890802  1.48780619  1.02925865  0.00000000  0.73300158  0.40232128
4    0.79818642  1.71512557  1.31037063  0.73300158  0.00000000  0.90060445
5    0.93432812  1.68873756  1.23487654  0.40232128  0.90060445  0.00000000

--------------------------------------------------------------------------------
n=5
(result of R-step: (3,4:5)0.91287807)
V=[0, 1, 2, 3, 4]
total successes of this branch: 1
Matrix on 5 elements:

0    0.00000000  1.71767677  1.31849854  0.66273337  0.50930099
1    1.71767677  0.00000000  1.30902285  1.40163154  1.42624014
2    1.31849854  1.30902285  0.00000000  0.94308400  1.02148520
3    0.66273337  1.40163154  0.94308400  0.00000000  0.35794149
4    0.50930099  1.42624014  1.02148520  0.35794149  0.00000000

--------------------------------------------------------------------------------
n=4
(result of R-step: (0,3:4)0.90606734)
V=[0, 1, 2, 3]
total successes of this branch: 1
Matrix on 4 elements:

0    0.00000000  1.32653678  0.92735855  0.16933883
1    1.32653678  0.00000000  1.30902285  1.29937698
2    0.92735855  1.30902285  0.00000000  0.84082944
3    0.16933883  1.29937698  0.84082944  0.00000000
