n=8
V=[0, 1, 2, 3, 4, 5, 6, 7]
total successes of this branch: 1
Matrix on 8 elements:

0    0.00000000  1.78185654  1.77852686  1.68183186  1.52309904  1.77859806  1.70845338  0.48008920
1    1.78185654  0.00000000  1.76642052  1.64377157  1.77621784  1.74857799  1.37404070  1.75087544
2    1.77852686  1.76642052  0.00000000  1.77150613  1.63151922  0.94985133  1.77015260  1.77695167
3    1.68183186  1.64377157  1.77150613  0.00000000  1.71458941  1.76877474  0.90004639  1.33421315
4    1.52309904  1.77621784  1.63151922  1.71458941  0.00000000  1.63461337  1.73099179  1.56606231
5    1.77859806  1.74857799  0.94985133  1.76877474  1.63461337  0.00000000  1.76339938  1.77639407
6    1.70845338  1.37404070  1.77015260  0.90004639  1.73099179  1.76339938  0.00000000  1.52707711
7    0.48008920  1.75087544  1.77695167  1.33421315  1.56606231  1.77639407  1.52707711  0.00000000

--------------------------------------------------------------------------------
n=7
(result of R-step: (0,3:7)0.77563743)
V=[0, 1, 2, 3, 4, 5, 6]
total successes of this branch: 1
Matrix on 7 elements:

0    0.00000000  1.71562129  1.71229161  1.54936136  1.45686379  1.71236281  1.64221813
1    1.71562129  0.00000000  1.76642052  1.57753633  1.77621784  1.74857799  1.37404070
2    1.71229161  1.76642052  0.00000000  1.70527088  1.63151922  0.94985133  1.77015260
3    1.54936136  1.57753633  1.70527088  0.00000000  1.64835417  1.70253949  0.83381115
4    1.45686379  1.77621784  1.63151922  1.64835417  0.00000000  1.63461337  1.73099179
5    1.71236281  1.74857799  0.94985133  1.70253949  1.63461337  0.00000000  1.76339938
6    1.64221813  1.37404070  1.77015260  0.83381115  1.73099179  1.76339938  0.00000000

--------------------------------------------------------------------------------
n=6
(result of R-step: (1,3:6)0.26614955)
V=[0, 1, 2, 3, 4, 5]
total successes of this branch: 1
Matrix on 6 elements:

0    0.00000000  1.40046353  1.71229161  1.30043884  1.45686379  1.71236281
1    1.40046353  0.00000000  1.45126276  1.01345605  1.46106008  1.43342023
2    1.71229161  1.45126276  0.00000000  1.45634837  1.63151922  0.94985133
3    1.30043884  1.01345605  1.45634837  0.00000000  1.39943165  1.45361697
4    1.45686379  1.46106008  1.63151922  1.39943165  0.00000000  1.63461337
5    1.71236281  1.43342023  0.94985133  1.45361697  1.63461337  0.00000000

--------------------------------------------------------------------------------
n=5
(result of R-step: (1,2:5)0.02138336)
V=[0, 1, 2, 3, 4]
total successes of this branch: 1
Matrix on 5 elements:

0    0.00000000  1.24961689  1.24628721  1.30043884  1.45686379
1    1.24961689  0.00000000  0.83441173  0.86260941  1.31021344
2    1.24628721  0.83441173  0.00000000  0.99034397  1.16551483
3    1.30043884  0.86260941  0.99034397  0.00000000  1.39943165
4    1.45686379  1.31021344  1.16551483  1.39943165  0.00000000

--------------------------------------------------------------------------------
n=4
(result of R-step: (0,1:3)0.25153737)
V=[0, 1, 2, 4]
total successes of this branch: 1
Matrix on 4 elements:

0    0.00000000  0.29649136  0.62447675  0.83505334
1    0.29649136  0.00000000  0.50309665  0.97889837
2    0.62447675  0.50309665  0.00000000  1.16551483
4    0.83505334  0.97889837  1.16551483  0.00000000

--------------------------------------------------------------------------------
n=4
(result of R-step: (1,4:3)0.15135222)
V=[0, 1, 2, 4]
total successes of this branch: 0
reason of abort: negative delta/dxy
