n=8
V=[0, 1, 2, 3, 4, 5, 6, 7]
total successes of this branch: 1
Matrix on 8 elements:

0    0.00000000  0.63479888  0.63248015  0.63402994  0.63252057  0.63398138  0.63249597  0.63248707
1    0.63479888  0.00000000  0.62739598  0.59176365  0.62646665  0.59288003  0.62703221  0.62723682
2    0.63248015  0.62739598  0.00000000  0.60971681  0.35519343  0.60152889  0.23785259  0.18445355
3    0.63402994  0.59176365  0.60971681  0.00000000  0.60290074  0.23946048  0.60704879  0.60854944
4    0.63252057  0.62646665  0.35519343  0.60290074  0.00000000  0.59082039  0.27971983  0.32217074
5    0.63398138  0.59288003  0.60152889  0.23946048  0.59082039  0.00000000  0.59733725  0.59969488
6    0.63249597  0.62703221  0.23785259  0.60704879  0.27971983  0.59733725  0.00000000  0.19631331
7    0.63248707  0.62723682  0.18445355  0.60854944  0.32217074  0.59969488  0.19631331  0.00000000

--------------------------------------------------------------------------------
n=7
(result of R-step: (2,6:7)0.56246035)
V=[0, 1, 2, 3, 4, 5, 6]
total successes of this branch: 1
Matrix on 7 elements:

0    0.00000000  0.63479888  0.56102301  0.63402994  0.63252057  0.63398138  0.56103883
1    0.63479888  0.00000000  0.55593885  0.59176365  0.62646665  0.59288003  0.55557508
2    0.56102301  0.55593885  0.00000000  0.53825967  0.28373629  0.53007175  0.09493832
3    0.63402994  0.59176365  0.53825967  0.00000000  0.60290074  0.23946048  0.53559165
4    0.63252057  0.62646665  0.28373629  0.60290074  0.00000000  0.59082039  0.20826270
5    0.63398138  0.59288003  0.53007175  0.23946048  0.59082039  0.00000000  0.52588011
6    0.56103883  0.55557508  0.09493832  0.53559165  0.20826270  0.52588011  0.00000000

--------------------------------------------------------------------------------
n=6
(result of R-step: (2,4:6)0.60856876)
V=[0, 1, 2, 3, 4, 5]
total successes of this branch: 1
Matrix on 6 elements:

0    0.00000000  0.63479888  0.55129065  0.63402994  0.55133107  0.63398138
1    0.63479888  0.00000000  0.54620649  0.59176365  0.54527715  0.59288003
2    0.55129065  0.54620649  0.00000000  0.52852731  0.19281443  0.52033939
3    0.63402994  0.59176365  0.52852731  0.00000000  0.52171124  0.23946048
4    0.55133107  0.54527715  0.19281443  0.52171124  0.00000000  0.50963089
5    0.63398138  0.59288003  0.52033939  0.23946048  0.50963089  0.00000000

--------------------------------------------------------------------------------
n=5
(result of R-step: (3,4:5)0.96783038)
V=[0, 1, 2, 3, 4]
total successes of this branch: 1
Matrix on 5 elements:

0    0.00000000  0.63479888  0.55129065  0.52033988  0.51883051
1    0.63479888  0.00000000  0.54620649  0.47807359  0.51277659
2    0.55129065  0.54620649  0.00000000  0.41483725  0.16031387
3    0.52033988  0.47807359  0.41483725  0.00000000  0.37552062
4    0.51883051  0.51277659  0.16031387  0.37552062  0.00000000

--------------------------------------------------------------------------------
n=4
(result of R-step: (0,4:2)0.25822427)
V=[0, 1, 3, 4]
total successes of this branch: 1
Matrix on 4 elements:

0    0.00000000  0.31625022  0.20179122  0.18382239
1    0.31625022  0.00000000  0.47807359  0.49631713
3    0.20179122  0.47807359  0.00000000  0.35906116
4    0.18382239  0.49631713  0.35906116  0.00000000
