n=8
V=[0, 1, 2, 3, 4, 5, 6, 7]
total successes of this branch: 1
Matrix on 8 elements:

0    0.00000000  0.76516489  0.65874599  0.50380125  0.64528432  0.24130976  0.74934292  0.30937461
1    0.76516489  0.00000000  0.71337219  0.75783057  0.36461991  0.75369859  0.26752257  0.76234423
2    0.65874599  0.71337219  0.00000000  0.63318466  0.70078899  0.65994954  0.63550840  0.64891552
3    0.50380125  0.75783057  0.63318466  0.00000000  0.69931465  0.50939816  0.73929867  0.38230106
4    0.64528432  0.36461991  0.70078899  0.69931465  0.00000000  0.63337903  0.41460030  0.66606348
5    0.24130976  0.75369859  0.65994954  0.50939816  0.63337903  0.00000000  0.73976033  0.34441209
6    0.74934292  0.26752257  0.63550840  0.73929867  0.41460030  0.73976033  0.00000000  0.74548007
7    0.30937461  0.76234423  0.64891552  0.38230106  0.66606348  0.34441209  0.74548007  0.00000000

--------------------------------------------------------------------------------
n=7
(result of R-step: (0,3:7)0.61541669)
V=[0, 1, 2, 3, 4, 5, 6]
total successes of this branch: 1
Matrix on 7 elements:

0    0.00000000  0.67122768  0.56480877  0.31592682  0.55134711  0.14737255  0.65540571
1    0.67122768  0.00000000  0.71337219  0.66389336  0.36461991  0.75369859  0.26752257
2    0.56480877  0.71337219  0.00000000  0.53924744  0.70078899  0.65994954  0.63550840
3    0.31592682  0.66389336  0.53924744  0.00000000  0.60537744  0.41546095  0.64536146
4    0.55134711  0.36461991  0.70078899  0.60537744  0.00000000  0.63337903  0.41460030
5    0.14737255  0.75369859  0.65994954  0.41546095  0.63337903  0.00000000  0.73976033
6    0.65540571  0.26752257  0.63550840  0.64536146  0.41460030  0.73976033  0.00000000

--------------------------------------------------------------------------------
n=6
(result of R-step: (0,4:5)0.97137324)
V=[0, 1, 2, 3, 4, 6]
total successes of this branch: 1
Matrix on 6 elements:

0    0.00000000  0.65046266  0.54404375  0.29516180  0.41587986  0.63464069
1    0.65046266  0.00000000  0.71337219  0.66389336  0.24991768  0.26752257
2    0.54404375  0.71337219  0.00000000  0.53924744  0.58608675  0.63550840
3    0.29516180  0.66389336  0.53924744  0.00000000  0.49067520  0.64536146
4    0.41587986  0.24991768  0.58608675  0.49067520  0.00000000  0.29989806
6    0.63464069  0.26752257  0.63550840  0.64536146  0.29989806  0.00000000

--------------------------------------------------------------------------------
n=5
(result of R-step: (1,2:6)0.85132367)
V=[0, 1, 2, 3, 4]
total successes of this branch: 1
Matrix on 5 elements:

0    0.00000000  0.55563327  0.44921436  0.29516180  0.41587986
1    0.55563327  0.00000000  0.52371341  0.56906396  0.15508828
2    0.44921436  0.52371341  0.00000000  0.44441805  0.49125736
3    0.29516180  0.56906396  0.44441805  0.00000000  0.49067520
4    0.41587986  0.15508828  0.49125736  0.49067520  0.00000000

--------------------------------------------------------------------------------
n=4
(result of R-step: (0,2:3)0.42808801)
V=[0, 1, 2, 4]
total successes of this branch: 1
Matrix on 4 elements:

0    0.00000000  0.54796583  0.24883482  0.40821242
1    0.54796583  0.00000000  0.33100130  0.15508828
2    0.24883482  0.33100130  0.00000000  0.29854526
4    0.40821242  0.15508828  0.29854526  0.00000000
