n=8
V=[0, 1, 2, 3, 4, 5, 6, 7]
total successes of this branch: 1
Matrix on 8 elements:

0    0.00000000  2.13808120  2.13100618  2.13507304  2.13654943  2.13417874  2.13459273  2.13429039
1    2.13808120  0.00000000  1.93794049  1.61586110  1.44421309  1.68668639  1.65389969  1.67784406
2    2.13100618  1.93794049  0.00000000  1.69970652  1.81663014  1.57774571  1.63420424  1.59297216
3    2.13507304  1.61586110  1.69970652  0.00000000  1.43777320  1.26704813  0.92356339  1.17441285
4    2.13654943  1.44421309  1.81663014  1.43777320  0.00000000  1.52108387  1.48251740  1.51068278
5    2.13417874  1.68668639  1.57774571  1.26704813  1.52108387  0.00000000  0.86854263  0.53372494
6    2.13459273  1.65389969  1.63420424  0.92356339  1.48251740  0.86854263  0.00000000  0.74489903
7    2.13429039  1.67784406  1.59297216  1.17441285  1.51068278  0.53372494  0.74489903  0.00000000

--------------------------------------------------------------------------------
n=7
(result of R-step: (0,4:1)0.14827374)
V=[0, 2, 3, 4, 5, 6, 7]
total successes of this branch: 1
Matrix on 7 elements:

0    0.00000000  1.30945373  1.31352060  0.69700367  1.31262629  1.31304029  1.31273795
2    1.30945373  0.00000000  1.69970652  1.19863682  1.57774571  1.63420424  1.59297216
3    1.31352060  1.69970652  0.00000000  0.81977988  1.26704813  0.92356339  1.17441285
4    0.69700367  1.19863682  0.81977988  0.00000000  0.90309056  0.86452409  0.89268947
5    1.31262629  1.57774571  1.26704813  0.90309056  0.00000000  0.86854263  0.53372494
6    1.31304029  1.63420424  0.92356339  0.86452409  0.86854263  0.00000000  0.74489903
7    1.31273795  1.59297216  1.17441285  0.89268947  0.53372494  0.74489903  0.00000000

--------------------------------------------------------------------------------
n=6
(result of R-step: (5,6:7)0.73030744)
V=[0, 2, 3, 4, 5, 6]
total successes of this branch: 1
Matrix on 6 elements:

0    0.00000000  1.30945373  1.31352060  0.69700367  1.10758562  1.10799961
2    1.30945373  0.00000000  1.69970652  1.19863682  1.37270504  1.42916357
3    1.31352060  1.69970652  0.00000000  0.81977988  1.06200746  0.71852271
4    0.69700367  1.19863682  0.81977988  0.00000000  0.69804988  0.65948341
5    1.10758562  1.37270504  1.06200746  0.69804988  0.00000000  0.45846128
6    1.10799961  1.42916357  0.71852271  0.65948341  0.45846128  0.00000000

--------------------------------------------------------------------------------
n=5
(result of R-step: (3,5:6)0.46292353)
V=[0, 2, 3, 4, 5]
total successes of this branch: 1
Matrix on 5 elements:

0    0.00000000  1.30945373  1.05099166  0.69700367  1.05009735
2    1.30945373  0.00000000  1.43717758  1.19863682  1.31521677
3    1.05099166  1.43717758  0.00000000  0.55725094  0.74199025
4    0.69700367  1.19863682  0.55725094  0.00000000  0.64056162
5    1.05009735  1.31521677  0.74199025  0.64056162  0.00000000

--------------------------------------------------------------------------------
n=4
(result of R-step: (0,3:5)0.76743725)
V=[0, 2, 3, 4]
total successes of this branch: 0
reason of abort: negative delta/dxy

--------------------------------------------------------------------------------
n=4
(result of R-step: (0,4:5)0.17799719)
V=[0, 2, 3, 4]
total successes of this branch: 0
reason of abort: negative delta/dxy

--------------------------------------------------------------------------------
n=4
(result of R-step: (2,3:5)0.21990009)
V=[0, 2, 3, 4]
total successes of this branch: 1
Matrix on 4 elements:

0    0.00000000  0.73691007  0.74097694  0.69700367
2    0.73691007  0.00000000  0.55461920  0.62609316
3    0.74097694  0.55461920  0.00000000  0.24723622
4    0.69700367  0.62609316  0.24723622  0.00000000
