n=8
V=[0, 1, 2, 3, 4, 5, 6, 7]
total successes of this branch: 1
Matrix on 8 elements:

0    0.00000000  2.11919099  1.82588920  1.94804283  1.40582559  1.85846294  1.47685046  0.76055131
1    2.11919099  0.00000000  2.03904862  1.71213634  2.08737508  1.33390108  2.07920398  1.86951026
2    1.82588920  2.03904862  0.00000000  1.58101525  1.54933873  1.98591699  1.41287794  1.87676959
3    1.94804283  1.71213634  1.58101525  0.00000000  1.80233568  1.77093785  1.76491455  1.89173280
4    1.40582559  2.08737508  1.54933873  1.80233568  0.00000000  1.91749361  0.87872713  1.56850901
5    1.85846294  1.33390108  1.98591699  1.77093785  1.91749361  0.00000000  1.92906272  1.34665809
6    1.47685046  2.07920398  1.41287794  1.76491455  0.87872713  1.92906272  0.00000000  1.62063008
7    0.76055131  1.86951026  1.87676959  1.89173280  1.56850901  1.34665809  1.62063008  0.00000000

--------------------------------------------------------------------------------
n=7
(result of R-step: (2,4:6)0.16908122)
V=[0, 1, 2, 3, 4, 5, 7]
total successes of this branch: 1
Matrix on 7 elements:

0    0.00000000  2.11919099  1.45475603  1.94804283  1.03469242  1.85846294  0.76055131
1    2.11919099  0.00000000  1.66791545  1.71213634  1.71624191  1.33390108  1.86951026
2    1.45475603  1.66791545  0.00000000  1.20988208  0.80707238  1.61478382  1.50563642
3    1.94804283  1.71213634  1.20988208  0.00000000  1.43120251  1.77093785  1.89173280
4    1.03469242  1.71624191  0.80707238  1.43120251  0.00000000  1.54636044  1.19737583
5    1.85846294  1.33390108  1.61478382  1.77093785  1.54636044  0.00000000  1.34665809
7    0.76055131  1.86951026  1.50563642  1.89173280  1.19737583  1.34665809  0.00000000

--------------------------------------------------------------------------------
n=6
(result of R-step: (3,4:2)0.51053138)
V=[0, 1, 3, 4, 5, 7]
total successes of this branch: 1
Matrix on 6 elements:

0    0.00000000  2.11919099  1.40391976  0.90942492  1.85846294  0.76055131
1    2.11919099  0.00000000  1.16801327  1.59097441  1.33390108  1.86951026
3    1.40391976  1.16801327  0.00000000  0.76181194  1.22681478  1.34760973
4    0.90942492  1.59097441  0.76181194  0.00000000  1.42109293  1.07210833
5    1.85846294  1.33390108  1.22681478  1.42109293  0.00000000  1.34665809
7    0.76055131  1.86951026  1.34760973  1.07210833  1.34665809  0.00000000

--------------------------------------------------------------------------------
n=5
(result of R-step: (1,4:3)0.53106811)
V=[0, 1, 4, 5, 7]
total successes of this branch: 1
Matrix on 5 elements:

0    0.00000000  1.58260448  0.84025762  1.85846294  0.76055131
1    1.58260448  0.00000000  0.98522059  0.79731457  1.33292375
4    0.84025762  0.98522059  0.00000000  1.35192563  1.00294103
5    1.85846294  0.79731457  1.35192563  0.00000000  1.34665809
7    0.76055131  1.33292375  1.00294103  1.34665809  0.00000000

--------------------------------------------------------------------------------
n=4
(result of R-step: (4,5:1)0.38862666)
V=[0, 4, 5, 7]
total successes of this branch: 1
Matrix on 4 elements:

0    0.00000000  0.79027902  1.73408971  0.76055131
4    0.79027902  0.00000000  1.17757381  0.95296244
5    1.73408971  1.17757381  0.00000000  1.22228486
7    0.76055131  0.95296244  1.22228486  0.00000000

--------------------------------------------------------------------------------
n=4
(result of R-step: (4,7:0)0.74262289)
V=[1, 4, 5, 7]
total successes of this branch: 0
reason of abort: negative delta/dxy
