n=8
V=[0, 1, 2, 3, 4, 5, 6, 7]
total successes of this branch: 1
Matrix on 8 elements:

0    0.00000000  1.93426878  1.85500279  1.92192927  0.91791016  1.90187198  1.00540560  1.52763799
1    1.93426878  0.00000000  1.88902604  1.66523640  1.86606684  1.73230423  1.91644567  1.89959131
2    1.85500279  1.88902604  0.00000000  1.84776502  1.85714232  1.46943488  1.30275403  0.66006057
3    1.92192927  1.66523640  1.84776502  0.00000000  1.90578729  0.96369613  1.89271271  1.86508416
4    0.91791016  1.86606684  1.85714232  1.90578729  0.00000000  1.89120881  1.28791501  1.63780898
5    1.90187198  1.73230423  1.46943488  0.96369613  1.89120881  0.00000000  1.73151599  1.57041936
6    1.00540560  1.91644567  1.30275403  1.89271271  1.28791501  1.73151599  0.00000000  0.89987741
7    1.52763799  1.89959131  0.66006057  1.86508416  1.63780898  1.57041936  0.89987741  0.00000000

--------------------------------------------------------------------------------
n=7
(result of R-step: (2,6:7)0.61468234)
V=[0, 1, 2, 3, 4, 5, 6]
total successes of this branch: 1
Matrix on 7 elements:

0    0.00000000  1.93426878  1.72641082  1.92192927  0.91791016  1.90187198  0.87681363
1    1.93426878  0.00000000  1.76043407  1.66523640  1.86606684  1.73230423  1.78785370
2    1.72641082  1.76043407  0.00000000  1.71917304  1.72855035  1.34084291  1.04557009
3    1.92192927  1.66523640  1.71917304  0.00000000  1.90578729  0.96369613  1.76412074
4    0.91791016  1.86606684  1.72855035  1.90578729  0.00000000  1.89120881  1.15932303
5    1.90187198  1.73230423  1.34084291  0.96369613  1.89120881  0.00000000  1.60292402
6    0.87681363  1.78785370  1.04557009  1.76412074  1.15932303  1.60292402  0.00000000

--------------------------------------------------------------------------------
n=6
(result of R-step: (0,2:6)0.60605603)
V=[0, 1, 2, 3, 4, 5]
total successes of this branch: 1
Matrix on 6 elements:

0    0.00000000  1.70769035  1.40184594  1.69535084  0.69133174  1.67529355
1    1.70769035  0.00000000  1.66244761  1.66523640  1.86606684  1.73230423
2    1.40184594  1.66244761  0.00000000  1.62118659  1.63056390  1.24285645
3    1.69535084  1.66523640  1.62118659  0.00000000  1.90578729  0.96369613
4    0.69133174  1.86606684  1.63056390  1.90578729  0.00000000  1.89120881
5    1.67529355  1.73230423  1.24285645  0.96369613  1.89120881  0.00000000

--------------------------------------------------------------------------------
n=5
(result of R-step: (0,1:4)0.93711560)
V=[0, 1, 2, 3, 5]
total successes of this branch: 1
Matrix on 5 elements:

0    0.00000000  1.08456055  1.20357025  1.49707515  1.47701786
1    1.08456055  0.00000000  1.23759350  1.24038229  1.30745012
2    1.20357025  1.23759350  0.00000000  1.62118659  1.24285645
3    1.49707515  1.24038229  1.62118659  0.00000000  0.96369613
5    1.47701786  1.30745012  1.24285645  0.96369613  0.00000000

--------------------------------------------------------------------------------
n=4
(result of R-step: (0,3:1)0.78130555)
V=[0, 2, 3, 5]
total successes of this branch: 1
Matrix on 4 elements:

0    0.00000000  0.68234930  0.68317120  0.95579691
2    0.68234930  0.00000000  1.32850360  1.24285645
3    0.68317120  1.32850360  0.00000000  0.67101313
5    0.95579691  1.24285645  0.67101313  0.00000000

--------------------------------------------------------------------------------
n=4
(result of R-step: (0,5:1)0.49234544)
V=[0, 2, 3, 5]
total successes of this branch: 0
Matrix on 4 elements:

0    0.00000000  0.87791854  1.17142345  0.59373531
2    0.87791854  0.00000000  1.62118659  0.68522561
3    1.17142345  1.62118659  0.00000000  0.40606528
5    0.59373531  0.68522561  0.40606528  0.00000000
reason of abort: no pseudometric

--------------------------------------------------------------------------------
n=4
(result of R-step: (2,5:1)0.71878408)
V=[0, 2, 3, 5]
total successes of this branch: 0
reason of abort: negative delta/dxy
