n=8
V=[0, 1, 2, 3, 4, 5, 6, 7]
total successes of this branch: 1
Matrix on 8 elements:

0    0.00000000  1.57836320  1.55299815  1.55642634  1.55323948  1.55392630  1.55313808  1.55302903
1    1.57836320  0.00000000  1.39251911  1.37253475  1.39111229  1.38710854  1.39170342  1.39233911
2    1.55299815  1.39251911  0.00000000  1.26463989  0.95250856  1.01977779  0.75273711  0.47779638
3    1.55642634  1.37253475  1.26463989  0.00000000  1.24100322  1.12092237  1.25093503  1.26161562
4    1.55323948  1.39111229  0.95250856  1.24100322  0.00000000  0.80390512  0.67684508  0.89167754
5    1.55392630  1.38710854  1.01977779  1.12092237  0.80390512  0.00000000  0.89461195  0.99215728
6    1.55313808  1.39170342  0.75273711  1.25093503  0.67684508  0.89461195  0.00000000  0.67488609
7    1.55302903  1.39233911  0.47779638  1.26161562  0.89167754  0.99215728  0.67488609  0.00000000

--------------------------------------------------------------------------------
n=7
(result of R-step: (2,6:7)0.77932868)
V=[0, 1, 2, 3, 4, 5, 6]
total successes of this branch: 1
Matrix on 7 elements:

0    0.00000000  1.57836320  1.35302547  1.55642634  1.55323948  1.55392630  1.35316540
1    1.57836320  0.00000000  1.19254643  1.37253475  1.39111229  1.38710854  1.19173074
2    1.35302547  1.19254643  0.00000000  1.06466721  0.75253588  0.81980511  0.35279175
3    1.55642634  1.37253475  1.06466721  0.00000000  1.24100322  1.12092237  1.05096236
4    1.55323948  1.39111229  0.75253588  1.24100322  0.00000000  0.80390512  0.47687240
5    1.55392630  1.38710854  0.81980511  1.12092237  0.80390512  0.00000000  0.69463927
6    1.35316540  1.19173074  0.35279175  1.05096236  0.47687240  0.69463927  0.00000000

--------------------------------------------------------------------------------
n=6
(result of R-step: (2,4:6)0.42018673)
V=[0, 1, 2, 3, 4, 5]
total successes of this branch: 1
Matrix on 6 elements:

0    0.00000000  1.57836320  1.31446134  1.55642634  1.31470267  1.55392630
1    1.57836320  0.00000000  1.15398230  1.37253475  1.15257548  1.38710854
2    1.31446134  1.15398230  0.00000000  1.02610308  0.47543494  0.78124098
3    1.55642634  1.37253475  1.02610308  0.00000000  1.00246640  1.12092237
4    1.31470267  1.15257548  0.47543494  1.00246640  0.00000000  0.56536831
5    1.55392630  1.38710854  0.78124098  1.12092237  0.56536831  0.00000000

--------------------------------------------------------------------------------
n=5
(result of R-step: (1,2:0)0.93418866)
V=[1, 2, 3, 4, 5]
total successes of this branch: 1
Matrix on 5 elements:

1    0.00000000  0.23457905  0.67903064  0.45907137  0.69360443
2    0.23457905  0.00000000  0.80020395  0.24953581  0.55534184
3    0.67903064  0.80020395  0.00000000  1.00246640  1.12092237
4    0.45907137  0.24953581  1.00246640  0.00000000  0.56536831
5    0.69360443  0.55534184  1.12092237  0.56536831  0.00000000

--------------------------------------------------------------------------------
n=4
(result of R-step: (2,3:1)0.61957327)
V=[2, 3, 4, 5]
total successes of this branch: 1
Matrix on 4 elements:

2    0.00000000  0.45259479  0.24383879  0.54964482
3    0.45259479  0.00000000  0.66055427  0.77901023
4    0.24383879  0.66055427  0.00000000  0.56536831
5    0.54964482  0.77901023  0.56536831  0.00000000
