n=8
V=[0, 1, 2, 3, 4, 5, 6, 7]
total successes of this branch: 1
Matrix on 8 elements:

0    0.00000000  1.24227082  0.79208620  1.00369327  0.74498672  1.06807998  1.23162220  0.82641950
1    1.24227082  0.00000000  1.04918839  0.82299433  0.78723529  0.62305660  0.10623591  0.66494075
2    0.79208620  1.04918839  0.00000000  0.79416466  0.91493427  0.86298983  1.03780572  0.93691906
3    1.00369327  0.82299433  0.79416466  0.00000000  0.91735205  0.28208586  0.78992757  0.90190050
4    0.74498672  0.78723529  0.91493427  0.91735205  0.00000000  0.88223646  0.79304289  0.16271594
5    1.06807998  0.62305660  0.86298983  0.28208586  0.88223646  0.00000000  0.58940519  0.83979445
6    1.23162220  0.10623591  1.03780572  0.78992757  0.79304289  0.58940519  0.00000000  0.68057478
7    0.82641950  0.66494075  0.93691906  0.90190050  0.16271594  0.83979445  0.68057478  0.00000000

--------------------------------------------------------------------------------
n=7
(result of R-step: (1,4:7)0.16375504)
V=[0, 1, 2, 3, 4, 5, 6]
total successes of this branch: 1
Matrix on 7 elements:

0    0.00000000  1.22206012  0.79208620  1.00369327  0.72477602  1.06807998  1.23162220
1    1.22206012  0.00000000  1.02897770  0.80278363  0.74681390  0.60284590  0.08602521
2    0.79208620  1.02897770  0.00000000  0.79416466  0.89472358  0.86298983  1.03780572
3    1.00369327  0.80278363  0.79416466  0.00000000  0.89714135  0.28208586  0.78992757
4    0.72477602  0.74681390  0.89472358  0.89714135  0.00000000  0.86202577  0.77283220
5    1.06807998  0.60284590  0.86298983  0.28208586  0.86202577  0.00000000  0.58940519
6    1.23162220  0.08602521  1.03780572  0.78992757  0.77283220  0.58940519  0.00000000

--------------------------------------------------------------------------------
n=6
(result of R-step: (1,5:6)0.93886810)
V=[0, 1, 2, 3, 4, 5]
total successes of this branch: 1
Matrix on 6 elements:

0    0.00000000  1.20597857  0.79208620  1.00369327  0.72477602  1.03178773
1    1.20597857  0.00000000  1.01289614  0.78670208  0.73073234  0.55047210
2    0.79208620  1.01289614  0.00000000  0.79416466  0.89472358  0.82669758
3    1.00369327  0.78670208  0.79416466  0.00000000  0.89714135  0.24579361
4    0.72477602  0.73073234  0.89472358  0.89714135  0.00000000  0.82573352
5    1.03178773  0.55047210  0.82669758  0.24579361  0.82573352  0.00000000

--------------------------------------------------------------------------------
n=5
(result of R-step: (1,3:5)0.26987751)
V=[0, 1, 2, 3, 4]
total successes of this branch: 1
Matrix on 5 elements:

0    0.00000000  1.20119676  0.79208620  0.96261920  0.72477602
1    1.20119676  0.00000000  1.00811433  0.74084620  0.72595053
2    0.79208620  1.00811433  0.00000000  0.75309059  0.89472358
3    0.96261920  0.74084620  0.75309059  0.00000000  0.85606729
4    0.72477602  0.72595053  0.89472358  0.85606729  0.00000000

--------------------------------------------------------------------------------
n=4
(result of R-step: (0,4:3)0.27086537)
V=[0, 1, 2, 4]
total successes of this branch: 0
reason of abort: negative delta/dxy

--------------------------------------------------------------------------------
n=4
(result of R-step: (1,2:3)0.36199209)
V=[0, 1, 2, 4]
total successes of this branch: 1
Matrix on 4 elements:

0    0.00000000  1.09729522  0.50547301  0.72477602
1    1.09729522  0.00000000  0.61759961  0.62204900
2    0.50547301  0.61759961  0.00000000  0.60811039
4    0.72477602  0.62204900  0.60811039  0.00000000
