n=8
V=[0, 1, 2, 3, 4, 5, 6, 7]
total successes of this branch: 1
Matrix on 8 elements:

0    0.00000000  3.19991257  3.19113807  2.66604816  3.13713893  3.18880061  3.19923674  3.15076501
1    3.19991257  0.00000000  3.16099213  3.19632345  3.16462553  3.16114940  1.06814582  3.16370868
2    3.19113807  3.16099213  0.00000000  3.13779704  2.40238569  2.13013772  2.98634373  2.33057863
3    2.66604816  3.19632345  3.13779704  0.00000000  3.05349994  3.13414807  3.19181560  3.07477138
4    3.13713893  3.16462553  2.40238569  3.05349994  0.00000000  2.39006768  3.10591581  0.66926978
5    3.18880061  3.16114940  2.13013772  3.13414807  2.39006768  0.00000000  3.08173818  1.77359950
6    3.19923674  1.06814582  2.98634373  3.19181560  3.10591581  3.08173818  0.00000000  3.09953881
7    3.15076501  3.16370868  2.33057863  3.07477138  0.66926978  1.77359950  3.09953881  0.00000000

--------------------------------------------------------------------------------
n=7
(result of R-step: (1,2:6)0.92297737)
V=[0, 1, 2, 3, 4, 5, 7]
total successes of this branch: 1
Matrix on 7 elements:

0    0.00000000  2.75316386  2.74438936  2.66604816  3.13713893  3.18880061  3.15076501
1    2.75316386  0.00000000  2.26749470  2.74957474  2.71787681  2.71440069  2.71695997
2    2.74438936  2.26749470  0.00000000  2.69104833  1.95563698  1.68338901  1.88382992
3    2.66604816  2.74957474  2.69104833  0.00000000  3.05349994  3.13414807  3.07477138
4    3.13713893  2.71787681  1.95563698  3.05349994  0.00000000  2.39006768  0.66926978
5    3.18880061  2.71440069  1.68338901  3.13414807  2.39006768  0.00000000  1.77359950
7    3.15076501  2.71695997  1.88382992  3.07477138  0.66926978  1.77359950  0.00000000

--------------------------------------------------------------------------------
n=6
(result of R-step: (1,3:0)0.34456706)
V=[1, 2, 3, 4, 5, 7]
total successes of this branch: 1
Matrix on 6 elements:

1    0.00000000  1.17667896  0.49971471  1.62706108  1.62358495  1.62614423
2    1.17667896  0.00000000  1.53200404  1.95563698  1.68338901  1.88382992
3    0.49971471  1.53200404  0.00000000  1.89445565  1.97510378  1.91572708
4    1.62706108  1.95563698  1.89445565  0.00000000  2.39006768  0.66926978
5    1.62358495  1.68338901  1.97510378  2.39006768  0.00000000  1.77359950
7    1.62614423  1.88382992  1.91572708  0.66926978  1.77359950  0.00000000

--------------------------------------------------------------------------------
n=5
(result of R-step: (2,3:1)0.23838248)
V=[2, 3, 4, 5, 7]
total successes of this branch: 1
Matrix on 5 elements:

2    0.00000000  0.64641765  1.34347584  1.07122786  1.27166877
3    0.64641765  0.00000000  1.62103040  1.70167853  1.64230184
4    1.34347584  1.62103040  0.00000000  2.39006768  0.66926978
5    1.07122786  1.70167853  2.39006768  0.00000000  1.77359950
7    1.27166877  1.64230184  0.66926978  1.77359950  0.00000000

--------------------------------------------------------------------------------
n=4
(result of R-step: (4,5:7)0.73624390)
V=[2, 3, 4, 5]
total successes of this branch: 1
Matrix on 4 elements:

2    0.00000000  0.64641765  1.31707504  1.04482706
3    0.64641765  0.00000000  1.59462960  1.67527773
4    1.31707504  1.59462960  0.00000000  2.33726608
5    1.04482706  1.67527773  2.33726608  0.00000000
