n=8
V=[0, 1, 2, 3, 4, 5, 6, 7]
total successes of this branch: 1
Matrix on 8 elements:

0    0.00000000  1.72211306  1.61681930  1.42914732  1.56703243  1.41834593  1.27428690  1.71449307
1    1.72211306  0.00000000  1.69281878  1.70820383  1.69690023  0.99018698  1.07948061  0.03032955
2    1.61681930  1.69281878  0.00000000  1.44714996  1.18791718  1.67052825  1.66397586  1.69225962
3    1.42914732  1.70820383  1.44714996  0.00000000  1.35354748  1.62635701  1.60229779  1.70615071
4    1.56703243  1.69690023  1.18791718  1.35354748  0.00000000  1.65881021  1.64761349  1.69594474
5    1.41834593  0.99018698  1.67052825  1.62635701  1.65881021  0.00000000  0.38157538  0.96548946
6    1.27428690  1.07948061  1.66397586  1.60229779  1.64761349  0.38157538  0.00000000  1.06197369
7    1.71449307  0.03032955  1.69225962  1.70615071  1.69594474  0.96548946  1.06197369  0.00000000

--------------------------------------------------------------------------------
n=7
(result of R-step: (1,5:7)0.97491504)
V=[0, 1, 2, 3, 4, 5, 6]
total successes of this branch: 1
Matrix on 7 elements:

0    0.00000000  1.71929705  1.61681930  1.42914732  1.56703243  1.41552992  1.27428690
1    1.71929705  0.00000000  1.69000276  1.70538782  1.69408421  0.98455495  1.07666460
2    1.61681930  1.69000276  0.00000000  1.44714996  1.18791718  1.66771224  1.66397586
3    1.42914732  1.70538782  1.44714996  0.00000000  1.35354748  1.62354100  1.60229779
4    1.56703243  1.69408421  1.18791718  1.35354748  0.00000000  1.65599420  1.64761349
5    1.41552992  0.98455495  1.66771224  1.62354100  1.65599420  0.00000000  0.37875937
6    1.27428690  1.07666460  1.66397586  1.60229779  1.64761349  0.37875937  0.00000000

--------------------------------------------------------------------------------
n=6
(result of R-step: (0,5:6)0.12199816)
V=[0, 1, 2, 3, 4, 5]
total successes of this branch: 1
Matrix on 6 elements:

0    0.00000000  1.60053887  1.49806112  1.31038914  1.44827425  1.18082958
1    1.60053887  0.00000000  1.69000276  1.70538782  1.69408421  0.86861279
2    1.49806112  1.69000276  0.00000000  1.44714996  1.18791718  1.55177008
3    1.31038914  1.70538782  1.44714996  0.00000000  1.35354748  1.50759884
4    1.44827425  1.69408421  1.18791718  1.35354748  0.00000000  1.54005204
5    1.18082958  0.86861279  1.55177008  1.50759884  1.54005204  0.00000000

--------------------------------------------------------------------------------
n=5
(result of R-step: (0,1:5)0.29329837)
V=[0, 1, 2, 3, 4]
total successes of this branch: 1
Matrix on 5 elements:

0    0.00000000  1.03569321  1.27360937  1.08593739  1.22382250
1    1.03569321  0.00000000  1.34960885  1.36499391  1.35369030
2    1.27360937  1.34960885  0.00000000  1.44714996  1.18791718
3    1.08593739  1.36499391  1.44714996  0.00000000  1.35354748
4    1.22382250  1.35369030  1.18791718  1.35354748  0.00000000

--------------------------------------------------------------------------------
n=4
(result of R-step: (0,2:3)0.42949183)
V=[0, 1, 2, 4]
total successes of this branch: 0
Matrix on 4 elements:

0    0.00000000  0.79223854  0.37290216  0.98036783
1    0.79223854  0.00000000  0.69235631  1.35369030
2    0.37290216  0.69235631  0.00000000  0.53066464
4    0.98036783  1.35369030  0.53066464  0.00000000
reason of abort: no pseudometric

--------------------------------------------------------------------------------
n=4
(result of R-step: (0,4:3)0.61415843)
V=[0, 1, 2, 4]
total successes of this branch: 1
Matrix on 4 elements:

0    0.00000000  0.70423835  0.94215451  0.38008176
1    0.70423835  0.00000000  1.34960885  0.84140442
2    0.94215451  1.34960885  0.00000000  0.67563130
4    0.38008176  0.84140442  0.67563130  0.00000000

--------------------------------------------------------------------------------
n=4
(result of R-step: (1,2:3)0.87518371)
V=[0, 1, 2, 4]
total successes of this branch: 0
reason of abort: negative delta/dxy
