n=8
V=[0, 1, 2, 3, 4, 5, 6, 7]
total successes of this branch: 1
Matrix on 8 elements:

0    0.00000000  2.21160690  1.96505061  2.05635483  2.14939830  1.80718274  2.13088325  1.91403891
1    2.21160690  0.00000000  2.20778833  2.07352644  1.86223149  2.20867928  1.90427781  2.20807622
2    1.96505061  2.20778833  0.00000000  1.97949179  2.11631125  1.44630424  2.08908506  0.72385818
3    2.05635483  2.07352644  1.97949179  0.00000000  1.93225526  1.99742550  1.64463003  1.98528669
4    2.14939830  1.86223149  2.11631125  1.93225526  0.00000000  2.12403113  0.77448047  2.11880576
5    1.80718274  2.20867928  1.44630424  1.99742550  2.12403113  0.00000000  2.09883743  1.10141822
6    2.13088325  1.90427781  2.08908506  1.64463003  0.77448047  2.09883743  0.00000000  2.09223633
7    1.91403891  2.20807622  0.72385818  1.98528669  2.11880576  1.10141822  2.09223633  0.00000000

--------------------------------------------------------------------------------
n=7
(result of R-step: (2,5:7)0.67687093)
V=[0, 1, 2, 3, 4, 5, 6]
total successes of this branch: 1
Matrix on 7 elements:

0    0.00000000  2.21160690  1.77556454  2.05635483  2.14939830  1.61769666  2.13088325
1    2.21160690  0.00000000  2.01830225  2.07352644  1.86223149  2.01919320  1.90427781
2    1.77556454  2.01830225  0.00000000  1.79000571  1.92682517  1.06733209  1.89959899
3    2.05635483  2.07352644  1.79000571  0.00000000  1.93225526  1.80793942  1.64463003
4    2.14939830  1.86223149  1.92682517  1.93225526  0.00000000  1.93454505  0.77448047
5    1.61769666  2.01919320  1.06733209  1.80793942  1.93454505  0.00000000  1.90935135
6    2.13088325  1.90427781  1.89959899  1.64463003  0.77448047  1.90935135  0.00000000

--------------------------------------------------------------------------------
n=6
(result of R-step: (0,2:5)0.23332035)
V=[0, 1, 2, 3, 4, 6]
total successes of this branch: 1
Matrix on 6 elements:

0    0.00000000  1.56738871  0.67661424  1.41213664  1.50518012  1.48666507
1    1.56738871  0.00000000  1.56357014  2.07352644  1.86223149  1.90427781
2    0.67661424  1.56357014  0.00000000  1.33527360  1.47209306  1.44486688
3    1.41213664  2.07352644  1.33527360  0.00000000  1.93225526  1.64463003
4    1.50518012  1.86223149  1.47209306  1.93225526  0.00000000  0.77448047
6    1.48666507  1.90427781  1.44486688  1.64463003  0.77448047  0.00000000

--------------------------------------------------------------------------------
n=5
(result of R-step: (1,2:0)0.12575170)
V=[1, 2, 3, 4, 6]
total successes of this branch: 1
Matrix on 5 elements:

1    0.00000000  0.41943707  1.21304628  1.00175133  1.04379766
2    0.41943707  0.00000000  1.05162069  1.18844015  1.16121396
3    1.21304628  1.05162069  0.00000000  1.93225526  1.64463003
4    1.00175133  1.18844015  1.93225526  0.00000000  0.77448047
6    1.04379766  1.16121396  1.64463003  0.77448047  0.00000000

--------------------------------------------------------------------------------
n=4
(result of R-step: (2,4:1)0.77998349)
V=[2, 3, 4, 6]
total successes of this branch: 1
Matrix on 4 elements:

2    0.00000000  0.92963787  0.82302970  1.03923114
3    0.92963787  0.00000000  1.68882764  1.64463003
4    0.82302970  1.68882764  0.00000000  0.53105285
6    1.03923114  1.64463003  0.53105285  0.00000000

--------------------------------------------------------------------------------
n=4
(result of R-step: (2,6:1)0.65429482)
V=[2, 3, 4, 6]
total successes of this branch: 0
Matrix on 4 elements:

2    0.00000000  1.00456224  1.14138170  0.64033822
3    1.00456224  0.00000000  1.93225526  1.17081273
4    1.14138170  1.93225526  0.00000000  0.30066318
6    0.64033822  1.17081273  0.30066318  0.00000000
reason of abort: no pseudometric

--------------------------------------------------------------------------------
n=4
(result of R-step: (3,6:1)0.76461430)
V=[2, 3, 4, 6]
total successes of this branch: 0
reason of abort: negative delta/dxy
