n=8
V=[0, 1, 2, 3, 4, 5, 6, 7]
total successes of this branch: 1
Matrix on 8 elements:

0    0.00000000  1.70718413  1.60164146  1.61274114  1.46012538  1.37237048  1.54657990  1.01072414
1    1.70718413  0.00000000  1.67696873  1.65743820  1.61036250  1.64207396  1.44948976  1.69087032
2    1.60164146  1.67696873  0.00000000  1.51079082  1.62285031  1.61590389  1.64178824  0.90818736
3    1.61274114  1.65743820  1.51079082  0.00000000  1.62532587  1.62120406  1.63656310  1.55769642
4    1.46012538  1.61036250  1.62285031  1.62532587  0.00000000  1.27994651  1.31151353  1.54798336
5    1.37237048  1.64207396  1.61590389  1.62120406  1.27994651  0.00000000  1.40666760  1.50385834
6    1.54657990  1.44948976  1.64178824  1.63656310  1.31151353  1.40666760  0.00000000  1.59798451
7    1.01072414  1.69087032  0.90818736  1.55769642  1.54798336  1.50385834  1.59798451  0.00000000

--------------------------------------------------------------------------------
n=7
(result of R-step: (0,2:7)0.46008289)
V=[0, 1, 2, 3, 4, 5, 6]
total successes of this branch: 1
Matrix on 7 elements:

0    0.00000000  1.54854911  1.28437142  1.45410612  1.30149036  1.21373546  1.38794488
1    1.54854911  0.00000000  1.51833371  1.65743820  1.61036250  1.64207396  1.44948976
2    1.28437142  1.51833371  0.00000000  1.35215580  1.46421529  1.45726887  1.48315322
3    1.45410612  1.65743820  1.35215580  0.00000000  1.62532587  1.62120406  1.63656310
4    1.30149036  1.61036250  1.46421529  1.62532587  0.00000000  1.27994651  1.31151353
5    1.21373546  1.64207396  1.45726887  1.62120406  1.27994651  0.00000000  1.40666760
6    1.38794488  1.44948976  1.48315322  1.63656310  1.31151353  1.40666760  0.00000000

--------------------------------------------------------------------------------
n=6
(result of R-step: (1,4:6)0.34993506)
V=[0, 1, 2, 3, 4, 5]
total successes of this branch: 1
Matrix on 6 elements:

0    0.00000000  0.97322872  1.28437142  1.45410612  0.72616996  1.21373546
1    0.97322872  0.00000000  0.94301331  1.08211780  0.45972170  1.06675356
2    1.28437142  0.94301331  0.00000000  1.35215580  0.88889490  1.45726887
3    1.45410612  1.08211780  1.35215580  0.00000000  1.05000547  1.62120406
4    0.72616996  0.45972170  0.88889490  1.05000547  0.00000000  0.70462611
5    1.21373546  1.06675356  1.45726887  1.62120406  0.70462611  0.00000000

--------------------------------------------------------------------------------
n=5
(result of R-step: (1,2:3)0.07306692)
V=[0, 1, 2, 4, 5]
total successes of this branch: 1
Matrix on 5 elements:

0    0.00000000  0.86689724  0.69598818  0.72616996  1.21373546
1    0.86689724  0.00000000  0.24829859  0.35339023  0.96042209
2    0.69598818  0.24829859  0.00000000  0.30051165  0.86888563
4    0.72616996  0.35339023  0.30051165  0.00000000  0.70462611
5    1.21373546  0.96042209  0.86888563  0.70462611  0.00000000

--------------------------------------------------------------------------------
n=4
(result of R-step: (0,1:2)0.32358806)
V=[0, 1, 4, 5]
total successes of this branch: 1
Matrix on 4 elements:

0    0.00000000  0.32499814  0.28870918  0.77627468
1    0.32499814  0.00000000  0.24895192  0.85598378
4    0.28870918  0.24895192  0.00000000  0.70462611
5    0.77627468  0.85598378  0.70462611  0.00000000
