n=8
V=[0, 1, 2, 3, 4, 5, 6, 7]
total successes of this branch: 1
Matrix on 8 elements:

0    0.00000000  1.37700101  1.24449438  1.23879982  1.24803301  1.22853661  1.24684561  1.35652079
1    1.37700101  0.00000000  1.35645211  1.35709981  1.34369095  1.00958140  1.34797303  0.65103838
2    1.24449438  1.35645211  0.00000000  1.06952352  0.89136234  1.32423220  0.83460205  1.35200747
3    1.23879982  1.35709981  1.06952352  0.00000000  1.07720334  1.32305468  1.07462633  1.35240339
4    1.24803301  1.34369095  0.89136234  1.07720334  0.00000000  1.31616190  0.77896940  1.33989340
5    1.22853661  1.00958140  1.32423220  1.32305468  1.31616190  0.00000000  1.31886993  0.95220681
6    1.24684561  1.34797303  0.83460205  1.07462633  0.77896940  1.31886993  0.00000000  1.34395834
7    1.35652079  0.65103838  1.35200747  1.35240339  1.33989340  0.95220681  1.34395834  0.00000000

--------------------------------------------------------------------------------
n=7
(result of R-step: (1,5:7)0.86205299)
V=[0, 1, 2, 3, 4, 5, 6]
total successes of this branch: 1
Matrix on 7 elements:

0    0.00000000  1.08016911  1.24449438  1.23879982  1.24803301  0.93170472  1.24684561
1    1.08016911  0.00000000  1.05962021  1.06026791  1.04685906  0.41591761  1.05114113
2    1.24449438  1.05962021  0.00000000  1.06952352  0.89136234  1.02740030  0.83460205
3    1.23879982  1.06026791  1.06952352  0.00000000  1.07720334  1.02622279  1.07462633
4    1.24803301  1.04685906  0.89136234  1.07720334  0.00000000  1.01933000  0.77896940
5    0.93170472  0.41591761  1.02740030  1.02622279  1.01933000  0.00000000  1.02203804
6    1.24684561  1.05114113  0.83460205  1.07462633  0.77896940  1.02203804  0.00000000

--------------------------------------------------------------------------------
n=6
(result of R-step: (0,1:5)0.28778639)
V=[0, 1, 2, 3, 4, 6]
total successes of this branch: 1
Matrix on 6 elements:

0    0.00000000  0.51588401  0.81393588  0.80824131  0.81747451  0.81628710
1    0.51588401  0.00000000  0.92589361  0.92654131  0.91313245  0.91741453
2    0.81393588  0.92589361  0.00000000  1.06952352  0.89136234  0.83460205
3    0.80824131  0.92654131  1.06952352  0.00000000  1.07720334  1.07462633
4    0.81747451  0.91313245  0.89136234  1.07720334  0.00000000  0.77896940
6    0.81628710  0.91741453  0.83460205  1.07462633  0.77896940  0.00000000

--------------------------------------------------------------------------------
n=5
(result of R-step: (1,3:0)0.20259230)
V=[1, 2, 3, 4, 6]
total successes of this branch: 1
Matrix on 5 elements:

1    0.00000000  0.91715152  0.38669041  0.90439036  0.90867244
2    0.91715152  0.00000000  0.53841472  0.89136234  0.83460205
3    0.38669041  0.53841472  0.00000000  0.54609453  0.54351753
4    0.90439036  0.89136234  0.54609453  0.00000000  0.77896940
6    0.90867244  0.83460205  0.54351753  0.77896940  0.00000000

--------------------------------------------------------------------------------
n=4
(result of R-step: (1,4:2)0.21899306)
V=[1, 3, 4, 6]
total successes of this branch: 0
Matrix on 4 elements:

1    0.00000000 -0.03247307  0.05880394  0.48950896
3   -0.03247307  0.00000000  0.11967159  0.54351753
4    0.05880394  0.11967159  0.00000000  0.35254646
6    0.48950896  0.54351753  0.35254646  0.00000000
reason of abort: no pseudometric

--------------------------------------------------------------------------------
n=4
(result of R-step: (1,6:2)0.41628540)
V=[1, 3, 4, 6]
total successes of this branch: 0
Matrix on 4 elements:

1    0.00000000 -0.00554545  0.51215450  0.17709870
3   -0.00554545  0.00000000  0.54609453  0.20417965
4    0.51215450  0.54609453  0.00000000  0.43963152
6    0.17709870  0.20417965  0.43963152  0.00000000
reason of abort: no pseudometric

--------------------------------------------------------------------------------
n=4
(result of R-step: (2,4:6)0.33555548)
V=[1, 2, 3, 4]
total successes of this branch: 1
Matrix on 4 elements:

1    0.00000000  0.55604696  0.38669041  0.54328581
2    0.55604696  0.00000000  0.17731016  0.16915324
3    0.38669041  0.17731016  0.00000000  0.18498998
4    0.54328581  0.16915324  0.18498998  0.00000000

--------------------------------------------------------------------------------
n=4
(result of R-step: (3,4:2)0.15189294)
V=[1, 3, 4, 6]
total successes of this branch: 0
reason of abort: negative delta/dxy

--------------------------------------------------------------------------------
n=4
(result of R-step: (3,6:2)0.35943027)
V=[1, 3, 4, 6]
total successes of this branch: 0
reason of abort: negative delta/dxy
