n=8
V=[0, 1, 2, 3, 4, 5, 6, 7]
total successes of this branch: 1
Matrix on 8 elements:

0    0.00000000  1.17032690  1.15791207  1.16700122  1.09675216  0.87186592  1.16705153  1.16701505
1    1.17032690  0.00000000  1.16623485  1.06605488  1.16794810  1.16982453  1.06013907  1.06442856
2    1.15791207  1.16623485  0.00000000  1.12957941  1.07299279  1.13997851  1.13013399  1.12973187
3    1.16700122  1.06605488  1.12957941  0.00000000  1.14524704  1.16240709  0.68095573  0.22214679
4    1.09675216  1.16794810  1.07299279  1.14524704  0.00000000  1.03654512  1.14559049  1.14534146
5    0.87186592  1.16982453  1.13997851  1.16240709  1.03654512  0.00000000  1.16251931  1.16243794
6    1.16705153  1.06013907  1.13013399  0.68095573  1.14559049  1.16251931  0.00000000  0.50700291
7    1.16701505  1.06442856  1.12973187  0.22214679  1.14534146  1.16243794  0.50700291  0.00000000

--------------------------------------------------------------------------------
n=7
(result of R-step: (0,4:5)0.78881636)
V=[0, 1, 2, 3, 4, 6, 7]
total successes of this branch: 1
Matrix on 7 elements:

0    0.00000000  0.76449745  0.75208263  0.76117177  0.28509327  0.76122209  0.76118560
1    0.76449745  0.00000000  1.16623485  1.06605488  0.76211865  1.06013907  1.06442856
2    0.75208263  1.16623485  0.00000000  1.12957941  0.66716335  1.13013399  1.12973187
3    0.76117177  1.06605488  1.12957941  0.00000000  0.73941760  0.68095573  0.22214679
4    0.28509327  0.76211865  0.66716335  0.73941760  0.00000000  0.73976105  0.73951201
6    0.76122209  1.06013907  1.13013399  0.68095573  0.73976105  0.00000000  0.50700291
7    0.76118560  1.06442856  1.12973187  0.22214679  0.73951201  0.50700291  0.00000000

--------------------------------------------------------------------------------
n=6
(result of R-step: (0,2:4)0.41867643)
V=[0, 1, 2, 3, 6, 7]
total successes of this branch: 1
Matrix on 6 elements:

0    0.00000000  0.66441046  0.14607919  0.66108478  0.66113509  0.66109861
1    0.66441046  0.00000000  0.66031841  1.06605488  1.06013907  1.06442856
2    0.14607919  0.66031841  0.00000000  0.62366298  0.62421755  0.62381543
3    0.66108478  1.06605488  0.62366298  0.00000000  0.68095573  0.22214679
6    0.66113509  1.06013907  0.62421755  0.68095573  0.00000000  0.50700291
7    0.66109861  1.06442856  0.62381543  0.22214679  0.50700291  0.00000000

--------------------------------------------------------------------------------
n=5
(result of R-step: (1,2:0)0.07793328)
V=[1, 2, 3, 6, 7]
total successes of this branch: 1
Matrix on 5 elements:

1    0.00000000  0.27308748  0.72853492  0.72261911  0.72690860
2    0.27308748  0.00000000  0.57395200  0.57450658  0.57410446
3    0.72853492  0.57395200  0.00000000  0.68095573  0.22214679
6    0.72261911  0.57450658  0.68095573  0.00000000  0.50700291
7    0.72690860  0.57410446  0.22214679  0.50700291  0.00000000

--------------------------------------------------------------------------------
n=4
(result of R-step: (3,6:7)0.72508956)
V=[1, 2, 3, 6]
total successes of this branch: 1
Matrix on 4 elements:

1    0.00000000  0.27308748  0.70443793  0.69852212
2    0.27308748  0.00000000  0.54985502  0.55040959
3    0.70443793  0.54985502  0.00000000  0.63276175
6    0.69852212  0.55040959  0.63276175  0.00000000
