n=8
V=[0, 1, 2, 3, 4, 5, 6, 7]
total successes of this branch: 1
Matrix on 8 elements:

0    0.00000000  2.41773924  1.93661135  0.99798783  0.59289360  0.70463343  2.21767050  0.25404404
1    2.41773924  0.00000000  1.58048124  2.37296287  2.39840735  2.39138883  0.76808584  2.41281222
2    1.93661135  1.58048124  0.00000000  1.92572305  1.93191040  1.93020370  1.00218688  1.93541324
3    0.99798783  2.37296287  1.92572305  0.00000000  0.69021043  0.55625208  2.18698590  0.91954614
4    0.59289360  2.39840735  1.93191040  0.69021043  0.00000000  0.33852503  2.20442264  0.47699394
5    0.70463343  2.39138883  1.93020370  0.55625208  0.33852503  0.00000000  2.19961295  0.61132522
6    2.21767050  0.76808584  1.00218688  2.18698590  2.20442264  2.19961295  0.00000000  2.21429408
7    0.25404404  2.41281222  1.93541324  0.91954614  0.47699394  0.61132522  2.21429408  0.00000000

--------------------------------------------------------------------------------
n=7
(result of R-step: (0,4:7)0.74513500)
V=[0, 1, 2, 3, 4, 5, 6]
total successes of this branch: 1
Matrix on 7 elements:

0    0.00000000  2.34866704  1.86753915  0.92891563  0.45474921  0.63556124  2.14859831
1    2.34866704  0.00000000  1.58048124  2.37296287  2.32933516  2.39138883  0.76808584
2    1.86753915  1.58048124  0.00000000  1.92572305  1.86283821  1.93020370  1.00218688
3    0.92891563  2.37296287  1.92572305  0.00000000  0.62113823  0.55625208  2.18698590
4    0.45474921  2.32933516  1.86283821  0.62113823  0.00000000  0.26945283  2.13535044
5    0.63556124  2.39138883  1.93020370  0.55625208  0.26945283  0.00000000  2.19961295
6    2.14859831  0.76808584  1.00218688  2.18698590  2.13535044  2.19961295  0.00000000

--------------------------------------------------------------------------------
n=6
(result of R-step: (3,4:5)0.27583666)
V=[0, 1, 2, 3, 4, 6]
total successes of this branch: 1
Matrix on 6 elements:

0    0.00000000  2.34866704  1.86753915  0.82663229  0.42153806  2.14859831
1    2.34866704  0.00000000  1.58048124  2.27067953  2.29612401  0.76808584
2    1.86753915  1.58048124  0.00000000  1.82343971  1.82962706  1.00218688
3    0.82663229  2.27067953  1.82343971  0.00000000  0.48564375  2.08470256
4    0.42153806  2.29612401  1.82962706  0.48564375  0.00000000  2.10213930
6    2.14859831  0.76808584  1.00218688  2.08470256  2.10213930  0.00000000

--------------------------------------------------------------------------------
n=5
(result of R-step: (0,3:4)0.56825691)
V=[0, 1, 2, 3, 6]
total successes of this branch: 1
Matrix on 5 elements:

0    0.00000000  2.27518114  1.79405325  0.71287164  2.07511240
1    2.27518114  0.00000000  1.58048124  2.23040477  0.76808584
2    1.79405325  1.58048124  0.00000000  1.78316495  1.00218688
3    0.71287164  2.23040477  1.78316495  0.00000000  2.04442780
6    2.07511240  0.76808584  1.00218688  2.04442780  0.00000000

--------------------------------------------------------------------------------
n=4
(result of R-step: (0,1:3)0.98189563)
V=[0, 1, 2, 6]
total successes of this branch: 1
Matrix on 4 elements:

0    0.00000000  1.83467706  1.44844491  1.72950407
1    1.83467706  0.00000000  1.48558549  0.67319010
2    1.44844491  1.48558549  0.00000000  1.00218688
6    1.72950407  0.67319010  1.00218688  0.00000000

--------------------------------------------------------------------------------
n=4
(result of R-step: (0,6:3)0.95261926)
V=[0, 1, 2, 6]
total successes of this branch: 0
Matrix on 4 elements:

0    0.00000000  1.96660016  1.48547227  1.33381506
1    1.96660016  0.00000000  1.58048124  0.33536948
2    1.48547227  1.58048124  0.00000000  0.56947052
6    1.33381506  0.33536948  0.56947052  0.00000000
reason of abort: no pseudometric
