n=8
V=[0, 1, 2, 3, 4, 5, 6, 7]
total successes of this branch: 1
Matrix on 8 elements:

0    0.00000000  1.85946630  1.49480265  1.66366281  1.85690678  1.85780005  1.28142400  1.85750889
1    1.85946630  0.00000000  1.72421619  1.51536287  1.12307583  1.03520158  1.52419479  1.06384396
2    1.49480265  1.72421619  0.00000000  1.48203823  1.72342157  1.72369889  1.59889065  1.72360850
3    1.66366281  1.51536287  1.48203823  0.00000000  1.51587654  1.51569727  1.59637714  1.51575570
4    1.85690678  1.12307583  1.72342157  1.51587654  0.00000000  0.95915984  1.37589493  0.72710203
5    1.85780005  1.03520158  1.72369889  1.51569727  0.95915984  0.00000000  1.44865780  0.47926897
6    1.28142400  1.52419479  1.59889065  1.59637714  1.37589493  1.44865780  0.00000000  1.42494093
7    1.85750889  1.06384396  1.72360850  1.51575570  0.72710203  0.47926897  1.42494093  0.00000000

--------------------------------------------------------------------------------
n=7
(result of R-step: (4,5:7)0.32594739)
V=[0, 1, 2, 3, 4, 5, 6]
total successes of this branch: 1
Matrix on 7 elements:

0    0.00000000  1.85946630  1.49480265  1.66366281  1.73330120  1.73419447  1.28142400
1    1.85946630  0.00000000  1.72421619  1.51536287  0.99947025  0.91159600  1.52419479
2    1.49480265  1.72421619  0.00000000  1.48203823  1.59981599  1.60009331  1.59889065
3    1.66366281  1.51536287  1.48203823  0.00000000  1.39227096  1.39209169  1.59637714
4    1.73330120  0.99947025  1.59981599  1.39227096  0.00000000  0.71194869  1.25228935
5    1.73419447  0.91159600  1.60009331  1.39209169  0.71194869  0.00000000  1.32505222
6    1.28142400  1.52419479  1.59889065  1.59637714  1.25228935  1.32505222  0.00000000

--------------------------------------------------------------------------------
n=6
(result of R-step: (0,4:6)0.54470961)
V=[0, 1, 2, 3, 4, 5]
total successes of this branch: 1
Matrix on 6 elements:

0    0.00000000  1.45926022  1.09459658  1.26345673  1.05649463  1.33398839
1    1.45926022  0.00000000  1.72421619  1.51536287  0.72286975  0.91159600
2    1.09459658  1.72421619  0.00000000  1.48203823  1.32321549  1.60009331
3    1.26345673  1.51536287  1.48203823  0.00000000  1.11567047  1.39209169
4    1.05649463  0.72286975  1.32321549  1.11567047  0.00000000  0.43534819
5    1.33398839  0.91159600  1.60009331  1.39209169  0.43534819  0.00000000

--------------------------------------------------------------------------------
n=5
(result of R-step: (1,4:5)0.34899785)
V=[0, 1, 2, 3, 4]
total successes of this branch: 1
Matrix on 5 elements:

0    0.00000000  1.02361743  1.09459658  1.26345673  1.02105790
1    1.02361743  0.00000000  1.28857340  1.07972007  0.25179023
2    1.09459658  1.28857340  0.00000000  1.48203823  1.28777877
3    1.26345673  1.07972007  1.48203823  0.00000000  1.08023374
4    1.02105790  0.25179023  1.28777877  1.08023374  0.00000000

--------------------------------------------------------------------------------
n=4
(result of R-step: (1,2:0)0.07596910)
V=[1, 2, 3, 4]
total successes of this branch: 0
Matrix on 4 elements:

1    0.00000000  0.50960289  0.94181176  0.11388192
2    0.50960289  0.00000000  0.84097603  0.64671657
3    0.94181176  0.84097603  0.00000000  1.08023374
4    0.11388192  0.64671657  1.08023374  0.00000000
reason of abort: no pseudometric

--------------------------------------------------------------------------------
n=4
(result of R-step: (2,4:0)0.92696688)
V=[1, 2, 3, 4]
total successes of this branch: 1
Matrix on 4 elements:

1    0.00000000  0.64681232  1.07972007  0.13837528
2    0.64681232  0.00000000  0.84027715  0.53260273
3    1.07972007  0.84027715  0.00000000  0.96681879
4    0.13837528  0.53260273  0.96681879  0.00000000
