n=8
V=[0, 1, 2, 3, 4, 5, 6, 7]
total successes of this branch: 1
Matrix on 8 elements:

0    0.00000000  2.17398205  2.16208668  2.13638951  2.01562168  2.14907787  2.15218575  2.15093545
1    2.17398205  0.00000000  2.11916648  2.13440101  2.05453002  2.12687873  2.12503623  2.12577747
2    2.16208668  2.11916648  0.00000000  2.09532251  2.14363212  1.80541349  1.62053390  1.69491120
3    2.13638951  2.13440101  2.09532251  0.00000000  2.13553451  1.79809183  1.86910189  1.84053445
4    2.01562168  2.05453002  2.14363212  2.13553451  0.00000000  2.13953283  2.14051217  2.14011818
5    2.14907787  2.12687873  1.80541349  1.79809183  2.13953283  0.00000000  1.21643250  0.74193554
6    2.15218575  2.12503623  1.62053390  1.86910189  2.14051217  1.21643250  0.00000000  0.51147274
7    2.15093545  2.12577747  1.69491120  1.84053445  2.14011818  0.74193554  0.51147274  0.00000000

--------------------------------------------------------------------------------
n=7
(result of R-step: (5,6:7)0.40230129)
V=[0, 1, 2, 3, 4, 5, 6]
total successes of this branch: 1
Matrix on 7 elements:

0    0.00000000  2.17398205  2.16208668  2.13638951  2.01562168  2.13058999  2.13369786
1    2.17398205  0.00000000  2.11916648  2.13440101  2.05453002  2.10839084  2.10654834
2    2.16208668  2.11916648  0.00000000  2.09532251  2.14363212  1.78692561  1.60204601
3    2.13638951  2.13440101  2.09532251  0.00000000  2.13553451  1.77960395  1.85061401
4    2.01562168  2.05453002  2.14363212  2.13553451  0.00000000  2.12104494  2.12202428
5    2.13058999  2.10839084  1.78692561  1.77960395  2.12104494  0.00000000  1.17945673
6    2.13369786  2.10654834  1.60204601  1.85061401  2.12202428  1.17945673  0.00000000

--------------------------------------------------------------------------------
n=6
(result of R-step: (2,5:6)0.23890556)
V=[0, 1, 2, 3, 4, 5]
total successes of this branch: 1
Matrix on 6 elements:

0    0.00000000  2.17398205  1.64631022  2.13638951  2.01562168  1.63330142
1    2.17398205  0.00000000  1.60339002  2.13440101  2.05453002  1.61110228
2    1.64631022  1.60339002  0.00000000  1.57954605  1.62785567  0.77386059
3    2.13638951  2.13440101  1.57954605  0.00000000  2.13553451  1.28231538
4    2.01562168  2.05453002  1.62785567  2.13553451  0.00000000  1.62375637
5    1.63330142  1.61110228  0.77386059  1.28231538  1.62375637  0.00000000

--------------------------------------------------------------------------------
n=5
(result of R-step: (2,3:5)0.49376497)
V=[0, 1, 2, 3, 4]
total successes of this branch: 1
Matrix on 5 elements:

0    0.00000000  2.17398205  1.40799527  1.38229810  2.01562168
1    2.17398205  0.00000000  1.36507507  1.38030960  2.05453002
2    1.40799527  1.36507507  0.00000000  0.58713969  1.38954071
3    1.38229810  1.38030960  0.58713969  0.00000000  1.38144310
4    2.01562168  2.05453002  1.38954071  1.38144310  0.00000000

--------------------------------------------------------------------------------
n=4
(result of R-step: (3,4:0)0.78793104)
V=[1, 2, 3, 4]
total successes of this branch: 1
Matrix on 4 elements:

1    0.00000000  1.36507507  1.10195677  1.40274074
2    1.36507507  0.00000000  0.30878686  0.73775143
3    1.10195677  0.30878686  0.00000000  0.45130099
4    1.40274074  0.73775143  0.45130099  0.00000000
