n=8
V=[0, 1, 2, 3, 4, 5, 6, 7]
total successes of this branch: 1
Matrix on 8 elements:

0    0.00000000  3.10621742  3.01759930  2.75586672  2.87498028  2.52022791  1.03987213  2.76533629
1    3.10621742  0.00000000  3.10181117  3.10551654  3.10383024  3.10565400  2.41406430  3.10538248
2    3.01759930  3.10181117  0.00000000  2.96809128  2.52412857  2.97780108  3.03872946  2.93279611
3    2.75586672  3.10551654  2.96809128  0.00000000  2.43651850  1.79003781  2.84359967  0.46474818
4    2.87498028  3.10383024  2.52412857  2.43651850  0.00000000  2.52251216  2.93240254  2.26622366
5    2.52022791  3.10565400  2.97780108  1.79003781  2.52251216  0.00000000  2.66712105  1.84826975
6    1.03987213  2.41406430  3.03872946  2.84359967  2.93240254  2.66712105  0.00000000  2.85065953
7    2.76533629  3.10538248  2.93279611  0.46474818  2.26622366  1.84826975  2.85065953  0.00000000

--------------------------------------------------------------------------------
n=7
(result of R-step: (0,1:6)0.74908337)
V=[0, 1, 2, 3, 4, 5, 7]
total successes of this branch: 1
Matrix on 7 elements:

0    0.00000000  2.75849841  2.84373979  2.58200722  2.70112077  2.34636840  2.59147678
1    2.75849841  0.00000000  2.92795167  2.93165703  2.92997073  2.93179449  2.93152297
2    2.84373979  2.92795167  0.00000000  2.96809128  2.52412857  2.97780108  2.93279611
3    2.58200722  2.93165703  2.96809128  0.00000000  2.43651850  1.79003781  0.46474818
4    2.70112077  2.92997073  2.52412857  2.43651850  0.00000000  2.52251216  2.26622366
5    2.34636840  2.93179449  2.97780108  1.79003781  2.52251216  0.00000000  1.84826975
7    2.59147678  2.93152297  2.93279611  0.46474818  2.26622366  1.84826975  0.00000000

--------------------------------------------------------------------------------
n=6
(result of R-step: (3,4:7)0.92049969)
V=[0, 1, 2, 3, 4, 5]
total successes of this branch: 1
Matrix on 6 elements:

0    0.00000000  2.75849841  2.84373979  2.43478055  2.55389410  2.34636840
1    2.75849841  0.00000000  2.92795167  2.78443036  2.78274406  2.93179449
2    2.84373979  2.92795167  0.00000000  2.82086461  2.37690190  2.97780108
3    2.43478055  2.78443036  2.82086461  0.00000000  2.14206516  1.64281114
4    2.55389410  2.78274406  2.37690190  2.14206516  0.00000000  2.37528549
5    2.34636840  2.93179449  2.97780108  1.64281114  2.37528549  0.00000000

--------------------------------------------------------------------------------
n=5
(result of R-step: (0,3:5)0.19612580)
V=[0, 1, 2, 3, 4]
total successes of this branch: 1
Matrix on 5 elements:

0    0.00000000  2.15515842  2.24039980  1.20146772  1.95055411
1    2.15515842  0.00000000  2.92795167  2.15445753  2.78274406
2    2.24039980  2.92795167  0.00000000  2.19089178  2.37690190
3    1.20146772  2.15445753  2.19089178  0.00000000  1.51209233
4    1.95055411  2.78274406  2.37690190  1.51209233  0.00000000

--------------------------------------------------------------------------------
n=4
(result of R-step: (0,1:4)0.34401804)
V=[0, 1, 2, 3]
total successes of this branch: 0
reason of abort: negative delta/dxy

--------------------------------------------------------------------------------
n=4
(result of R-step: (2,3:4)0.45509642)
V=[0, 1, 2, 3]
total successes of this branch: 1
Matrix on 4 elements:

0    0.00000000  2.15515842  1.24412190  0.98238933
1    2.15515842  0.00000000  1.93167377  1.93537913
2    1.24412190  1.93167377  0.00000000  0.97553548
3    0.98238933  1.93537913  0.97553548  0.00000000
