n=8
V=[0, 1, 2, 3, 4, 5, 6, 7]
total successes of this branch: 1
Matrix on 8 elements:

0    0.00000000  0.79558546  0.79517949  0.77011258  0.79519615  0.42005756  0.66801117  0.49072180
1    0.79558546  0.00000000  0.75119930  0.76618701  0.74025843  0.75346652  0.29503577  0.62281846
2    0.79517949  0.75119930  0.00000000  0.74601068  0.49551398  0.79074416  0.76463347  0.78330289
3    0.77011258  0.76618701  0.74601068  0.00000000  0.74683861  0.76971670  0.76738611  0.76905250
4    0.79519615  0.74025843  0.49551398  0.74683861  0.00000000  0.78965578  0.75703969  0.78036053
5    0.42005756  0.75346652  0.79074416  0.76971670  0.78965578  0.00000000  0.51759993  0.15762908
6    0.66801117  0.29503577  0.76463347  0.76738611  0.75703969  0.51759993  0.00000000  0.37412227
7    0.49072180  0.62281846  0.78330289  0.76905250  0.78036053  0.15762908  0.37412227  0.00000000

--------------------------------------------------------------------------------
n=7
(result of R-step: (5,6:7)0.71501026)
V=[0, 1, 2, 3, 4, 5, 6]
total successes of this branch: 1
Matrix on 7 elements:

0    0.00000000  0.79558546  0.79517949  0.77011258  0.79519615  0.41298185  0.66093546
1    0.79558546  0.00000000  0.75119930  0.76618701  0.74025843  0.74639082  0.28796006
2    0.79517949  0.75119930  0.00000000  0.74601068  0.49551398  0.78366846  0.75755777
3    0.77011258  0.76618701  0.74601068  0.00000000  0.74683861  0.76264099  0.76031041
4    0.79519615  0.74025843  0.49551398  0.74683861  0.00000000  0.78258007  0.74996398
5    0.41298185  0.74639082  0.78366846  0.76264099  0.78258007  0.00000000  0.50344851
6    0.66093546  0.28796006  0.75755777  0.76031041  0.74996398  0.50344851  0.00000000

--------------------------------------------------------------------------------
n=6
(result of R-step: (1,5:6)0.66028014)
V=[0, 1, 2, 3, 4, 5]
total successes of this branch: 1
Matrix on 6 elements:

0    0.00000000  0.76600087  0.79517949  0.77011258  0.79519615  0.39047297
1    0.76600087  0.00000000  0.72161471  0.73660242  0.71067384  0.69429735
2    0.79517949  0.72161471  0.00000000  0.74601068  0.49551398  0.76115958
3    0.77011258  0.73660242  0.74601068  0.00000000  0.74683861  0.74013211
4    0.79519615  0.71067384  0.49551398  0.74683861  0.00000000  0.76007119
5    0.39047297  0.69429735  0.76115958  0.74013211  0.76007119  0.00000000

--------------------------------------------------------------------------------
n=5
(result of R-step: (0,1:5)0.89915180)
V=[0, 1, 2, 3, 4]
total successes of this branch: 1
Matrix on 5 elements:

0    0.00000000  0.41764683  0.60621017  0.58114327  0.60622683
1    0.41764683  0.00000000  0.56222998  0.57721770  0.55128911
2    0.60621017  0.56222998  0.00000000  0.74601068  0.49551398
3    0.58114327  0.57721770  0.74601068  0.00000000  0.74683861
4    0.60622683  0.55128911  0.49551398  0.74683861  0.00000000

--------------------------------------------------------------------------------
n=4
(result of R-step: (1,3:0)0.06893372)
V=[1, 2, 3, 4]
total successes of this branch: 1
Matrix on 4 elements:

1    0.00000000  0.50891274  0.16491134  0.49797187
2    0.50891274  0.00000000  0.38702156  0.49551398
3    0.16491134  0.38702156  0.00000000  0.38784949
4    0.49797187  0.49551398  0.38784949  0.00000000
