n=8
V=[0, 1, 2, 3, 4, 5, 6, 7]
total successes of this branch: 1
Matrix on 8 elements:

0    0.00000000  1.71637488  1.69853714  1.59347029  1.51834296  1.61255082  1.71214347  0.77859541
1    1.71637488  0.00000000  1.68753344  1.69449224  1.69822416  1.69322849  0.99228567  1.70707937
2    1.69853714  1.68753344  0.00000000  1.36814368  1.42448980  1.31500228  1.47131948  1.55818962
3    1.59347029  1.69449224  1.36814368  0.00000000  1.22807788  1.12866214  1.61707690  1.40634233
4    1.51834296  1.69822416  1.42448980  1.22807788  0.00000000  1.26374701  1.63328979  0.74181433
5    1.61255082  1.69322849  1.31500228  1.12866214  1.26374701  0.00000000  1.60350691  1.43391836
6    1.71214347  0.99228567  1.47131948  1.61707690  1.63328979  1.60350691  0.00000000  1.67176023
7    0.77859541  1.70707937  1.55818962  1.40634233  0.74181433  1.43391836  1.67176023  0.00000000

--------------------------------------------------------------------------------
n=7
(result of R-step: (1,2:6)0.76278328)
V=[0, 1, 2, 3, 4, 5, 7]
total successes of this branch: 1
Matrix on 7 elements:

0    0.00000000  1.32833903  1.31050129  1.59347029  1.51834296  1.61255082  0.77859541
1    1.32833903  0.00000000  0.91146173  1.30645638  1.31018830  1.30519264  1.31904352
2    1.31050129  0.91146173  0.00000000  0.98010783  1.03645395  0.92696643  1.17015376
3    1.59347029  1.30645638  0.98010783  0.00000000  1.22807788  1.12866214  1.40634233
4    1.51834296  1.31018830  1.03645395  1.22807788  0.00000000  1.26374701  0.74181433
5    1.61255082  1.30519264  0.92696643  1.12866214  1.26374701  0.00000000  1.43391836
7    0.77859541  1.31904352  1.17015376  1.40634233  0.74181433  1.43391836  0.00000000

--------------------------------------------------------------------------------
n=6
(result of R-step: (2,3:5)0.18160367)
V=[0, 1, 2, 3, 4, 7]
total successes of this branch: 1
Matrix on 6 elements:

0    0.00000000  1.32833903  1.16077677  1.05570992  1.51834296  0.77859541
1    1.32833903  0.00000000  0.76173721  0.76869601  1.31018830  1.31904352
2    1.16077677  0.76173721  0.00000000  0.29262294  0.88672943  1.02042925
3    1.05570992  0.76869601  0.29262294  0.00000000  0.69031751  0.86858196
4    1.51834296  1.31018830  0.88672943  0.69031751  0.00000000  0.74181433
7    0.77859541  1.31904352  1.02042925  0.86858196  0.74181433  0.00000000

--------------------------------------------------------------------------------
n=5
(result of R-step: (1,3:2)0.26305907)
V=[0, 1, 3, 4, 7]
total successes of this branch: 1
Matrix on 5 elements:

0    0.00000000  1.02060516  1.01699502  1.51834296  0.77859541
1    1.02060516  0.00000000  0.42224724  1.00245443  1.01130965
3    1.01699502  0.42224724  0.00000000  0.65160261  0.82986706
4    1.51834296  1.00245443  0.65160261  0.00000000  0.74181433
7    0.77859541  1.01130965  0.82986706  0.74181433  0.00000000

--------------------------------------------------------------------------------
n=4
(result of R-step: (0,3:1)0.18453924)
V=[0, 3, 4, 7]
total successes of this branch: 1
Matrix on 4 elements:

0    0.00000000  0.98918687  1.51730957  0.77756202
3    0.98918687  0.00000000  0.62482785  0.80309230
4    1.51730957  0.62482785  0.00000000  0.74181433
7    0.77756202  0.80309230  0.74181433  0.00000000

--------------------------------------------------------------------------------
n=4
(result of R-step: (4,7:1)0.70764823)
V=[0, 3, 4, 7]
total successes of this branch: 0
reason of abort: negative delta/dxy
