n=8
V=[0, 1, 2, 3, 4, 5, 6, 7]
total successes of this branch: 1
Matrix on 8 elements:

0    0.00000000  1.33623284  1.16086320  0.67632048  1.21222624  1.19092172  1.19254995  1.21762870
1    1.33623284  0.00000000  0.95051005  1.19668032  0.76841594  0.84394549  0.83817302  0.15645948
2    1.16086320  0.95051005  0.00000000  0.88617870  0.51087734  0.42548173  0.43200822  0.96972538
3    0.67632048  1.19668032  0.88617870  0.00000000  0.97711979  0.93939897  0.94228184  1.14914651
4    1.21222624  0.76841594  0.51087734  0.97711979  0.00000000  0.39039276  0.37847644  0.80895710
5    1.19092172  0.84394549  0.42548173  0.93939897  0.39039276  0.00000000  0.24639060  0.87564106
6    1.19254995  0.83817302  0.43200822  0.94228184  0.37847644  0.24639060  0.00000000  0.87054463
7    1.21762870  0.15645948  0.96972538  1.14914651  0.80895710  0.87564106  0.87054463  0.00000000

--------------------------------------------------------------------------------
n=7
(result of R-step: (0,1:7)0.09134796)
V=[0, 1, 2, 3, 4, 5, 6]
total successes of this branch: 1
Matrix on 7 elements:

0    0.00000000  1.29837749  1.14193552  0.65739281  1.19329856  1.17199405  1.17362228
1    1.29837749  0.00000000  0.93158238  1.17775265  0.74948826  0.82501781  0.81924535
2    1.14193552  0.93158238  0.00000000  0.88617870  0.51087734  0.42548173  0.43200822
3    0.65739281  1.17775265  0.88617870  0.00000000  0.97711979  0.93939897  0.94228184
4    1.19329856  0.74948826  0.51087734  0.97711979  0.00000000  0.39039276  0.37847644
5    1.17199405  0.82501781  0.42548173  0.93939897  0.39039276  0.00000000  0.24639060
6    1.17362228  0.81924535  0.43200822  0.94228184  0.37847644  0.24639060  0.00000000

--------------------------------------------------------------------------------
n=6
(result of R-step: (4,5:6)0.07642659)
V=[0, 1, 2, 3, 4, 5]
total successes of this branch: 1
Matrix on 6 elements:

0    0.00000000  1.29837749  1.14193552  0.65739281  1.07606142  1.05475690
1    1.29837749  0.00000000  0.93158238  1.17775265  0.63225112  0.70778067
2    1.14193552  0.93158238  0.00000000  0.88617870  0.39364020  0.30824458
3    0.65739281  1.17775265  0.88617870  0.00000000  0.85988265  0.82216183
4    1.07606142  0.63225112  0.39364020  0.85988265  0.00000000  0.15591848
5    1.05475690  0.70778067  0.30824458  0.82216183  0.15591848  0.00000000

--------------------------------------------------------------------------------
n=5
(result of R-step: (2,4:5)0.41478304)
V=[0, 1, 2, 3, 4]
total successes of this branch: 1
Matrix on 5 elements:

0    0.00000000  1.29837749  0.98943695  0.65739281  1.04079999
1    1.29837749  0.00000000  0.77908381  1.17775265  0.59698969
2    0.98943695  0.77908381  0.00000000  0.73368013  0.20588019
3    0.65739281  1.17775265  0.73368013  0.00000000  0.82462122
4    1.04079999  0.59698969  0.20588019  0.82462122  0.00000000

--------------------------------------------------------------------------------
n=4
(result of R-step: (0,3:4)0.39193555)
V=[0, 1, 2, 3]
total successes of this branch: 0
reason of abort: negative delta/dxy

--------------------------------------------------------------------------------
n=4
(result of R-step: (1,2:4)0.29288444)
V=[0, 1, 2, 3]
total successes of this branch: 1
Matrix on 4 elements:

0    0.00000000  1.15291356  0.97754391  0.65739281
1    1.15291356  0.00000000  0.62172683  1.03228871
2    0.97754391  0.62172683  0.00000000  0.72178709
3    0.65739281  1.03228871  0.72178709  0.00000000
