n=8
V=[0, 1, 2, 3, 4, 5, 6, 7]
total successes of this branch: 1
Matrix on 8 elements:

0    0.00000000  1.00104471  0.81239806  0.44220242  0.31852589  0.54595233  0.94304282  0.84113427
1    1.00104471  0.00000000  0.96544121  0.98589007  0.99156836  0.98015913  0.35487228  0.83114239
2    0.81239806  0.96544121  0.00000000  0.53804609  0.64084309  0.41779582  0.69436912  0.15502916
3    0.44220242  0.98589007  0.53804609  0.00000000  0.23580219  0.22922489  0.84819457  0.60626538
4    0.31852589  0.99156836  0.64084309  0.23580219  0.00000000  0.34931773  0.88373328  0.69426845
5    0.54595233  0.98015913  0.41779582  0.22922489  0.34931773  0.00000000  0.80725316  0.50345963
6    0.94304282  0.35487228  0.69436912  0.84819457  0.88373328  0.80725316  0.00000000  0.54228583
7    0.84113427  0.83114239  0.15502916  0.60626538  0.69426845  0.50345963  0.54228583  0.00000000

--------------------------------------------------------------------------------
n=7
(result of R-step: (2,6:7)0.78004314)
V=[0, 1, 2, 3, 4, 5, 6]
total successes of this branch: 1
Matrix on 7 elements:

0    0.00000000  1.00104471  0.81092512  0.44220242  0.31852589  0.54595233  0.94156989
1    1.00104471  0.00000000  0.96396828  0.98589007  0.99156836  0.98015913  0.35339934
2    0.81092512  0.96396828  0.00000000  0.53657316  0.63937015  0.41632288  0.69142324
3    0.44220242  0.98589007  0.53657316  0.00000000  0.23580219  0.22922489  0.84672163
4    0.31852589  0.99156836  0.63937015  0.23580219  0.00000000  0.34931773  0.88226034
5    0.54595233  0.98015913  0.41632288  0.22922489  0.34931773  0.00000000  0.80578022
6    0.94156989  0.35339934  0.69142324  0.84672163  0.88226034  0.80578022  0.00000000

--------------------------------------------------------------------------------
n=6
(result of R-step: (1,2:6)0.69253689)
V=[0, 1, 2, 3, 4, 5]
total successes of this branch: 1
Matrix on 6 elements:

0    0.00000000  0.95914462  0.77049796  0.44220242  0.31852589  0.54595233
1    0.95914462  0.00000000  0.88164103  0.94398997  0.94966827  0.93825904
2    0.77049796  0.88164103  0.00000000  0.49614600  0.59894300  0.37589572
3    0.44220242  0.94398997  0.49614600  0.00000000  0.23580219  0.22922489
4    0.31852589  0.94966827  0.59894300  0.23580219  0.00000000  0.34931773
5    0.54595233  0.93825904  0.37589572  0.22922489  0.34931773  0.00000000

--------------------------------------------------------------------------------
n=5
(result of R-step: (2,3:5)0.28025698)
V=[0, 1, 2, 3, 4]
total successes of this branch: 1
Matrix on 5 elements:

0    0.00000000  0.95914462  0.75791075  0.38771511  0.31852589
1    0.95914462  0.00000000  0.86905381  0.88950267  0.94966827
2    0.75791075  0.86905381  0.00000000  0.42907148  0.58635578
3    0.38771511  0.88950267  0.42907148  0.00000000  0.18131488
4    0.31852589  0.94966827  0.58635578  0.18131488  0.00000000

--------------------------------------------------------------------------------
n=4
(result of R-step: (0,1:3)0.63148363)
V=[0, 1, 2, 4]
total successes of this branch: 0
reason of abort: negative delta/dxy

--------------------------------------------------------------------------------
n=4
(result of R-step: (1,3:2)0.17694787)
V=[0, 1, 3, 4]
total successes of this branch: 0
reason of abort: negative delta/dxy

--------------------------------------------------------------------------------
n=4
(result of R-step: (1,4:3)0.63274777)
V=[0, 1, 2, 4]
total successes of this branch: 0
reason of abort: negative delta/dxy

--------------------------------------------------------------------------------
n=4
(result of R-step: (2,4:3)0.24875961)
V=[0, 1, 2, 4]
total successes of this branch: 1
Matrix on 4 elements:

0    0.00000000  0.95914462  0.70024601  0.26823225
1    0.95914462  0.00000000  0.81138907  0.89937463
2    0.70024601  0.81138907  0.00000000  0.47839740
4    0.26823225  0.89937463  0.47839740  0.00000000
