n=8
V=[0, 1, 2, 3, 4, 5, 6, 7]
total successes of this branch: 1
Matrix on 8 elements:

0    0.00000000  1.62677232  1.60340413  1.58525074  1.31438247  0.98724784  1.21554100  1.60954189
1    1.62677232  0.00000000  1.60608804  1.60911839  1.62595811  1.62662048  0.91271020  1.28566186
2    1.60340413  1.60608804  0.00000000  1.49764751  1.59852658  1.60249452  1.60510722  0.70656099
3    1.58525074  1.60911839  1.49764751  0.00000000  1.57215412  1.58280837  1.60039611  1.52692584
4    1.31438247  1.62595811  1.59852658  1.57215412  0.00000000  1.23939048  1.51209478  1.60573159
5    0.98724784  1.62662048  1.60249452  1.58280837  1.23939048  0.00000000  1.39296582  1.60883131
6    1.21554100  0.91271020  1.60510722  1.60039611  1.51209478  1.39296582  0.00000000  1.42324604
7    1.60954189  1.28566186  0.70656099  1.52692584  1.60573159  1.60883131  1.42324604  0.00000000

--------------------------------------------------------------------------------
n=7
(result of R-step: (1,2:7)0.26265448)
V=[0, 1, 2, 3, 4, 5, 6]
total successes of this branch: 1
Matrix on 7 elements:

0    0.00000000  1.43370492  1.41033673  1.58525074  1.31438247  0.98724784  1.21554100
1    1.43370492  0.00000000  1.21995324  1.41605098  1.43289071  1.43355308  0.71964280
2    1.41033673  1.21995324  0.00000000  1.30458011  1.40545918  1.40942712  1.41203982
3    1.58525074  1.41605098  1.30458011  0.00000000  1.57215412  1.58280837  1.60039611
4    1.31438247  1.43289071  1.40545918  1.57215412  0.00000000  1.23939048  1.51209478
5    0.98724784  1.43355308  1.40942712  1.58280837  1.23939048  0.00000000  1.39296582
6    1.21554100  0.71964280  1.41203982  1.60039611  1.51209478  1.39296582  0.00000000

--------------------------------------------------------------------------------
n=6
(result of R-step: (0,1:6)0.36544363)
V=[0, 1, 2, 3, 4, 5]
total successes of this branch: 1
Matrix on 6 elements:

0    0.00000000  1.12529343  1.15959729  1.33451130  1.06364303  0.73650840
1    1.12529343  0.00000000  1.16228120  1.35837894  1.37521866  1.37588103
2    1.15959729  1.16228120  0.00000000  1.30458011  1.40545918  1.40942712
3    1.33451130  1.35837894  1.30458011  0.00000000  1.57215412  1.58280837
4    1.06364303  1.37521866  1.40545918  1.57215412  0.00000000  1.23939048
5    0.73650840  1.37588103  1.40942712  1.58280837  1.23939048  0.00000000

--------------------------------------------------------------------------------
n=5
(result of R-step: (0,4:5)0.81351150)
V=[0, 1, 2, 3, 4]
total successes of this branch: 1
Matrix on 5 elements:

0    0.00000000  0.91990495  0.95420880  1.12912281  0.40212662
1    0.91990495  0.00000000  1.16228120  1.35837894  0.91909074
2    0.95420880  1.16228120  0.00000000  1.30458011  0.94933125
3    1.12912281  1.35837894  1.30458011  0.00000000  1.11602619
4    0.40212662  0.91909074  0.94933125  1.11602619  0.00000000

--------------------------------------------------------------------------------
n=4
(result of R-step: (0,2:3)0.09645690)
V=[0, 1, 2, 4]
total successes of this branch: 0
Matrix on 4 elements:

0    0.00000000  0.67379800  0.15856333  0.15601967
1    0.67379800  0.00000000  0.61274267  0.91909074
2    0.15856333  0.61274267  0.00000000  0.39979272
4    0.15601967  0.91909074  0.39979272  0.00000000
reason of abort: no pseudometric

--------------------------------------------------------------------------------
n=4
(result of R-step: (2,4:3)0.93142020)
V=[0, 1, 2, 4]
total successes of this branch: 1
Matrix on 4 elements:

0    0.00000000  0.91990495  0.40306150  0.26342546
1    0.91990495  0.00000000  0.61113389  0.78038957
2    0.40306150  0.61113389  0.00000000  0.25948278
4    0.26342546  0.78038957  0.25948278  0.00000000
