n=8
V=[0, 1, 2, 3, 4, 5, 6, 7]
total successes of this branch: 1
Matrix on 8 elements:

0    0.00000000  0.84574709  0.84571158  0.49555269  0.53743298  0.84572146  0.84573753  0.60506961
1    0.84574709  0.00000000  0.84562312  0.84574592  0.77555560  0.69374552  0.33429222  0.84570751
2    0.84571158  0.84562312  0.00000000  0.84236129  0.84569517  0.45153652  0.69855475  0.59627172
3    0.49555269  0.84574592  0.84236129  0.00000000  0.56049383  0.84330283  0.84483419  0.30162766
4    0.53743298  0.77555560  0.84569517  0.56049383  0.00000000  0.82618358  0.79444935  0.64969440
5    0.84572146  0.69374552  0.45153652  0.84330283  0.82618358  0.00000000  0.47973618  0.72077263
6    0.84573753  0.33429222  0.69855475  0.84483419  0.79444935  0.47973618  0.00000000  0.79908332
7    0.60506961  0.84570751  0.59627172  0.30162766  0.64969440  0.72077263  0.79908332  0.00000000

--------------------------------------------------------------------------------
n=7
(result of R-step: (1,5:6)0.62681206)
V=[0, 1, 2, 3, 4, 5, 7]
total successes of this branch: 1
Matrix on 7 elements:

0    0.00000000  0.78560565  0.84571158  0.49555269  0.53743298  0.78558001  0.60506961
1    0.78560565  0.00000000  0.78548167  0.78560447  0.71541416  0.57346263  0.78556607
2    0.84571158  0.78548167  0.00000000  0.84236129  0.84569517  0.39139508  0.59627172
3    0.49555269  0.78560447  0.84236129  0.00000000  0.56049383  0.78316139  0.30162766
4    0.53743298  0.71541416  0.84569517  0.56049383  0.00000000  0.76604214  0.64969440
5    0.78558001  0.57346263  0.39139508  0.78316139  0.76604214  0.00000000  0.66063119
7    0.60506961  0.78556607  0.59627172  0.30162766  0.64969440  0.66063119  0.00000000

--------------------------------------------------------------------------------
n=6
(result of R-step: (2,3:7)0.31276349)
V=[0, 1, 2, 3, 4, 5]
total successes of this branch: 1
Matrix on 6 elements:

0    0.00000000  0.78560565  0.81794253  0.46778365  0.53743298  0.78558001
1    0.78560565  0.00000000  0.75771263  0.75783543  0.71541416  0.57346263
2    0.81794253  0.75771263  0.00000000  0.78682319  0.81792613  0.36362603
3    0.46778365  0.75783543  0.78682319  0.00000000  0.53272479  0.75539234
4    0.53743298  0.71541416  0.81792613  0.53272479  0.00000000  0.76604214
5    0.78558001  0.57346263  0.36362603  0.75539234  0.76604214  0.00000000

--------------------------------------------------------------------------------
n=5
(result of R-step: (1,2:5)0.27818235)
V=[0, 1, 2, 3, 4]
total successes of this branch: 1
Matrix on 5 elements:

0    0.00000000  0.69591763  0.69588211  0.46778365  0.53743298
1    0.69591763  0.00000000  0.54596419  0.66814741  0.62572614
2    0.69588211  0.54596419  0.00000000  0.66476278  0.69586571
3    0.46778365  0.66814741  0.66476278  0.00000000  0.53272479
4    0.53743298  0.62572614  0.69586571  0.53272479  0.00000000

--------------------------------------------------------------------------------
n=4
(result of R-step: (0,1:2)0.65605250)
V=[0, 1, 3, 4]
total successes of this branch: 0
reason of abort: negative delta/dxy

--------------------------------------------------------------------------------
n=4
(result of R-step: (1,3:2)0.48069473)
V=[0, 1, 3, 4]
total successes of this branch: 1
Matrix on 4 elements:

0    0.00000000  0.61212635  0.25100155  0.53743298
1    0.61212635  0.00000000  0.36757402  0.54193485
3    0.25100155  0.36757402  0.00000000  0.31594268
4    0.53743298  0.54193485  0.31594268  0.00000000
