n=8
V=[0, 1, 2, 3, 4, 5, 6, 7]
total successes of this branch: 2
Matrix on 8 elements:

0    0.00000000  1.79693378  1.77086586  1.34196741  1.72059619  1.72852312  1.14431588  1.76183761
1    1.79693378  0.00000000  1.67063687  1.74338054  1.67916290  1.67781845  1.75229621  1.67216812
2    1.77086586  1.67063687  0.00000000  1.45511466  1.02710985  0.96792667  1.50768165  0.29280631
3    1.34196741  1.74338054  1.45511466  0.00000000  1.39828945  1.40725011  0.35239653  1.44490905
4    1.72059619  1.67916290  1.02710985  1.39828945  0.00000000  0.71097527  1.45194782  0.95970409
5    1.72852312  1.67781845  0.96792667  1.40725011  0.71097527  0.00000000  1.46073638  0.78496838
6    1.14431588  1.75229621  1.50768165  0.35239653  1.45194782  1.46073638  0.00000000  1.49767205
7    1.76183761  1.67216812  0.29280631  1.44490905  0.95970409  0.78496838  1.49767205  0.00000000

--------------------------------------------------------------------------------
n=7
(result of R-step: (0,3:6)0.16648231)
V=[0, 1, 2, 3, 4, 5, 7]
total successes of this branch: 2
Matrix on 7 elements:

0    0.00000000  1.71956127  1.69349336  1.18722240  1.64322368  1.65115062  1.68446510
1    1.71956127  0.00000000  1.67063687  1.66600804  1.67916290  1.67781845  1.67216812
2    1.69349336  1.67063687  0.00000000  1.37774216  1.02710985  0.96792667  0.29280631
3    1.18722240  1.66600804  1.37774216  0.00000000  1.32091694  1.32987761  1.36753655
4    1.64322368  1.67916290  1.02710985  1.32091694  0.00000000  0.71097527  0.95970409
5    1.65115062  1.67781845  0.96792667  1.32987761  0.71097527  0.00000000  0.78496838
7    1.68446510  1.67216812  0.29280631  1.36753655  0.95970409  0.78496838  0.00000000

--------------------------------------------------------------------------------
n=6
(result of R-step: (2,5:7)0.78678144)
V=[0, 1, 2, 3, 4, 5]
total successes of this branch: 2
Matrix on 6 elements:

0    0.00000000  1.71956127  1.63856935  1.18722240  1.64322368  1.59622661
1    1.71956127  0.00000000  1.61571286  1.66600804  1.67916290  1.62289444
2    1.63856935  1.61571286  0.00000000  1.32281815  0.97218584  0.85807865
3    1.18722240  1.66600804  1.32281815  0.00000000  1.32091694  1.27495360
4    1.64322368  1.67916290  0.97218584  1.32091694  0.00000000  0.65605126
5    1.59622661  1.62289444  0.85807865  1.27495360  0.65605126  0.00000000

--------------------------------------------------------------------------------
n=5
(result of R-step: (2,4:5)0.15768820)
V=[0, 1, 2, 3, 4]
total successes of this branch: 2
Matrix on 5 elements:

0    0.00000000  1.71956127  1.36759732  1.18722240  1.31732764
1    1.71956127  0.00000000  1.34474083  1.66600804  1.35326686
2    1.36759732  1.34474083  0.00000000  1.05184612  0.37531777
3    1.18722240  1.66600804  1.05184612  0.00000000  0.99502090
4    1.31732764  1.35326686  0.37531777  0.99502090  0.00000000

--------------------------------------------------------------------------------
n=4
(result of R-step: (0,2:1)0.45099433)
V=[0, 2, 3, 4]
total successes of this branch: 1
Matrix on 4 elements:

0    0.00000000  0.74755301  0.72642436  0.85652961
2    0.74755301  0.00000000  0.89259984  0.21607149
3    0.72642436  0.89259984  0.00000000  0.99502090
4    0.85652961  0.21607149  0.99502090  0.00000000

--------------------------------------------------------------------------------
n=4
(result of R-step: (0,2:3)0.52616623)
V=[0, 1, 2, 4]
total successes of this branch: 0
Matrix on 4 elements:

0    0.00000000  1.32504787  0.75337264  0.92281424
1    1.32504787  0.00000000  1.12502956  1.35326686
2    0.75337264  1.12502956  0.00000000  0.15560649
4    0.92281424  1.35326686  0.15560649  0.00000000
reason of abort: no pseudometric

--------------------------------------------------------------------------------
n=4
(result of R-step: (0,4:1)0.37300852)
V=[0, 2, 3, 4]
total successes of this branch: 0
Matrix on 4 elements:

0    0.00000000  0.97308392  0.79270899  0.71340303
2    0.97308392  0.00000000  1.05184612  0.16590656
3    0.79270899  1.05184612  0.00000000  0.78560969
4    0.71340303  0.16590656  0.78560969  0.00000000
reason of abort: no pseudometric

--------------------------------------------------------------------------------
n=4
(result of R-step: (0,4:3)0.58114347)
V=[0, 1, 2, 4]
total successes of this branch: 1
Matrix on 4 elements:

0    0.00000000  1.25876324  0.90679928  0.70183108
1    1.25876324  0.00000000  1.34474083  1.19856834
2    0.90679928  1.34474083  0.00000000  0.22061925
4    0.70183108  1.19856834  0.22061925  0.00000000

--------------------------------------------------------------------------------
n=4
(result of R-step: (2,3:1)0.21759491)
V=[0, 2, 3, 4]
total successes of this branch: 0
Matrix on 4 elements:

0    0.00000000  1.30169305  0.58392784  1.31732764
2    1.30169305  0.00000000  0.38264729  0.30941350
3    0.58392784  0.38264729  0.00000000  0.39172634
4    1.31732764  0.30941350  0.39172634  0.00000000
reason of abort: no pseudometric

--------------------------------------------------------------------------------
n=4
(result of R-step: (3,4:1)0.70315623)
V=[0, 2, 3, 4]
total successes of this branch: 0
Matrix on 4 elements:

0    0.00000000  1.36759732  0.56365945  1.04800453
2    1.36759732  0.00000000  0.42828317  0.10599466
3    0.56365945  0.42828317  0.00000000  0.10213485
4    1.04800453  0.10599466  0.10213485  0.00000000
reason of abort: no pseudometric
