n=8
V=[0, 1, 2, 3, 4, 5, 6, 7]
total successes of this branch: 1
Matrix on 8 elements:

0    0.00000000  1.98372761  1.78709718  1.86075719  1.85733355  1.98122618  1.85870569  1.96794352
1    1.98372761  0.00000000  1.77986157  1.49447781  1.50774216  0.31169849  1.50242602  0.44210923
2    1.78709718  1.77986157  0.00000000  1.30343263  1.26417869  1.77017016  1.27991106  1.71870867
3    1.86075719  1.49447781  1.30343263  0.00000000  0.49813434  1.46991840  0.40972128  1.33280354
4    1.85733355  1.50774216  1.26417869  0.49813434  0.00000000  1.48720495  0.36594733  1.37815212
5    1.98122618  0.31169849  1.77017016  1.46991840  1.48720495  0.00000000  1.48027677  0.36344995
6    1.85870569  1.50242602  1.27991106  0.40972128  0.36594733  1.48027677  0.00000000  1.36223960
7    1.96794352  0.44210923  1.71870867  1.33280354  1.37815212  0.36344995  1.36223960  0.00000000

--------------------------------------------------------------------------------
n=7
(result of R-step: (3,5:7)0.11025788)
V=[0, 1, 2, 3, 4, 5, 6]
total successes of this branch: 1
Matrix on 7 elements:

0    0.00000000  1.98372761  1.78709718  1.74758965  1.85733355  1.86805863  1.85870569
1    1.98372761  0.00000000  1.77986157  1.38131027  1.50774216  0.19853095  1.50242602
2    1.78709718  1.77986157  0.00000000  1.19026509  1.26417869  1.65700261  1.27991106
3    1.74758965  1.38131027  1.19026509  0.00000000  0.38496679  1.24358331  0.29655374
4    1.85733355  1.50774216  1.26417869  0.38496679  0.00000000  1.37403740  0.36594733
5    1.86805863  0.19853095  1.65700261  1.24358331  1.37403740  0.00000000  1.36710923
6    1.85870569  1.50242602  1.27991106  0.29655374  0.36594733  1.36710923  0.00000000

--------------------------------------------------------------------------------
n=6
(result of R-step: (3,4:6)0.40078436)
V=[0, 1, 2, 3, 4, 5]
total successes of this branch: 1
Matrix on 6 elements:

0    0.00000000  1.98372761  1.78709718  1.72199006  1.71856641  1.86805863
1    1.98372761  0.00000000  1.77986157  1.35571068  1.36897503  0.19853095
2    1.78709718  1.77986157  0.00000000  1.16466550  1.12541156  1.65700261
3    1.72199006  1.35571068  1.16466550  0.00000000  0.22060007  1.21798372
4    1.71856641  1.36897503  1.12541156  0.22060007  0.00000000  1.23527027
5    1.86805863  0.19853095  1.65700261  1.21798372  1.23527027  0.00000000

--------------------------------------------------------------------------------
n=5
(result of R-step: (1,3:5)0.97965823)
V=[0, 1, 2, 3, 4]
total successes of this branch: 1
Matrix on 5 elements:

0    0.00000000  1.84015807  1.78709718  1.71718765  1.71856641
1    1.84015807  0.00000000  1.63629203  1.20733873  1.22540549
2    1.78709718  1.63629203  0.00000000  1.15986309  1.12541156
3    1.71718765  1.20733873  1.15986309  0.00000000  0.21579766
4    1.71856641  1.22540549  1.12541156  0.21579766  0.00000000

--------------------------------------------------------------------------------
n=4
(result of R-step: (1,2:0)0.68224415)
V=[1, 2, 3, 4]
total successes of this branch: 1
Matrix on 4 elements:

1    0.00000000  0.82400907  0.62449597  0.64256273
2    0.82400907  0.00000000  0.93042289  0.89597136
3    0.62449597  0.93042289  0.00000000  0.21579766
4    0.64256273  0.89597136  0.21579766  0.00000000

--------------------------------------------------------------------------------
n=4
(result of R-step: (3,4:0)0.89365132)
V=[1, 2, 3, 4]
total successes of this branch: 0
reason of abort: negative delta/dxy
