n=8
V=[0, 1, 2, 3, 4, 5, 6, 7]
total successes of this branch: 1
Matrix on 8 elements:

0    0.00000000  2.79673999  2.36632530  1.75590608  2.40432385  2.57766330  2.77911911  0.81568254
1    2.79673999  0.00000000  2.39142664  2.67670894  1.48832384  1.29604837  0.35950617  2.42843742
2    2.36632530  2.39142664  0.00000000  2.10949457  2.38563526  2.38819345  2.39116659  2.37176081
3    1.75590608  2.67670894  2.10949457  0.00000000  2.46426124  2.55810439  2.66716928  1.95529908
4    2.40432385  1.48832384  2.38563526  2.46426124  0.00000000  1.24531468  1.46877801  1.78195151
5    2.57766330  1.29604837  2.38819345  2.55810439  1.24531468  0.00000000  1.21413116  2.20262404
6    2.77911911  0.35950617  2.39116659  2.66716928  1.46877801  1.21413116  0.00000000  2.41027469
7    0.81568254  2.42843742  2.37176081  1.95529908  1.78195151  2.20262404  2.41027469  0.00000000

--------------------------------------------------------------------------------
n=7
(result of R-step: (0,4:7)0.71851267)
V=[0, 1, 2, 3, 4, 5, 6]
total successes of this branch: 1
Matrix on 7 elements:

0    0.00000000  2.70008489  2.26967020  1.65925098  2.21101366  2.48100820  2.68246401
1    2.70008489  0.00000000  2.39142664  2.67670894  1.39166874  1.29604837  0.35950617
2    2.26967020  2.39142664  0.00000000  2.10949457  2.28898016  2.38819345  2.39116659
3    1.65925098  2.67670894  2.10949457  0.00000000  2.36760614  2.55810439  2.66716928
4    2.21101366  1.39166874  2.28898016  2.36760614  0.00000000  1.14865958  1.37212291
5    2.48100820  1.29604837  2.38819345  2.55810439  1.14865958  0.00000000  1.21413116
6    2.68246401  0.35950617  2.39116659  2.66716928  1.37212291  1.21413116  0.00000000

--------------------------------------------------------------------------------
n=6
(result of R-step: (0,2:3)0.53451392)
V=[0, 1, 2, 4, 5, 6]
total successes of this branch: 1
Matrix on 6 elements:

0    0.00000000  2.24878614  0.98480830  1.75971490  2.02970945  2.23116526
1    2.24878614  0.00000000  1.55786350  1.39166874  1.29604837  0.35950617
2    0.98480830  1.55786350  0.00000000  1.45541702  1.55463030  1.55760344
4    1.75971490  1.39166874  1.45541702  0.00000000  1.14865958  1.37212291
5    2.02970945  1.29604837  1.55463030  1.14865958  0.00000000  1.21413116
6    2.23116526  0.35950617  1.55760344  1.37212291  1.21413116  0.00000000

--------------------------------------------------------------------------------
n=5
(result of R-step: (1,5:6)0.91956753)
V=[0, 1, 2, 4, 5]
total successes of this branch: 1
Matrix on 5 elements:

0    0.00000000  2.10999166  0.98480830  1.75971490  1.89091497
1    2.10999166  0.00000000  1.41906902  1.25287426  1.01845941
2    0.98480830  1.41906902  0.00000000  1.45541702  1.41583583
4    1.75971490  1.25287426  1.45541702  0.00000000  1.00986511
5    1.89091497  1.01845941  1.41583583  1.00986511  0.00000000

--------------------------------------------------------------------------------
n=4
(result of R-step: (0,5:4)0.12796454)
V=[0, 1, 2, 5]
total successes of this branch: 1
Matrix on 4 elements:

0    0.00000000  2.04734709  0.92216374  1.44230123
1    2.04734709  0.00000000  1.41906902  0.63249024
2    0.92216374  1.41906902  0.00000000  1.02986665
5    1.44230123  0.63249024  1.02986665  0.00000000

--------------------------------------------------------------------------------
n=4
(result of R-step: (1,2:4)0.77558684)
V=[0, 1, 2, 5]
total successes of this branch: 0
reason of abort: negative delta/dxy

--------------------------------------------------------------------------------
n=4
(result of R-step: (2,5:4)0.27979671)
V=[0, 1, 2, 5]
total successes of this branch: 0
Matrix on 4 elements:

0    0.00000000  2.10999166  0.42475562  1.54976594
1    2.10999166  0.00000000  0.85901633  0.67731039
2    0.42475562  0.85901633  0.00000000  0.51463411
5    1.54976594  0.67731039  0.51463411  0.00000000
reason of abort: no pseudometric
