n=8
V=[0, 1, 2, 3, 4, 5, 6, 7]
total successes of this branch: 1
Matrix on 8 elements:

0    0.00000000  1.80144833  1.76236641  1.75894785  1.77738330  1.76973324  1.75954292  1.02719661
1    1.80144833  0.00000000  1.77179484  1.77210488  1.61894202  1.69680991  1.77205091  1.78614488
2    1.76236641  1.77179484  0.00000000  1.43881941  1.52684362  1.37420269  1.22886373  1.59362735
3    1.75894785  1.77210488  1.43881941  0.00000000  1.56688152  1.50164277  0.44262773  0.96134658
4    1.77738330  1.61894202  1.52684362  1.56688152  0.00000000  1.37985403  1.55991207  1.66760057
5    1.76973324  1.69680991  1.37420269  1.50164277  1.37985403  0.00000000  1.47945911  1.62991636
6    1.75954292  1.77205091  1.22886373  0.44262773  1.55991207  1.47945911  0.00000000  1.07273381
7    1.02719661  1.78614488  1.59362735  0.96134658  1.66760057  1.62991636  1.07273381  0.00000000

--------------------------------------------------------------------------------
n=7
(result of R-step: (0,3:7)0.47847127)
V=[0, 1, 2, 3, 4, 5, 6]
total successes of this branch: 1
Matrix on 7 elements:

0    0.00000000  1.68665066  1.64756874  1.52935251  1.66258563  1.65493557  1.64474525
1    1.68665066  0.00000000  1.77179484  1.65730721  1.61894202  1.69680991  1.77205091
2    1.64756874  1.77179484  0.00000000  1.32402174  1.52684362  1.37420269  1.22886373
3    1.52935251  1.65730721  1.32402174  0.00000000  1.45208385  1.38684510  0.32783006
4    1.66258563  1.61894202  1.52684362  1.45208385  0.00000000  1.37985403  1.55991207
5    1.65493557  1.69680991  1.37420269  1.38684510  1.37985403  0.00000000  1.47945911
6    1.64474525  1.77205091  1.22886373  0.32783006  1.55991207  1.47945911  0.00000000

--------------------------------------------------------------------------------
n=6
(result of R-step: (2,3:6)0.17407133)
V=[0, 1, 2, 3, 4, 5]
total successes of this branch: 1
Matrix on 6 elements:

0    0.00000000  1.68665066  1.53123271  1.52781415  1.66258563  1.65493557
1    1.68665066  0.00000000  1.65545881  1.65576885  1.61894202  1.69680991
2    1.53123271  1.65545881  0.00000000  1.20614735  1.41050759  1.25786666
3    1.52781415  1.65576885  1.20614735  0.00000000  1.45054549  1.38530674
4    1.66258563  1.61894202  1.41050759  1.45054549  0.00000000  1.37985403
5    1.65493557  1.69680991  1.25786666  1.38530674  1.37985403  0.00000000

--------------------------------------------------------------------------------
n=5
(result of R-step: (1,3:0)0.40241795)
V=[1, 2, 3, 4, 5]
total successes of this branch: 1
Matrix on 5 elements:

1    0.00000000  0.96846342  0.36866450  0.93194662  1.00981452
2    0.96846342  0.00000000  0.60603839  1.41050759  1.25786666
3    0.36866450  0.60603839  0.00000000  0.85043653  0.78519778
4    0.93194662  1.41050759  0.85043653  0.00000000  1.37985403
5    1.00981452  1.25786666  0.78519778  1.37985403  0.00000000

--------------------------------------------------------------------------------
n=4
(result of R-step: (1,2:5)0.86991788)
V=[1, 2, 3, 4]
total successes of this branch: 0
Matrix on 4 elements:

1    0.00000000  0.56786067  0.08232738  0.64560950
2    0.56786067  0.00000000  0.49177276  1.29624195
3    0.08232738  0.49177276  0.00000000  0.85043653
4    0.64560950  1.29624195  0.85043653  0.00000000
reason of abort: no pseudometric

--------------------------------------------------------------------------------
n=4
(result of R-step: (1,3:5)0.43575743)
V=[1, 2, 3, 4]
total successes of this branch: 0
reason of abort: negative delta/dxy

--------------------------------------------------------------------------------
n=4
(result of R-step: (2,4:5)0.50943052)
V=[1, 2, 3, 4]
total successes of this branch: 1
Matrix on 4 elements:

1    0.00000000  0.47119290  0.36866450  0.31834007
2    0.47119290  0.00000000  0.10876787  0.29963051
3    0.36866450  0.10876787  0.00000000  0.23682998
4    0.31834007  0.29963051  0.23682998  0.00000000

--------------------------------------------------------------------------------
n=4
(result of R-step: (3,4:5)0.95572626)
V=[1, 2, 3, 4]
total successes of this branch: 0
reason of abort: negative delta/dxy
