n=8
V=[0, 1, 2, 3, 4, 5, 6, 7]
total successes of this branch: 1
Matrix on 8 elements:

0    0.00000000  2.61370022  2.24324926  1.83182311  2.40522884  1.99089415  2.12598680  1.94597170
1    2.61370022  0.00000000  2.36633167  2.58909702  1.61018553  2.50296852  2.42982304  2.52729163
2    2.24324926  2.36633167  0.00000000  2.19780952  1.39315456  1.59122130  1.02712852  1.76252482
3    1.83182311  2.58909702  2.19780952  0.00000000  2.36889987  1.23549960  1.75065065  0.96850590
4    2.40522884  1.61018553  1.39315456  2.36889987  0.00000000  1.99164427  1.67125621  2.09818313
5    1.99089415  2.50296852  1.59122130  1.23549960  1.99164427  0.00000000  1.10158028  0.55706480
6    2.12598680  2.42982304  1.02712852  1.75065065  1.67125621  1.10158028  0.00000000  1.28488098
7    1.94597170  2.52729163  1.76252482  0.96850590  2.09818313  0.55706480  1.28488098  0.00000000

--------------------------------------------------------------------------------
n=7
(result of R-step: (3,5:7)0.28240497)
V=[0, 1, 2, 3, 4, 5, 6]
total successes of this branch: 1
Matrix on 7 elements:

0    0.00000000  2.61370022  2.24324926  1.68678757  2.40522884  1.84585860  2.12598680
1    2.61370022  0.00000000  2.36633167  2.44406147  1.61018553  2.35793297  2.42982304
2    2.24324926  2.36633167  0.00000000  2.05277397  1.39315456  1.44618575  1.02712852
3    1.68678757  2.44406147  2.05277397  0.00000000  2.22386433  0.94542851  1.60561511
4    2.40522884  1.61018553  1.39315456  2.22386433  0.00000000  1.84660872  1.67125621
5    1.84585860  2.35793297  1.44618575  0.94542851  1.84660872  0.00000000  0.95654473
6    2.12598680  2.42982304  1.02712852  1.60561511  1.67125621  0.95654473  0.00000000

--------------------------------------------------------------------------------
n=6
(result of R-step: (2,5:6)0.53532759)
V=[0, 1, 2, 3, 4, 5]
total successes of this branch: 1
Matrix on 6 elements:

0    0.00000000  2.61370022  1.97450551  1.68678757  2.40522884  1.72215040
1    2.61370022  0.00000000  2.09758791  2.44406147  1.61018553  2.23422477
2    1.97450551  2.09758791  0.00000000  1.78403022  1.12441081  1.05373379
3    1.68678757  2.44406147  1.78403022  0.00000000  2.22386433  0.82172031
4    2.40522884  1.61018553  1.12441081  2.22386433  0.00000000  1.72290052
5    1.72215040  2.23422477  1.05373379  0.82172031  1.72290052  0.00000000

--------------------------------------------------------------------------------
n=5
(result of R-step: (2,3:5)0.38663327)
V=[0, 1, 2, 3, 4]
total successes of this branch: 1
Matrix on 5 elements:

0    0.00000000  2.61370022  1.92879357  1.51736742  2.40522884
1    2.61370022  0.00000000  2.05187597  2.27464132  1.61018553
2    1.92879357  2.05187597  0.00000000  1.56889813  1.07869887
3    1.51736742  2.27464132  1.56889813  0.00000000  2.05444418
4    2.40522884  1.61018553  1.07869887  2.05444418  0.00000000

--------------------------------------------------------------------------------
n=4
(result of R-step: (0,1:2)0.11225575)
V=[0, 1, 3, 4]
total successes of this branch: 0
Matrix on 4 elements:

0    0.00000000  0.25264866  0.49634591  1.38420734
1    0.25264866  0.00000000  0.93461128  0.27015548
3    0.49634591  0.93461128  0.00000000  2.05444418
4    1.38420734  0.27015548  2.05444418  0.00000000
reason of abort: no pseudometric

--------------------------------------------------------------------------------
n=4
(result of R-step: (0,2:3)0.98466630)
V=[0, 1, 2, 4]
total successes of this branch: 1
Matrix on 4 elements:

0    0.00000000  1.69042503  1.00146986  1.48195366
1    1.69042503  0.00000000  2.04782745  1.61018553
2    1.00146986  2.04782745  0.00000000  1.07465035
4    1.48195366  1.61018553  1.07465035  0.00000000

--------------------------------------------------------------------------------
n=4
(result of R-step: (0,4:2)0.60187047)
V=[0, 1, 3, 4]
total successes of this branch: 0
reason of abort: negative delta/dxy

--------------------------------------------------------------------------------
n=4
(result of R-step: (1,3:2)0.90041488)
V=[0, 1, 3, 4]
total successes of this branch: 0
Matrix on 4 elements:

0    0.00000000  1.28037943  1.03282990  2.40522884
1    1.28037943  0.00000000  0.45678301  0.27686474
3    1.03282990  0.45678301  0.00000000  1.56990666
4    2.40522884  0.27686474  1.56990666  0.00000000
reason of abort: no pseudometric

--------------------------------------------------------------------------------
n=4
(result of R-step: (3,4:2)0.59145496)
V=[0, 1, 3, 4]
total successes of this branch: 0
reason of abort: negative delta/dxy
