n=8
V=[0, 1, 2, 3, 4, 5, 6, 7]
total successes of this branch: 2
Matrix on 8 elements:

0    0.00000000  1.08907730  1.08220812  1.08557334  0.79065175  1.08757241  0.63950135  0.60380402
1    1.08907730  0.00000000  1.05570227  0.86164015  1.07842270  0.74090696  1.08859028  1.08865940
2    1.08220812  1.05570227  0.00000000  0.85363917  0.94548461  0.96891978  1.07595845  1.07684545
3    1.08557334  0.86164015  0.85363917  0.00000000  1.01153098  0.77075299  1.08218884  1.08266919
4    0.79065175  1.07842270  0.94548461  1.01153098  0.00000000  1.04969390  0.78341168  0.78443924
5    1.08757241  0.74090696  0.96891978  0.77075299  1.04969390  0.00000000  1.08584098  1.08608671
6    0.63950135  1.08859028  1.07595845  1.08218884  0.78341168  1.08584098  0.00000000  0.42367920
7    0.60380402  1.08865940  1.07684545  1.08266919  0.78443924  1.08608671  0.42367920  0.00000000

--------------------------------------------------------------------------------
n=7
(result of R-step: (0,6:7)0.14192669)
V=[0, 1, 2, 3, 4, 5, 6]
total successes of this branch: 2
Matrix on 7 elements:

0    0.00000000  0.89508637  0.88821719  0.89158241  0.59666082  0.89358148  0.25151948
1    0.89508637  0.00000000  1.05570227  0.86164015  1.07842270  0.74090696  0.89459934
2    0.88821719  1.05570227  0.00000000  0.85363917  0.94548461  0.96891978  0.88196752
3    0.89158241  0.86164015  0.85363917  0.00000000  1.01153098  0.77075299  0.88819791
4    0.59666082  1.07842270  0.94548461  1.01153098  0.00000000  1.04969390  0.58942074
5    0.89358148  0.74090696  0.96891978  0.77075299  1.04969390  0.00000000  0.89185004
6    0.25151948  0.89459934  0.88196752  0.88819791  0.58942074  0.89185004  0.00000000

--------------------------------------------------------------------------------
n=6
(result of R-step: (1,3:5)0.57051787)
V=[0, 1, 2, 3, 4, 6]
total successes of this branch: 2
Matrix on 6 elements:

0    0.00000000  0.57007647  0.88821719  0.56657251  0.59666082  0.25151948
1    0.57007647  0.00000000  0.73069237  0.21162035  0.75341280  0.56958945
2    0.88821719  0.73069237  0.00000000  0.52862927  0.94548461  0.88196752
3    0.56657251  0.21162035  0.52862927  0.00000000  0.68652108  0.56318801
4    0.59666082  0.75341280  0.94548461  0.68652108  0.00000000  0.58942074
6    0.25151948  0.56958945  0.88196752  0.56318801  0.58942074  0.00000000

--------------------------------------------------------------------------------
n=5
(result of R-step: (1,2:3)0.49719753)
V=[0, 1, 2, 4, 6]
total successes of this branch: 2
Matrix on 5 elements:

0    0.00000000  0.56234079  0.56125307  0.59666082  0.25151948
1    0.56234079  0.00000000  0.39599257  0.74567712  0.56185376
2    0.56125307  0.39599257  0.00000000  0.61852049  0.55500340
4    0.59666082  0.74567712  0.61852049  0.00000000  0.58942074
6    0.25151948  0.56185376  0.55500340  0.58942074  0.00000000

--------------------------------------------------------------------------------
n=4
(result of R-step: (0,1:4)0.40993078)
V=[0, 1, 2, 6]
total successes of this branch: 0
Matrix on 4 elements:

0    0.00000000  0.12273505  0.42701300  0.11727941
1    0.12273505  0.00000000  0.09062690  0.25648809
2    0.42701300  0.09062690  0.00000000  0.55500340
6    0.11727941  0.25648809  0.55500340  0.00000000
reason of abort: no pseudometric

--------------------------------------------------------------------------------
n=4
(result of R-step: (0,2:1)0.42718718)
V=[0, 2, 4, 6]
total successes of this branch: 1
Matrix on 4 elements:

0    0.00000000  0.42188466  0.47452111  0.12937978
2    0.42188466  0.00000000  0.60129178  0.53777469
4    0.47452111  0.60129178  0.00000000  0.58942074
6    0.12937978  0.53777469  0.58942074  0.00000000

--------------------------------------------------------------------------------
n=4
(result of R-step: (0,2:4)0.67102095)
V=[0, 1, 2, 6]
total successes of this branch: 0
Matrix on 4 elements:

0    0.00000000  0.43271823  0.42578438  0.12189692
1    0.43271823  0.00000000  0.39014643  0.56185376
2    0.42578438  0.39014643  0.00000000  0.54915727
6    0.12189692  0.56185376  0.54915727  0.00000000
reason of abort: no pseudometric

--------------------------------------------------------------------------------
n=4
(result of R-step: (1,6:4)0.59941461)
V=[0, 1, 2, 6]
total successes of this branch: 0
Matrix on 4 elements:

0    0.00000000  0.26056619  0.56125307  0.13443223
1    0.26056619  0.00000000  0.09421797  0.14299191
2    0.56125307  0.09421797  0.00000000  0.43791615
6    0.13443223  0.14299191  0.43791615  0.00000000
reason of abort: no pseudometric

--------------------------------------------------------------------------------
n=4
(result of R-step: (2,6:1)0.55077082)
V=[0, 2, 4, 6]
total successes of this branch: 0
Matrix on 4 elements:

0    0.00000000  0.55540694  0.59666082  0.12247065
2    0.55540694  0.00000000  0.61267436  0.42010843
4    0.59666082  0.61267436  0.00000000  0.46037191
6    0.12247065  0.42010843  0.46037191  0.00000000
reason of abort: no pseudometric

--------------------------------------------------------------------------------
n=4
(result of R-step: (2,6:4)0.33919207)
V=[0, 1, 2, 6]
total successes of this branch: 1
Matrix on 4 elements:

0    0.00000000  0.56234079  0.54402436  0.12963396
1    0.56234079  0.00000000  0.37876386  0.43996824
2    0.54402436  0.37876386  0.00000000  0.41588917
6    0.12963396  0.43996824  0.41588917  0.00000000
