n=8
V=[0, 1, 2, 3, 4, 5, 6, 7]
total successes of this branch: 1
Matrix on 8 elements:

0    0.00000000  2.78477085  2.78281389  2.69847782  2.34097509  1.84061836  0.81659644  2.71148223
1    2.78477085  0.00000000  2.44310329  2.47999772  2.37894662  2.66708266  2.75668049  2.47430869
2    2.78281389  2.44310329  0.00000000  2.08614036  2.62054983  2.51379331  2.71860280  1.79409877
3    2.69847782  2.47999772  2.08614036  0.00000000  2.59411997  2.15883031  2.56967223  0.48423575
4    2.34097509  2.37894662  2.62054983  2.59411997  0.00000000  2.43872702  2.36430698  2.59819538
5    1.84061836  2.66708266  2.51379331  2.15883031  2.43872702  0.00000000  1.51957091  2.21356469
6    0.81659644  2.75668049  2.71860280  2.56967223  2.36430698  1.51957091  0.00000000  2.59263694
7    2.71148223  2.47430869  1.79409877  0.48423575  2.59819538  2.21356469  2.59263694  0.00000000

--------------------------------------------------------------------------------
n=7
(result of R-step: (0,5:6)0.76131532)
V=[0, 1, 2, 3, 4, 5, 7]
total successes of this branch: 1
Matrix on 7 elements:

0    0.00000000  2.53699636  2.53503940  2.45070333  2.09320060  1.34506937  2.46370773
1    2.53699636  0.00000000  2.44310329  2.47999772  2.37894662  2.41930817  2.47430869
2    2.53503940  2.44310329  0.00000000  2.08614036  2.62054983  2.26601882  1.79409877
3    2.45070333  2.47999772  2.08614036  0.00000000  2.59411997  1.91105582  0.48423575
4    2.09320060  2.37894662  2.62054983  2.59411997  0.00000000  2.19095253  2.59819538
5    1.34506937  2.41930817  2.26601882  1.91105582  2.19095253  0.00000000  1.96579019
7    2.46370773  2.47430869  1.79409877  0.48423575  2.59819538  1.96579019  0.00000000

--------------------------------------------------------------------------------
n=6
(result of R-step: (2,3:7)0.15419740)
V=[0, 1, 2, 3, 4, 5]
total successes of this branch: 1
Matrix on 6 elements:

0    0.00000000  2.53699636  2.43894232  2.35460625  2.09320060  1.34506937
1    2.53699636  0.00000000  2.34700621  2.38390064  2.37894662  2.41930817
2    2.43894232  2.34700621  0.00000000  1.89394620  2.52445275  2.16992174
3    2.35460625  2.38390064  1.89394620  0.00000000  2.49802289  1.81495874
4    2.09320060  2.37894662  2.52445275  2.49802289  0.00000000  2.19095253
5    1.34506937  2.41930817  2.16992174  1.81495874  2.19095253  0.00000000

--------------------------------------------------------------------------------
n=5
(result of R-step: (0,3:5)0.61384986)
V=[0, 1, 2, 3, 4]
total successes of this branch: 1
Matrix on 5 elements:

0    0.00000000  2.13428543  2.03623139  1.39750697  1.69048967
1    2.13428543  0.00000000  2.34700621  1.82951229  2.37894662
2    2.03623139  2.34700621  0.00000000  1.33955785  2.52445275
3    1.39750697  1.82951229  1.33955785  0.00000000  1.94363454
4    1.69048967  2.37894662  2.52445275  1.94363454  0.00000000

--------------------------------------------------------------------------------
n=4
(result of R-step: (2,4:0)0.52691358)
V=[1, 2, 3, 4]
total successes of this branch: 0
Matrix on 4 elements:

1    0.00000000  1.33186970  1.82951229  1.75733441
2    1.33186970  0.00000000  0.32442134  0.88770403
3    1.82951229  0.32442134  0.00000000  1.32202234
4    1.75733441  0.88770403  1.32202234  0.00000000
reason of abort: no pseudometric

--------------------------------------------------------------------------------
n=4
(result of R-step: (3,4:0)0.38328133)
V=[1, 2, 3, 4]
total successes of this branch: 1
Matrix on 4 elements:

1    0.00000000  2.34700621  1.52568255  1.58473999
2    2.34700621  0.00000000  1.03572811  1.73024612
3    1.52568255  1.03572811  0.00000000  0.84559818
4    1.58473999  1.73024612  0.84559818  0.00000000
