n=8
V=[0, 1, 2, 3, 4, 5, 6, 7]
total successes of this branch: 1
Matrix on 8 elements:

0    0.00000000  2.15373543  1.89253989  1.96066605  1.50133122  1.51568768  1.54841988  1.93864414
1    2.15373543  0.00000000  1.86419457  1.76208853  2.07006541  1.92532691  2.04528533  1.79509451
2    1.89253989  1.86419457  0.00000000  1.57482632  1.73354488  1.88506771  1.63802040  1.26178994
3    1.96066605  1.76208853  1.57482632  0.00000000  1.84916809  1.90831858  1.81614635  0.91946516
4    1.50133122  2.07006541  1.73354488  1.84916809  0.00000000  1.65125654  1.03546009  1.81179266
5    1.51568768  1.92532691  1.88506771  1.90831858  1.65125654  0.00000000  1.67939972  1.90080269
6    1.54841988  2.04528533  1.63802040  1.81614635  1.03546009  1.67939972  0.00000000  1.75856680
7    1.93864414  1.79509451  1.26178994  0.91946516  1.81179266  1.90080269  1.75856680  0.00000000

--------------------------------------------------------------------------------
n=7
(result of R-step: (0,1:5)0.73638771)
V=[0, 1, 2, 3, 4, 6, 7]
total successes of this branch: 1
Matrix on 7 elements:

0    0.00000000  0.86645627  1.24890030  1.31702647  0.85769164  0.90478030  1.29500455
1    0.86645627  0.00000000  1.22055498  1.11844895  1.42642583  1.40164575  1.15145492
2    1.24890030  1.22055498  0.00000000  1.57482632  1.73354488  1.63802040  1.26178994
3    1.31702647  1.11844895  1.57482632  0.00000000  1.84916809  1.81614635  0.91946516
4    0.85769164  1.42642583  1.73354488  1.84916809  0.00000000  1.03546009  1.81179266
6    0.90478030  1.40164575  1.63802040  1.81614635  1.03546009  0.00000000  1.75856680
7    1.29500455  1.15145492  1.26178994  0.91946516  1.81179266  1.75856680  0.00000000

--------------------------------------------------------------------------------
n=6
(result of R-step: (2,3:7)0.32325194)
V=[0, 1, 2, 3, 4, 6]
total successes of this branch: 1
Matrix on 6 elements:

0    0.00000000  0.86645627  0.94568592  1.01381208  0.85769164  0.90478030
1    0.86645627  0.00000000  0.91734060  0.81523457  1.42642583  1.40164575
2    0.94568592  0.91734060  0.00000000  0.96839755  1.43033049  1.33480602
3    1.01381208  0.81523457  0.96839755  0.00000000  1.54595370  1.51293197
4    0.85769164  1.42642583  1.43033049  1.54595370  0.00000000  1.03546009
6    0.90478030  1.40164575  1.33480602  1.51293197  1.03546009  0.00000000

--------------------------------------------------------------------------------
n=5
(result of R-step: (0,3:1)0.10287863)
V=[0, 2, 3, 4, 6]
total successes of this branch: 1
Matrix on 5 elements:

0    0.00000000  0.91815740  0.56289861  0.83016311  0.87725178
2    0.91815740  0.00000000  0.54501260  1.43033049  1.33480602
3    0.56289861  0.54501260  0.00000000  1.12256875  1.08954701
4    0.83016311  1.43033049  1.12256875  0.00000000  1.03546009
6    0.87725178  1.33480602  1.08954701  1.03546009  0.00000000

--------------------------------------------------------------------------------
n=4
(result of R-step: (2,4:6)0.12036714)
V=[0, 2, 3, 4]
total successes of this branch: 1
Matrix on 4 elements:

0    0.00000000  0.75140397  0.56289861  0.36019531
2    0.75140397  0.00000000  0.37825918  0.79360926
3    0.56289861  0.37825918  0.00000000  0.65260094
4    0.36019531  0.79360926  0.65260094  0.00000000

--------------------------------------------------------------------------------
n=4
(result of R-step: (3,4:6)0.23074567)
V=[0, 2, 3, 4]
total successes of this branch: 0
Matrix on 4 elements:

0    0.00000000  0.91815740  0.30883674  0.39618868
2    0.91815740  0.00000000  0.29095074  0.99635606
3    0.30883674  0.29095074  0.00000000  0.43453245
4    0.39618868  0.99635606  0.43453245  0.00000000
reason of abort: no pseudometric
