n=8
V=[0, 1, 2, 3, 4, 5, 6, 7]
total successes of this branch: 1
Matrix on 8 elements:

0    0.00000000  1.72219113  1.39520530  1.51336186  0.85365452  1.65307135  1.60357181  1.60223662
1    1.72219113  0.00000000  1.30360444  1.13038462  1.65483952  0.83652170  0.82709381  0.83014724
2    1.39520530  1.30360444  0.00000000  1.32749663  1.38749960  1.31151244  1.03233546  1.02592214
3    1.51336186  1.13038462  1.32749663  0.00000000  1.42864085  0.98499907  1.20189015  1.20269502
4    0.85365452  1.65483952  1.38749960  1.42864085  0.00000000  1.57997069  1.55785770  1.55676606
5    1.65307135  0.83652170  1.31151244  0.98499907  1.57997069  0.00000000  1.00883217  1.01077171
6    1.60357181  0.82709381  1.03233546  1.20189015  1.55785770  1.00883217  0.00000000  0.03790229
7    1.60223662  0.83014724  1.02592214  1.20269502  1.55676606  1.01077171  0.03790229  0.00000000

--------------------------------------------------------------------------------
n=7
(result of R-step: (2,6:7)0.00640789)
V=[0, 1, 2, 3, 4, 5, 6]
total successes of this branch: 1
Matrix on 7 elements:

0    0.00000000  1.72219113  1.37946082  1.51336186  0.85365452  1.65307135  1.58782732
1    1.72219113  0.00000000  1.28785995  1.13038462  1.65483952  0.83652170  0.81134932
2    1.37946082  1.28785995  0.00000000  1.31175214  1.37175511  1.29576795  1.00084648
3    1.51336186  1.13038462  1.31175214  0.00000000  1.42864085  0.98499907  1.18614566
4    0.85365452  1.65483952  1.37175511  1.42864085  0.00000000  1.57997069  1.54211321
5    1.65307135  0.83652170  1.29576795  0.98499907  1.57997069  0.00000000  0.99308768
6    1.58782732  0.81134932  1.00084648  1.18614566  1.54211321  0.99308768  0.00000000

--------------------------------------------------------------------------------
n=6
(result of R-step: (1,2:6)0.63723405)
V=[0, 1, 2, 3, 4, 5]
total successes of this branch: 1
Matrix on 6 elements:

0    0.00000000  1.44427872  1.11729289  1.51336186  0.85365452  1.65307135
1    1.44427872  0.00000000  0.74777960  0.85247220  1.37692711  0.55860928
2    1.11729289  0.74777960  0.00000000  1.04958421  1.10958718  1.03360002
3    1.51336186  0.85247220  1.04958421  0.00000000  1.42864085  0.98499907
4    0.85365452  1.37692711  1.10958718  1.42864085  0.00000000  1.57997069
5    1.65307135  0.55860928  1.03360002  0.98499907  1.57997069  0.00000000

--------------------------------------------------------------------------------
n=5
(result of R-step: (1,3:5)0.66901296)
V=[0, 1, 2, 3, 4]
total successes of this branch: 1
Matrix on 5 elements:

0    0.00000000  1.37662306  1.11729289  1.16779379  0.85365452
1    1.37662306  0.00000000  0.68012395  0.43924848  1.30927145
2    1.11729289  0.68012395  0.00000000  0.70401614  1.10958718
3    1.16779379  0.43924848  0.70401614  0.00000000  1.08307278
4    0.85365452  1.30927145  1.10958718  1.08307278  0.00000000

--------------------------------------------------------------------------------
n=4
(result of R-step: (0,1:2)0.39221985)
V=[0, 1, 3, 4]
total successes of this branch: 1
Matrix on 4 elements:

0    0.00000000  0.85956944  0.78332704  0.46918777
1    0.85956944  0.00000000  0.30666161  1.17668458
3    0.78332704  0.30666161  0.00000000  1.08307278
4    0.46918777  1.17668458  1.08307278  0.00000000

--------------------------------------------------------------------------------
n=4
(result of R-step: (0,3:2)0.18371819)
V=[0, 1, 3, 4]
total successes of this branch: 0
Matrix on 4 elements:

0    0.00000000  1.11703703  0.65044846  0.59406850
1    1.11703703  0.00000000  0.18148917  1.30927145
3    0.65044846  0.18148917  0.00000000  0.82531347
4    0.59406850  1.30927145  0.82531347  0.00000000
reason of abort: no pseudometric

--------------------------------------------------------------------------------
n=4
(result of R-step: (1,4:2)0.55082186)
V=[0, 1, 3, 4]
total successes of this branch: 0
Matrix on 4 elements:

0    0.00000000  1.27091559  1.16779379  0.39410858
1    1.27091559  0.00000000  0.33354100  0.74401804
3    1.16779379  0.33354100  0.00000000  0.62352684
4    0.39410858  0.74401804  0.62352684  0.00000000
reason of abort: no pseudometric

--------------------------------------------------------------------------------
n=4
(result of R-step: (3,4:2)0.75393881)
V=[0, 1, 3, 4]
total successes of this branch: 0
Matrix on 4 elements:

0    0.00000000  1.37662306  0.89541268  0.31269152
1    1.37662306  0.00000000  0.16686737  0.76830845
3    0.89541268  0.16686737  0.00000000  0.26972867
4    0.31269152  0.76830845  0.26972867  0.00000000
reason of abort: no pseudometric
