n=8
V=[0, 1, 2, 3, 4, 5, 6, 7]
total successes of this branch: 1
Matrix on 8 elements:

0    0.00000000  2.71451082  2.70828159  2.71297474  2.71399094  2.71348466  2.71395733  2.71398803
1    2.71451082  0.00000000  2.60612068  2.12047413  1.98472255  2.05235507  1.98921221  1.98511186
2    2.70828159  2.60612068  0.00000000  2.44716728  2.55232359  2.49993388  2.54884580  2.55202203
3    2.71297474  2.12047413  2.44716728  0.00000000  2.05102477  1.68309260  2.02660027  2.04890687
4    2.71399094  1.98472255  2.55232359  2.05102477  0.00000000  1.68044572  0.62682929  0.12091799
5    2.71348466  2.05235507  2.49993388  1.68309260  1.68044572  0.00000000  1.60553021  1.67394964
6    2.71395733  1.98921221  2.54884580  2.02660027  0.62682929  1.60553021  0.00000000  0.57879558
7    2.71398803  1.98511186  2.55202203  2.04890687  0.12091799  1.67394964  0.57879558  0.00000000

--------------------------------------------------------------------------------
n=7
(result of R-step: (4,6:7)0.91328793)
V=[0, 1, 2, 3, 4, 5, 6]
total successes of this branch: 1
Matrix on 7 elements:

0    0.00000000  2.71451082  2.70828159  2.71297474  2.67754881  2.71348466  2.67751520
1    2.71451082  0.00000000  2.60612068  2.12047413  1.94828042  2.05235507  1.95277008
2    2.70828159  2.60612068  0.00000000  2.44716728  2.51588146  2.49993388  2.51240366
3    2.71297474  2.12047413  2.44716728  0.00000000  2.01458263  1.68309260  1.99015813
4    2.67754881  1.94828042  2.51588146  2.01458263  0.00000000  1.64400359  0.55394502
5    2.71348466  2.05235507  2.49993388  1.68309260  1.64400359  0.00000000  1.56908808
6    2.67751520  1.95277008  2.51240366  1.99015813  0.55394502  1.56908808  0.00000000

--------------------------------------------------------------------------------
n=6
(result of R-step: (4,5:6)0.93361684)
V=[0, 1, 2, 3, 4, 5]
total successes of this branch: 1
Matrix on 6 elements:

0    0.00000000  2.71451082  2.70828159  2.71297474  2.43803405  2.43752777
1    2.71451082  0.00000000  2.60612068  2.12047413  1.70876566  1.77639818
2    2.70828159  2.60612068  0.00000000  2.44716728  2.27636670  2.22397699
3    2.71297474  2.12047413  2.44716728  0.00000000  1.77506787  1.40713571
4    2.43803405  1.70876566  2.27636670  1.77506787  0.00000000  1.12853194
5    2.43752777  1.77639818  2.22397699  1.40713571  1.12853194  0.00000000

--------------------------------------------------------------------------------
n=5
(result of R-step: (3,4:5)0.49820797)
V=[0, 1, 2, 3, 4]
total successes of this branch: 1
Matrix on 5 elements:

0    0.00000000  2.71451082  2.70828159  2.05671796  2.05773416
1    2.71451082  0.00000000  2.60612068  1.46421736  1.32846577
2    2.70828159  2.60612068  0.00000000  1.79091050  1.89606681
3    2.05671796  1.46421736  1.79091050  0.00000000  0.73851121
4    2.05773416  1.32846577  1.89606681  0.73851121  0.00000000

--------------------------------------------------------------------------------
n=4
(result of R-step: (0,4:1)0.03093386)
V=[0, 2, 3, 4]
total successes of this branch: 1
Matrix on 4 elements:

0    0.00000000  2.13445428  1.48289065  1.18470994
2    2.13445428  0.00000000  1.79091050  1.59686990
3    1.48289065  1.79091050  0.00000000  0.43931430
4    1.18470994  1.59686990  0.43931430  0.00000000

--------------------------------------------------------------------------------
n=4
(result of R-step: (2,4:1)0.17152960)
V=[0, 2, 3, 4]
total successes of this branch: 0
Matrix on 4 elements:

0    0.00000000  1.27967414  2.05671796  1.78129358
2    1.27967414  0.00000000  0.36230305  0.19101879
3    2.05671796  0.36230305  0.00000000  0.46207063
4    1.78129358  0.19101879  0.46207063  0.00000000
reason of abort: no pseudometric
