n=8
V=[0, 1, 2, 3, 4, 5, 6, 7]
total successes of this branch: 2
Matrix on 8 elements:

0    0.00000000  1.46877764  1.30685412  1.35745701  1.06329609  0.66941751  0.50431449  0.63191532
1    1.46877764  0.00000000  1.42642583  1.25732868  1.45577674  1.46423014  1.46580920  1.46458881
2    1.30685412  1.42642583  0.00000000  1.38518651  1.19897088  1.26911833  1.28222163  1.27209467
3    1.35745701  1.25732868  1.38518651  0.00000000  1.36596924  1.36043445  1.35940057  1.36019961
4    1.06329609  1.45577674  1.19897088  1.36596924  0.00000000  0.85140925  0.92498441  0.86812142
5    0.66941751  1.46423014  1.26911833  1.36043445  0.85140925  0.00000000  0.35904538  0.18779639
6    0.50431449  1.46580920  1.28222163  1.35940057  0.92498441  0.35904538  0.00000000  0.30871488
7    0.63191532  1.46458881  1.27209467  1.36019961  0.86812142  0.18779639  0.30871488  0.00000000

--------------------------------------------------------------------------------
n=7
(result of R-step: (5,6:7)0.77285580)
V=[0, 1, 2, 3, 4, 5, 6]
total successes of this branch: 2
Matrix on 7 elements:

0    0.00000000  1.46877764  1.30685412  1.35745701  1.06329609  0.60068456  0.43558154
1    1.46877764  0.00000000  1.42642583  1.25732868  1.45577674  1.39549719  1.39707626
2    1.30685412  1.42642583  0.00000000  1.38518651  1.19897088  1.20038538  1.21348868
3    1.35745701  1.25732868  1.38518651  0.00000000  1.36596924  1.29170150  1.29066762
4    1.06329609  1.45577674  1.19897088  1.36596924  0.00000000  0.78267631  0.85625146
5    0.60068456  1.39549719  1.20038538  1.29170150  0.78267631  0.00000000  0.22157948
6    0.43558154  1.39707626  1.21348868  1.29066762  0.85625146  0.22157948  0.00000000

--------------------------------------------------------------------------------
n=6
(result of R-step: (0,5:6)0.34723796)
V=[0, 1, 2, 3, 4, 5]
total successes of this branch: 2
Matrix on 6 elements:

0    0.00000000  1.37180646  1.20988295  1.26048583  0.96632491  0.47547515
1    1.37180646  0.00000000  1.42642583  1.25732868  1.45577674  1.36725896
2    1.20988295  1.42642583  0.00000000  1.38518651  1.19897088  1.17214715
3    1.26048583  1.25732868  1.38518651  0.00000000  1.36596924  1.26346327
4    0.96632491  1.45577674  1.19897088  1.36596924  0.00000000  0.75443808
5    0.47547515  1.36725896  1.17214715  1.26346327  0.75443808  0.00000000

--------------------------------------------------------------------------------
n=5
(result of R-step: (0,4:5)0.65021636)
V=[0, 1, 2, 3, 4]
total successes of this branch: 2
Matrix on 5 elements:

0    0.00000000  1.24001230  1.07808879  1.12869167  0.60576541
1    1.24001230  0.00000000  1.42642583  1.25732868  1.22701141
2    1.07808879  1.42642583  0.00000000  1.38518651  0.97020554
3    1.12869167  1.25732868  1.38518651  0.00000000  1.13720390
4    0.60576541  1.22701141  0.97020554  1.13720390  0.00000000

--------------------------------------------------------------------------------
n=4
(result of R-step: (0,1:3)0.17796481)
V=[0, 1, 2, 4]
total successes of this branch: 1
Matrix on 4 elements:

0    0.00000000  0.37315503  0.82914770  0.35682433
1    0.37315503  0.00000000  0.80850964  0.60909522
2    0.82914770  0.80850964  0.00000000  0.97020554
4    0.35682433  0.60909522  0.97020554  0.00000000

--------------------------------------------------------------------------------
n=4
(result of R-step: (0,2:4)0.69302626)
V=[0, 1, 2, 3]
total successes of this branch: 1
Matrix on 4 elements:

0    0.00000000  0.99107122  0.35144128  0.87975059
1    0.99107122  0.00000000  0.94871940  1.25732868
2    0.35144128  0.94871940  0.00000000  0.90748009
3    0.87975059  1.25732868  0.90748009  0.00000000

--------------------------------------------------------------------------------
n=4
(result of R-step: (1,4:3)0.60634360)
V=[0, 1, 2, 4]
total successes of this branch: 0
Matrix on 4 elements:

0    0.00000000  0.71559590  1.07808879  0.28205841
1    0.71559590  0.00000000  0.90200942  0.37888800
2    1.07808879  0.90200942  0.00000000  0.64649854
4    0.28205841  0.37888800  0.64649854  0.00000000
reason of abort: no pseudometric
