n=8
V=[0, 1, 2, 3, 4, 5, 6, 7]
total successes of this branch: 1
Matrix on 8 elements:

0    0.00000000  2.20126776  1.92115267  1.59464097  0.76726286  1.14396312  0.83577176  1.05913723
1    2.20126776  0.00000000  2.04972255  2.17790065  2.19582041  2.18766165  2.19433661  2.18949885
2    1.92115267  2.04972255  0.00000000  1.86162898  1.90727650  1.88649346  1.90349678  1.89117341
3    1.59464097  2.17790065  1.86162898  0.00000000  1.34313027  0.84093050  1.25179729  0.95401654
4    0.76726286  2.19582041  1.90727650  1.34313027  0.00000000  0.74230692  0.31526615  0.62476920
5    1.14396312  2.18766165  1.88649346  0.84093050  0.74230692  0.00000000  0.64737858  0.23467056
6    0.83577176  2.19433661  1.90349678  1.25179729  0.31526615  0.64737858  0.00000000  0.49064745
7    1.05913723  2.18949885  1.89117341  0.95401654  0.62476920  0.23467056  0.49064745  0.00000000

--------------------------------------------------------------------------------
n=7
(result of R-step: (0,2:1)0.03176053)
V=[0, 2, 3, 4, 5, 6, 7]
total successes of this branch: 1
Matrix on 7 elements:

0    0.00000000  0.80400861  1.33676489  0.50938678  0.88608704  0.57789568  0.80126116
2    0.80400861  0.00000000  1.00236099  1.04800851  1.02722547  1.04422879  1.03190542
3    1.33676489  1.00236099  0.00000000  1.34313027  0.84093050  1.25179729  0.95401654
4    0.50938678  1.04800851  1.34313027  0.00000000  0.74230692  0.31526615  0.62476920
5    0.88608704  1.02722547  0.84093050  0.74230692  0.00000000  0.64737858  0.23467056
6    0.57789568  1.04422879  1.25179729  0.31526615  0.64737858  0.00000000  0.49064745
7    0.80126116  1.03190542  0.95401654  0.62476920  0.23467056  0.49064745  0.00000000

--------------------------------------------------------------------------------
n=6
(result of R-step: (0,3:2)0.54774913)
V=[0, 3, 4, 5, 6, 7]
total successes of this branch: 1
Matrix on 6 elements:

0    0.00000000  1.18211974  0.47479521  0.85149547  0.54330411  0.76666959
3    1.18211974  0.00000000  1.22307669  0.72087692  1.13174371  0.83396296
4    0.47479521  1.22307669  0.00000000  0.74230692  0.31526615  0.62476920
5    0.85149547  0.72087692  0.74230692  0.00000000  0.64737858  0.23467056
6    0.54330411  1.13174371  0.31526615  0.64737858  0.00000000  0.49064745
7    0.76666959  0.83396296  0.62476920  0.23467056  0.49064745  0.00000000

--------------------------------------------------------------------------------
n=5
(result of R-step: (5,6:7)0.72476229)
V=[0, 3, 4, 5, 6]
total successes of this branch: 1
Matrix on 5 elements:

0    0.00000000  1.18211974  0.47479521  0.81252575  0.50433440
3    1.18211974  0.00000000  1.22307669  0.68190721  1.09277400
4    0.47479521  1.22307669  0.00000000  0.70333721  0.27629644
5    0.81252575  0.68190721  0.70333721  0.00000000  0.56943915
6    0.50433440  1.09277400  0.27629644  0.56943915  0.00000000

--------------------------------------------------------------------------------
n=4
(result of R-step: (0,3:6)0.94926859)
V=[0, 3, 4, 5]
total successes of this branch: 0
reason of abort: negative delta/dxy

--------------------------------------------------------------------------------
n=4
(result of R-step: (3,4:6)0.22426927)
V=[0, 3, 4, 5]
total successes of this branch: 0
Matrix on 4 elements:

0    0.00000000  0.57328065  0.39030075  0.81252575
3    0.57328065  0.00000000  0.52974315  0.07306812
4    0.39030075  0.52974315  0.00000000  0.61884275
5    0.81252575  0.07306812  0.61884275  0.00000000
reason of abort: no pseudometric

--------------------------------------------------------------------------------
n=4
(result of R-step: (4,5:6)0.81813417)
V=[0, 3, 4, 5]
total successes of this branch: 1
Matrix on 4 elements:

0    0.00000000  1.18211974  0.36462630  0.74132656
3    1.18211974  0.00000000  1.11290778  0.61070802
4    0.36462630  1.11290778  0.00000000  0.52196911
5    0.74132656  0.61070802  0.52196911  0.00000000
